 # ix iy layer isite phi
       0       0       0  -0.183211166809E+01
       1       0       0  -0.193465805936E+01
       2       0       0  -0.137612430083E+01
       3       0       0  -0.504088270859E+00
       4       0       0   0.187875382821E+00
       5       0       0   0.732375817489E+00
       6       0       0  -0.114725148712E+01
       7       0       0  -0.121569187167E+01
       8       0       0  -0.583401925783E+00
       9       0       0  -0.105458801597E+01
       0       1       0  -0.609533940068E+00
       1       1       0  -0.737716228752E+00
       2       1       0  -0.123616121958E+01
       3       1       0  -0.105359871252E+01
       4       1       0  -0.177728674822E+01
       5       1       0  -0.113463658700E+01
       6       1       0  -0.917483491035E+00
       7       1       0  -0.131363964925E+01
       8       1       0  -0.419359106648E+00
       9       1       0  -0.127363760246E+01
       0       2       0  -0.291022985989E+00
       1       2       0   0.732874756435E+00
       2       2       0  -0.124421962662E+01
       3       2       0  -0.174546456717E+01
       4       2       0   0.913198088932E-01
       5       2       0   0.580136844780E+00
       6       2       0  -0.441408724523E-01
       7       2       0   0.870808373974E+00
       8       2       0   0.113691085025E+01
       9       2       0  -0.107239243126E+01
       0       3       0  -0.613955982844E-01
       1       3       0  -0.580571631356E+00
       2       3       0  -0.929456279701E-02
       3       3       0  -0.535567161991E+00
       4       3       0  -0.947306331648E+00
       5       3       0   0.686076990026E+00
       6       3       0   0.345645376072E+00
       7       3       0   0.148140117319E+01
       8       3       0   0.105328206106E+01
       9       3       0   0.836227715299E+00
       0       4       0   0.161427753883E+00
       1       4       0  -0.124782935027E+01
       2       4       0  -0.877675803459E+00
       3       4       0   0.952314448000E+00
       4       4       0   0.137682843600E+01
       5       4       0   0.847374864974E+00
       6       4       0   0.177375728200E+01
       7       4       0   0.190311032182E+01
       8       4       0   0.179879288581E+01
       9       4       0   0.156371209808E+01
       0       5       0   0.906114239342E+00
       1       5       0   0.334151914101E+00
       2       5       0   0.155191406988E+01
       3       5       0   0.146201548872E+01
       4       5       0   0.169317855075E+01
       5       5       0   0.140104739613E+01
       6       5       0   0.180861539760E+01
       7       5       0   0.146005991695E+01
       8       5       0   0.789203405208E+00
       9       5       0   0.157502073943E+01
       0       6       0   0.195916589274E+01
       1       6       0   0.187417266385E+01
       2       6       0   0.185683374782E+01
       3       6       0   0.169021376907E+01
       4       6       0   0.141236058295E+01
       5       6       0   0.104913160684E+01
       6       6       0   0.107277020810E+01
       7       6       0   0.550976277279E+00
       8       6       0  -0.398672638485E+00
       9       6       0   0.188995929378E+01
       0       7       0   0.773464319060E+00
       1       7       0   0.125484485911E+01
       2       7       0   0.156055379545E+01
       3       7       0   0.116998681312E+01
       4       7       0   0.147856895561E+01
       5       7       0   0.594221344129E+00
       6       7       0   0.176809369398E+01
       7       7       0   0.150758888196E+01
       8       7       0   0.148327687880E+01
       9       7       0   0.543807032511E+00
       0       8       0   0.122908458059E+01
       1       8       0   0.151017246002E+01
       2       8       0   0.147674243789E+01
       3       8       0   0.163902711006E+01
       4       8       0   0.120624346233E+01
       5       8       0   0.974173978866E+00
       6       8       0   0.846608866413E+00
       7       8       0   0.882157404881E+00
       8       8       0  -0.425938995756E+00
       9       8       0  -0.713569439834E+00
       0       9       0   0.131180628095E+01
       1       9       0   0.137373948945E+01
       2       9       0   0.700593623476E+00
       3       9       0   0.109300309031E+01
       4       9       0   0.184265883719E+01
       5       9       0   0.195059761268E+01
       6       9       0   0.135333010534E+01
       7       9       0   0.110342494506E+01
       8       9       0  -0.120899823162E+00
       9       9       0  -0.736430217956E-01
       0       0       1  -0.176231845001E+01
       1       0       1  -0.196517833032E+01
       2       0       1  -0.164782480818E+01
       3       0       1  -0.266707374493E+00
       4       0       1   0.232513753601E+00
       5       0       1   0.486687681434E+00
       6       0       1  -0.104229087094E+01
       7       0       1  -0.193985973659E+01
       8       0       1  -0.176606298241E+01
       9       0       1  -0.139918437324E+01
       0       1       1  -0.148860425070E+01
       1       1       1  -0.130864452527E+01
       2       1       1  -0.102334825594E+01
       3       1       1  -0.167886487736E+01
       4       1       1  -0.119040739166E+01
       5       1       1  -0.685637834753E+00
       6       1       1  -0.944958492309E+00
       7       1       1  -0.200639805982E+00
       8       1       1  -0.430434105679E+00
       9       1       1  -0.877109666931E+00
       0       2       1  -0.123085113478E+01
       1       2       1  -0.118218389341E+01
       2       2       1  -0.122325383629E+01
       3       2       1  -0.135498706917E+01
       4       2       1  -0.148899530775E+01
       5       2       1  -0.134965190528E+01
       6       2       1  -0.140676820156E+01
       7       2       1   0.933269499299E+00
       8       2       1   0.136983766764E+01
       9       2       1   0.608856567443E+00
       0       3       1  -0.209733705691E+00
       1       3       1   0.666229245794E+00
       2       3       1   0.983331815406E+00
       3       3       1   0.613875983420E+00
       4       3       1  -0.153231654578E+01
       5       3       1  -0.616094870860E+00
       6       3       1  -0.913125658284E+00
       7       3       1   0.116411824748E+01
       8       3       1   0.399185436146E+00
       9       3       1   0.156133717262E+01
       0       4       1  -0.803215426647E+00
       1       4       1   0.613170152418E-01
       2       4       1   0.391910161669E+00
       3       4       1   0.183866100266E+01
       4       4       1   0.172046479657E+01
       5       4       1   0.155627879214E+01
       6       4       1   0.157896192170E+01
       7       4       1   0.195929501956E+01
       8       4       1   0.419559592833E+00
       9       4       1   0.898699605532E+00
       0       5       1   0.153126647265E+01
       1       5       1   0.185061517810E+01
       2       5       1   0.507645180968E+00
       3       5       1   0.173086819421E+01
       4       5       1   0.110410568624E+01
       5       5       1   0.160904476474E+01
       6       5       1   0.189791695384E+01
       7       5       1   0.118297169417E+01
       8       5       1   0.637765403347E+00
       9       5       1   0.148319255997E+01
       0       6       1   0.157478362339E+01
       1       6       1   0.188625234909E+01
       2       6       1   0.145451531918E+01
       3       6       1   0.169880012038E+01
       4       6       1   0.109269781642E+01
       5       6       1   0.186892424564E+01
       6       6       1   0.172636629794E+01
       7       6       1   0.144684649034E+01
       8       6       1   0.453016246718E+00
       9       6       1   0.951244184056E+00
       0       7       1   0.181024526693E+01
       1       7       1   0.167125163415E+01
       2       7       1   0.156523589672E+01
       3       7       1   0.985074499437E+00
       4       7       1   0.147251479753E+01
       5       7       1   0.169215726550E+01
       6       7       1   0.139871875761E+01
       7       7       1   0.128610890359E+01
       8       7       1   0.138444985864E+01
       9       7       1   0.647366241893E+00
       0       8       1  -0.119108729676E+01
       1       8       1  -0.191606219079E+01
       2       8       1  -0.113702336563E+01
       3       8       1   0.615922229345E+00
       4       8       1  -0.495005237428E+00
       5       8       1  -0.233948439000E-01
       6       8       1   0.170809264477E+01
       7       8       1   0.190215160878E+01
       8       8       1   0.186646271326E+01
       9       8       1   0.152724841008E+01
       0       9       1  -0.131706493667E+01
       1       9       1  -0.144976028807E+01
       2       9       1  -0.182707132786E+01
       3       9       1  -0.178162385016E+01
       4       9       1  -0.556188353068E+00
       5       9       1  -0.147069354023E+01
       6       9       1  -0.752024547386E+00
       7       9       1   0.557394018884E+00
       8       9       1   0.747963774987E+00
       9       9       1   0.172543501653E+00
       0       0       2   0.982503398945E+00
       1       0       2   0.131718053566E+01
       2       0       2   0.138402097866E+01
       3       0       2   0.117456726920E+01
       4       0       2   0.135543042576E+01
       5       0       2   0.106382435654E+01
       6       0       2   0.160688121409E+01
       7       0       2   0.161727775777E+01
       8       0       2   0.185381954700E+01
       9       0       2   0.135454808253E+01
       0       1       2   0.139405502798E+01
       1       1       2   0.182107779923E+01
       2       1       2   0.171148226487E+01
       3       1       2   0.107419033484E+01
       4       1       2   0.166707844332E+01
       5       1       2   0.191571634379E+01
       6       1       2   0.887667373818E+00
       7       1       2   0.184514876472E+01
       8       1       2   0.197063338574E+01
       9       1       2   0.158412505226E+01
       0       2       2  -0.971895705403E+00
       1       2       2   0.762854912660E+00
       2       2       2   0.141280236231E+01
       3       2       2   0.935748630558E+00
       4       2       2  -0.301690822285E+00
       5       2       2   0.173763858385E+01
       6       2       2   0.198213040770E+01
       7       2       2   0.187624665102E+01
       8       2       2   0.149459958876E+01
       9       2       2   0.175655675492E+01
       0       3       2   0.425017683747E+00
       1       3       2  -0.761446444140E+00
       2       3       2  -0.627027025640E+00
       3       3       2   0.100630488612E-01
       4       3       2   0.823811000032E+00
       5       3       2   0.179509331377E+01
       6       3       2   0.188785388339E+01
       7       3       2   0.148724959386E+01
       8       3       2   0.187231692412E+01
       9       3       2   0.166319954570E+01
       0       4       2  -0.126591170800E+01
       1       4       2  -0.598893840561E+00
       2       4       2   0.645249691854E+00
       3       4       2   0.134772443332E+01
       4       4       2   0.160014749101E+01
       5       4       2   0.182380937871E+01
       6       4       2   0.183090271940E+01
       7       4       2   0.173344591654E+01
       8       4       2   0.192270606818E+01
       9       4       2   0.145618037610E+01
       0       5       2  -0.193253015763E+01
       1       5       2  -0.989827284184E+00
       2       5       2   0.122105251099E+01
       3       5       2   0.176544769222E+01
       4       5       2   0.133359865599E+01
       5       5       2   0.196250043001E+01
       6       5       2   0.651965158766E+00
       7       5       2   0.163334554906E+01
       8       5       2   0.176324653087E+01
       9       5       2   0.846587602783E+00
       0       6       2  -0.163918526562E+01
       1       6       2  -0.879249509554E+00
       2       6       2   0.149604660049E+01
       3       6       2   0.135152003195E+01
       4       6       2   0.191646912836E+01
       5       6       2   0.996259508436E+00
       6       6       2   0.171569174579E+01
       7       6       2   0.143269894209E+01
       8       6       2   0.895857359547E+00
       9       6       2   0.475359636772E+00
       0       7       2  -0.185672537414E+01
       1       7       2  -0.992452392524E+00
       2       7       2   0.143516880835E+01
       3       7       2   0.391504737547E+00
       4       7       2   0.101674266450E+01
       5       7       2   0.184964521797E+01
       6       7       2   0.196059040930E+01
       7       7       2   0.147542281561E+01
       8       7       2   0.626745095931E+00
       9       7       2   0.145262949112E+01
       0       8       2  -0.180100978890E+01
       1       8       2  -0.172963664143E+01
       2       8       2  -0.457445427292E+00
       3       8       2   0.139279226017E+01
       4       8       2   0.134352028395E+01
       5       8       2   0.578763483663E+00
       6       8       2   0.145095311079E+01
       7       8       2   0.167235529444E+01
       8       8       2   0.872371083687E+00
       9       8       2   0.168701878543E+01
       0       9       2  -0.108731071917E+01
       1       9       2  -0.985440295991E+00
       2       9       2  -0.172088876337E+01
       3       9       2  -0.952953353808E+00
       4       9       2   0.104740044241E+00
       5       9       2  -0.113246040306E+01
       6       9       2   0.896194119930E+00
       7       9       2   0.569685088295E+00
       8       9       2   0.689200175015E+00
       9       9       2   0.753794420094E+00
       0       0       3   0.103448823185E+01
       1       0       3   0.149672850762E+01
       2       0       3   0.174205442700E+01
       3       0       3   0.500029023111E+00
       4       0       3   0.368704891352E+00
       5       0       3   0.881432648132E+00
       6       0       3   0.127337504806E+01
       7       0       3   0.184418553704E+01
       8       0       3   0.703600091943E+00
       9       0       3   0.171440942497E+01
       0       1       3  -0.772535411759E+00
       1       1       3   0.114260694880E+01
       2       1       3   0.177646183919E+01
       3       1       3   0.190789135741E+01
       4       1       3   0.179452382733E+01
       5       1       3   0.169941044621E+01
       6       1       3   0.177713880294E+01
       7       1       3   0.194771839149E+01
       8       1       3   0.146152250543E+01
       9       1       3   0.179895353652E+01
       0       2       3   0.249404517662E+00
       1       2       3   0.105798253303E+01
       2       2       3   0.186932837447E+01
       3       2       3   0.125938461848E+01
       4       2       3   0.115495804948E+01
       5       2       3   0.172479962756E+01
       6       2       3   0.181458532156E+01
       7       2       3   0.196936406563E+01
       8       2       3   0.191976240083E+01
       9       2       3   0.183614156687E+01
       0       3       3   0.200810568340E+00
       1       3       3   0.107873206587E+01
       2       3       3   0.622677386321E+00
       3       3       3  -0.487669331259E+00
       4       3       3   0.154758418318E+01
       5       3       3   0.185965643590E+01
       6       3       3   0.189246749009E+01
       7       3       3   0.191878883456E+01
       8       3       3   0.199079081802E+01
       9       3       3   0.194228721911E+01
       0       4       3  -0.344128661246E+00
       1       4       3  -0.208513379853E+00
       2       4       3   0.197293732828E+00
       3       4       3   0.757432103385E-01
       4       4       3   0.107458441223E+01
       5       4       3   0.147422499513E+01
       6       4       3   0.123535803851E+01
       7       4       3   0.188078465332E+01
       8       4       3   0.199093231508E+01
       9       4       3   0.198705297786E+01
       0       5       3  -0.935867456258E+00
       1       5       3  -0.909111171651E+00
       2       5       3  -0.938184200246E+00
       3       5       3   0.475021844203E+00
       4       5       3   0.159906630345E+01
       5       5       3   0.181169141039E+01
       6       5       3   0.136733296219E+01
       7       5       3   0.108080426038E+01
       8       5       3   0.173224281665E+01
       9       5       3   0.154436317555E+01
       0       6       3  -0.150446364280E+01
       1       6       3  -0.125389551483E+01
       2       6       3  -0.123211049809E+01
       3       6       3  -0.219415539523E+00
       4       6       3   0.171415375314E+01
       5       6       3   0.186247008164E+01
       6       6       3   0.124254620231E+01
       7       6       3   0.177100272627E+01
       8       6       3   0.133437332481E+01
       9       6       3   0.156692837142E+01
       0       7       3  -0.131012075205E+01
       1       7       3  -0.171848721601E+01
       2       7       3  -0.633871901521E+00
       3       7       3  -0.137920666485E+00
       4       7       3   0.134259572237E+01
       5       7       3   0.801348454262E+00
       6       7       3   0.161029051574E+01
       7       7       3   0.101085332318E+01
       8       7       3   0.122542915465E+01
       9       7       3   0.684802701326E+00
       0       8       3  -0.166465716451E+01
       1       8       3  -0.175762979926E+01
       2       8       3  -0.116089800130E+01
       3       8       3   0.955626165608E-01
       4       8       3   0.696493412313E+00
       5       8       3   0.124415669162E+01
       6       8       3   0.455042595816E+00
       7       8       3   0.174589365698E+01
       8       8       3   0.899435828509E+00
       9       8       3   0.179144680813E+01
       0       9       3  -0.963003695667E+00
       1       9       3  -0.191961174828E+01
       2       9       3  -0.132112284880E+01
       3       9       3   0.896626183125E+00
       4       9       3  -0.740159360887E+00
       5       9       3  -0.745382263401E+00
       6       9       3  -0.992803796377E+00
       7       9       3   0.109573302905E+01
       8       9       3   0.368084611790E+00
       9       9       3  -0.260944259543E+00
       0       0       4  -0.109369532703E+01
       1       0       4  -0.132943813812E+00
       2       0       4   0.120291405192E+01
       3       0       4   0.286230986341E+00
       4       0       4   0.306123774344E+00
       5       0       4  -0.390481459781E+00
       6       0       4   0.164702388818E+01
       7       0       4   0.170562508339E+01
       8       0       4   0.828471810138E-01
       9       0       4   0.512368496923E+00
       0       1       4  -0.980678705784E-01
       1       1       4   0.593913324881E+00
       2       1       4   0.127328154069E+01
       3       1       4   0.101592239571E+01
       4       1       4   0.137589002918E+01
       5       1       4   0.145274509024E+01
       6       1       4   0.183402358556E+01
       7       1       4   0.171646222144E+01
       8       1       4   0.131015300821E+01
       9       1       4   0.974137323458E+00
       0       2       4   0.104477963394E+01
       1       2       4   0.152348705783E+01
       2       2       4   0.113090955869E+01
       3       2       4  -0.149761981853E+00
       4       2       4   0.822343102442E+00
       5       2       4   0.150718848585E+01
       6       2       4   0.184714515889E+01
       7       2       4   0.187114101413E+01
       8       2       4   0.185868910183E+01
       9       2       4   0.554205609124E+00
       0       3       4  -0.984296306268E+00
       1       3       4   0.190880791947E+00
       2       3       4  -0.359732730982E+00
       3       3       4   0.653306756195E+00
       4       3       4   0.346703846525E+00
       5       3       4   0.172919966161E+01
       6       3       4   0.191441084729E+01
       7       3       4   0.187629928363E+01
       8       3       4   0.194751488442E+01
       9       3       4   0.171882604810E+01
       0       4       4  -0.107391206433E+01
       1       4       4  -0.748435035794E+00
       2       4       4  -0.152729039664E+01
       3       4       4  -0.150221930093E+01
       4       4       4   0.693886705147E+00
       5       4       4   0.159693086896E+01
       6       4       4   0.182818779260E+01
       7       4       4   0.116296640037E+01
       8       4       4   0.196611675789E+01
       9       4       4   0.193502911492E+01
       0       5       4   0.579277665686E+00
       1       5       4  -0.128178397773E+00
       2       5       4  -0.521024483866E+00
       3       5       4  -0.119941364779E+01
       4       5       4  -0.994475253004E+00
       5       5       4  -0.896252024043E+00
       6       5       4  -0.188282351080E+01
       7       5       4  -0.179465448603E+01
       8       5       4  -0.911230367502E+00
       9       5       4  -0.133290236332E+01
       0       6       4   0.703487094819E-01
       1       6       4   0.100314243915E+01
       2       6       4   0.127036761731E+00
       3       6       4  -0.893966899073E+00
       4       6       4   0.446181106341E+00
       5       6       4  -0.130089853087E+01
       6       6       4  -0.197883065748E+01
       7       6       4  -0.182087215959E+01
       8       6       4  -0.140241891159E+01
       9       6       4  -0.915156570694E+00
       0       7       4   0.736350388229E-01
       1       7       4   0.977122967820E+00
       2       7       4   0.802676644689E+00
       3       7       4  -0.127200218590E+01
       4       7       4  -0.505655170811E-01
       5       7       4  -0.100574892793E+01
       6       7       4  -0.195603273242E+01
       7       7       4  -0.162622507518E+01
       8       7       4  -0.197285003406E+01
       9       7       4  -0.199036935715E+01
       0       8       4   0.130333194789E+01
       1       8       4  -0.147765064260E+00
       2       8       4  -0.263331071812E-01
       3       8       4  -0.289286156160E+00
       4       8       4  -0.142712287676E+01
       5       8       4  -0.168778112695E+01
       6       8       4  -0.173745402249E+01
       7       8       4  -0.188618785304E+01
       8       8       4  -0.169902021041E+01
       9       8       4  -0.147925906793E+01
       0       9       4   0.410662947991E-03
       1       9       4  -0.385218568482E+00
       2       9       4   0.273156362366E+00
       3       9       4   0.559494981751E+00
       4       9       4  -0.415813039226E+00
       5       9       4  -0.175109954195E+01
       6       9       4  -0.172430108870E+01
       7       9       4  -0.166315482050E+01
       8       9       4  -0.153486069715E+01
       9       9       4  -0.104475125054E+01
       0       0       5   0.191501130143E+01
       1       0       5   0.147515111621E+01
       2       0       5   0.581933232922E+00
       3       0       5   0.383780817555E+00
       4       0       5   0.112061068135E+01
       5       0       5   0.132262542262E+01
       6       0       5   0.116630358940E+01
       7       0       5   0.149295537511E+01
       8       0       5   0.116802689147E+01
       9       0       5   0.197055595026E+01
       0       1       5   0.174743850401E+01
       1       1       5   0.149443065373E+01
       2       1       5   0.177095382257E+01
       3       1       5   0.600235511517E+00
       4       1       5   0.659234917160E+00
       5       1       5   0.188541921706E+01
       6       1       5   0.163260022417E+01
       7       1       5   0.753690887727E+00
       8       1       5   0.919921329085E+00
       9       1       5   0.188324345481E+01
       0       2       5   0.168165952103E+01
       1       2       5   0.168618736289E+01
       2       2       5   0.160008381758E+01
       3       2       5   0.570171985520E+00
       4       2       5   0.201035514900E+00
       5       2       5   0.112833331731E+01
       6       2       5   0.168563225459E+01
       7       2       5   0.122622774465E+01
       8       2       5   0.192733719292E+01
       9       2       5   0.130506421399E+01
       0       3       5   0.133260517748E+01
       1       3       5   0.198473840929E+01
       2       3       5   0.180209414711E+01
       3       3       5   0.122200627444E+01
       4       3       5   0.588098947787E+00
       5       3       5   0.120554989697E+01
       6       3       5   0.347699296154E+00
       7       3       5   0.205819640300E+00
       8       3       5  -0.334861028750E+00
       9       3       5   0.159993819290E+01
       0       4       5   0.156083024980E+01
       1       4       5   0.110741315942E+01
       2       4       5   0.152991013506E+01
       3       4       5   0.142762934536E+01
       4       4       5   0.130809306729E+01
       5       4       5   0.361737521561E+00
       6       4       5   0.129818590586E+00
       7       4       5  -0.946963755809E-01
       8       4       5  -0.118031621974E+01
       9       4       5  -0.335147711279E+00
       0       5       5   0.252502156053E+00
       1       5       5  -0.510312329221E+00
       2       5       5  -0.122071452732E+01
       3       5       5  -0.171278569689E+00
       4       5       5  -0.878027126780E+00
       5       5       5  -0.114554971087E+01
       6       5       5  -0.172597262262E+01
       7       5       5  -0.186651029845E+01
       8       5       5  -0.117462201545E+01
       9       5       5  -0.772011100620E+00
       0       6       5   0.832451488732E+00
       1       6       5   0.139915915271E+01
       2       6       5   0.191659788344E+00
       3       6       5  -0.126710531045E+00
       4       6       5  -0.347144262465E+00
       5       6       5  -0.462158867192E+00
       6       6       5  -0.161784878123E+01
       7       6       5  -0.105299798500E+01
       8       6       5  -0.179697326717E+01
       9       6       5  -0.156151059989E+01
       0       7       5   0.131990499428E+01
       1       7       5   0.162436528422E+01
       2       7       5   0.906464151273E+00
       3       7       5   0.228863348079E+00
       4       7       5   0.556516030652E+00
       5       7       5  -0.162679033970E+01
       6       7       5  -0.174303244870E+01
       7       7       5  -0.181022276686E+01
       8       7       5  -0.190523497309E+01
       9       7       5  -0.151836641102E+01
       0       8       5   0.166318706377E+01
       1       8       5   0.166512516835E+01
       2       8       5   0.164903162174E+01
       3       8       5   0.681347914361E+00
       4       8       5   0.419182367652E-01
       5       8       5  -0.525952793346E+00
       6       8       5  -0.498596067434E+00
       7       8       5  -0.711683344884E+00
       8       8       5  -0.185638101318E+01
       9       8       5  -0.146681870839E+01
       0       9       5  -0.549344741823E+00
       1       9       5   0.134175003514E+00
       2       9       5   0.134736411426E+01
       3       9       5   0.755645428221E+00
       4       9       5   0.257169745206E-01
       5       9       5   0.941916979307E-01
       6       9       5  -0.123853139117E+00
       7       9       5   0.547964995237E+00
       8       9       5  -0.442127882585E+00
       9       9       5  -0.373081507967E+00
       0       0       6   0.168796899097E+01
       1       0       6   0.735098481579E+00
       2       0       6   0.938758041545E-02
       3       0       6  -0.693457290237E+00
       4       0       6   0.504409925510E+00
       5       0       6   0.639900825513E+00
       6       0       6   0.167146992923E+01
       7       0       6   0.193346488665E+01
       8       0       6   0.184563694643E+01
       9       0       6   0.198187621418E+01
       0       1       6   0.197102639707E+01
       1       1       6   0.115617528217E+01
       2       1       6   0.158743948160E+01
       3       1       6   0.149409008866E+01
       4       1       6   0.142784854159E+01
       5       1       6   0.139420345198E+01
       6       1       6  -0.674796323932E-01
       7       1       6   0.570426062968E+00
       8       1       6   0.158195566440E+01
       9       1       6   0.162703709775E+01
       0       2       6   0.190362031806E+01
       1       2       6   0.176274027915E+01
       2       2       6   0.810652383790E+00
       3       2       6   0.137972743156E+01
       4       2       6   0.101923600622E+00
       5       2       6   0.966509667948E+00
       6       2       6   0.858548477731E+00
       7       2       6  -0.479265930971E+00
       8       2       6   0.124574721547E+01
       9       2       6   0.106889607397E+01
       0       3       6   0.148788447200E+01
       1       3       6   0.187589071762E+01
       2       3       6   0.195423064875E+01
       3       3       6  -0.283123185220E+00
       4       3       6  -0.667743009963E-01
       5       3       6   0.648394790189E+00
       6       3       6  -0.852552094139E+00
       7       3       6  -0.780237203513E+00
       8       3       6   0.110730420223E+01
       9       3       6   0.863364280975E+00
       0       4       6   0.152085870807E+01
       1       4       6   0.184944076708E+01
       2       4       6   0.187079959990E+01
       3       4       6   0.129863177119E+01
       4       4       6   0.118919400330E+01
       5       4       6  -0.347527166852E+00
       6       4       6  -0.908864183918E+00
       7       4       6  -0.553308398556E+00
       8       4       6   0.129758246479E+01
       9       4       6   0.499193964848E+00
       0       5       6  -0.503174212012E+00
       1       5       6   0.115912643772E+01
       2       5       6   0.142592018720E+01
       3       5       6   0.112032475064E+01
       4       5       6  -0.943595422558E+00
       5       5       6  -0.100219906820E+01
       6       5       6  -0.138553296669E+01
       7       5       6  -0.131812067584E+01
       8       5       6  -0.151183846375E+01
       9       5       6  -0.149171338263E+01
       0       6       6   0.825686121622E+00
       1       6       6   0.103360655628E+01
       2       6       6   0.743907151039E+00
       3       6       6  -0.166622826818E+01
       4       6       6  -0.129996732774E+01
       5       6       6   0.714005212665E-01
       6       6       6  -0.109799508973E+01
       7       6       6  -0.144973188653E+01
       8       6       6  -0.155356952526E+01
       9       6       6  -0.123133628677E+01
       0       7       6   0.124473446276E+01
       1       7       6   0.792539295204E+00
       2       7       6  -0.365202143181E+00
       3       7       6   0.220048660349E+00
       4       7       6  -0.106645163550E+01
       5       7       6  -0.523591799218E+00
       6       7       6  -0.961368571264E+00
       7       7       6  -0.155899537347E+01
       8       7       6  -0.174516822717E+01
       9       7       6  -0.161874453356E+01
       0       8       6   0.612634252212E+00
       1       8       6  -0.249226756496E+00
       2       8       6   0.104697087250E+01
       3       8       6   0.774459453099E+00
       4       8       6   0.122810812149E+01
       5       8       6  -0.252577301074E-01
       6       8       6  -0.711582518048E+00
       7       8       6   0.279951455558E+00
       8       8       6  -0.781345547002E+00
       9       8       6  -0.109179573994E+01
       0       9       6  -0.199784726534E+00
       1       9       6  -0.104033585497E+01
       2       9       6   0.588447725069E-02
       3       9       6   0.158966577663E+01
       4       9       6   0.754182105138E+00
       5       9       6   0.176998825945E+00
       6       9       6  -0.430489842548E+00
       7       9       6   0.124337393499E+01
       8       9       6   0.115395237938E+01
       9       9       6   0.138561924917E+01
       0       0       7   0.122395680743E+01
       1       0       7   0.161288340026E+01
       2       0       7   0.685068600580E+00
       3       0       7   0.100399749199E+01
       4       0       7  -0.279473549062E+00
       5       0       7   0.677388405385E+00
       6       0       7   0.586861190796E+00
       7       0       7   0.173062699086E+01
       8       0       7   0.163372105306E+01
       9       0       7   0.190252720646E+01
       0       1       7   0.182377864776E+01
       1       1       7   0.125791017943E+01
       2       1       7   0.168322489056E+01
       3       1       7   0.936634776892E+00
       4       1       7   0.734121950183E-01
       5       1       7   0.173773644360E+01
       6       1       7   0.141272561695E+01
       7       1       7   0.130320443202E+01
       8       1       7   0.811569707963E+00
       9       1       7   0.954009866807E+00
       0       2       7   0.156260420014E+01
       1       2       7   0.115415951469E+01
       2       2       7   0.101487581411E+01
       3       2       7   0.702189367159E+00
       4       2       7  -0.489398113131E+00
       5       2       7   0.669817679169E+00
       6       2       7   0.481348763314E+00
       7       2       7  -0.403616904270E+00
       8       2       7   0.157364040563E+01
       9       2       7   0.192146096307E+01
       0       3       7   0.126605613245E+01
       1       3       7   0.169724984534E+01
       2       3       7   0.140289260685E+01
       3       3       7  -0.135066633123E+01
       4       3       7  -0.739416545048E+00
       5       3       7  -0.858085254555E+00
       6       3       7  -0.520078264989E+00
       7       3       7   0.312078281349E+00
       8       3       7   0.180190757001E+01
       9       3       7   0.193569855388E+01
       0       4       7   0.168013797086E+01
       1       4       7   0.181552321526E+01
       2       4       7   0.175772600996E+01
       3       4       7  -0.220180496133E+00
       4       4       7  -0.176618531494E+01
       5       4       7  -0.188702561981E+01
       6       4       7  -0.128401856161E+01
       7       4       7   0.556393374294E+00
       8       4       7   0.180910885338E+01
       9       4       7   0.182402920998E+01
       0       5       7   0.157561365738E+01
       1       5       7   0.182890070103E+01
       2       5       7   0.114502899637E+01
       3       5       7  -0.140833947653E+01
       4       5       7  -0.187941074605E+01
       5       5       7  -0.185366574615E+01
       6       5       7  -0.190354392796E+01
       7       5       7   0.373913520691E+00
       8       5       7   0.368168873075E+00
       9       5       7   0.115222203939E+01
       0       6       7   0.114433756618E+01
       1       6       7   0.616956486474E+00
       2       6       7   0.474049670983E+00
       3       6       7  -0.191184164248E+01
       4       6       7  -0.173417308607E+01
       5       6       7  -0.147677770532E+01
       6       6       7  -0.173859705261E+01
       7       6       7  -0.149112688948E+01
       8       6       7  -0.136443287959E+01
       9       6       7   0.139557320490E+01
       0       7       7  -0.124016810881E+01
       1       7       7  -0.175915562486E+01
       2       7       7  -0.120978663088E+01
       3       7       7   0.474062981511E-02
       4       7       7   0.592391393700E-02
       5       7       7  -0.257521735290E+00
       6       7       7  -0.117913998450E+01
       7       7       7  -0.133610104301E+01
       8       7       7  -0.122679579311E+01
       9       7       7   0.128773280383E+00
       0       8       7   0.140538799755E+01
       1       8       7  -0.845533292298E+00
       2       8       7   0.380516323320E+00
       3       8       7   0.955070393531E+00
       4       8       7   0.169787062934E+01
       5       8       7   0.641348477000E+00
       6       8       7  -0.348518710915E-02
       7       8       7  -0.388761761087E+00
       8       8       7  -0.514972998998E+00
       9       8       7   0.223307791841E+00
       0       9       7  -0.575657393171E+00
       1       9       7  -0.110954931913E+01
       2       9       7  -0.259062093145E+00
       3       9       7   0.899822394036E+00
       4       9       7   0.116593679135E+01
       5       9       7  -0.313231675305E+00
       6       9       7   0.810374972472E+00
       7       9       7   0.132326896764E+01
       8       9       7   0.137261705318E+01
       9       9       7   0.138585218174E+01
       0       0       8   0.552438799121E+00
       1       0       8  -0.790990401200E+00
       2       0       8   0.197377476637E+00
       3       0       8   0.113933109451E+01
       4       0       8  -0.422275624048E+00
       5       0       8  -0.175948476296E+00
       6       0       8  -0.165023127372E+00
       7       0       8   0.133076070540E+01
       8       0       8   0.144099420002E+01
       9       0       8   0.773984973411E+00
       0       1       8   0.150092582396E+01
       1       1       8  -0.129607683783E+00
       2       1       8   0.184601397866E+00
       3       1       8  -0.175920178127E+00
       4       1       8   0.838172758959E+00
       5       1       8   0.774169651281E+00
       6       1       8   0.885353845517E+00
       7       1       8   0.447284987426E+00
       8       1       8   0.423117926511E-01
       9       1       8   0.199686462911E+01
       0       2       8   0.162289681824E+01
       1       2       8  -0.994328767103E+00
       2       2       8  -0.358037610271E-01
       3       2       8   0.685984720993E+00
       4       2       8   0.479497017904E+00
       5       2       8   0.671018484253E+00
       6       2       8   0.485431229659E+00
       7       2       8   0.920550998737E+00
       8       2       8   0.160538083946E+01
       9       2       8   0.199944312313E+01
       0       3       8   0.154878031823E+01
       1       3       8  -0.558898024646E+00
       2       3       8   0.119663617530E+01
       3       3       8  -0.125155231935E+01
       4       3       8  -0.474696381400E+00
       5       3       8   0.574608946677E+00
       6       3       8  -0.741784543820E+00
       7       3       8   0.688059786621E+00
       8       3       8   0.178342530982E+01
       9       3       8   0.195014822559E+01
       0       4       8   0.162009118752E+01
       1       4       8   0.914767239247E+00
       2       4       8  -0.265835288600E+00
       3       4       8  -0.139991147282E+01
       4       4       8  -0.139599523740E+01
       5       4       8  -0.177309169225E+01
       6       4       8  -0.121326774879E+01
       7       4       8   0.142399753871E+01
       8       4       8   0.196240151494E+01
       9       4       8   0.199097842354E+01
       0       5       8   0.163773510216E+01
       1       5       8   0.110238519474E+01
       2       5       8  -0.417674276110E+00
       3       5       8  -0.183166629749E+01
       4       5       8  -0.196811094147E+01
       5       5       8  -0.166248561894E+01
       6       5       8  -0.139553906615E+01
       7       5       8   0.169913864463E+01
       8       5       8   0.180124409074E+01
       9       5       8   0.195319754575E+01
       0       6       8   0.148600078355E+01
       1       6       8   0.236537591090E+00
       2       6       8  -0.679476251469E+00
       3       6       8  -0.117570075874E+01
       4       6       8  -0.135859392512E+01
       5       6       8  -0.165759547495E+01
       6       6       8  -0.484533000710E+00
       7       6       8   0.228086345992E+00
       8       6       8   0.135950878580E+01
       9       6       8   0.177778438476E+01
       0       7       8  -0.119642772560E+01
       1       7       8   0.454810195992E+00
       2       7       8  -0.181382363843E+01
       3       7       8  -0.644227411548E+00
       4       7       8  -0.138305326079E+01
       5       7       8   0.901920122484E+00
       6       7       8   0.486959449065E+00
       7       7       8   0.769306576120E+00
       8       7       8  -0.835447407080E-01
       9       7       8   0.776108206827E+00
       0       8       8  -0.463275394337E+00
       1       8       8  -0.104313124358E+01
       2       8       8   0.724988715791E+00
       3       8       8   0.348993440682E+00
       4       8       8   0.120839313441E+01
       5       8       8   0.404938223951E+00
       6       8       8   0.154468350459E+01
       7       8       8   0.113875298388E+01
       8       8       8  -0.495976851240E+00
       9       8       8   0.999942836896E+00
       0       9       8  -0.115377790992E+01
       1       9       8  -0.645940578150E+00
       2       9       8   0.805889180627E+00
       3       9       8   0.127185864399E+01
       4       9       8   0.130199919845E+01
       5       9       8  -0.230838101577E+00
       6       9       8   0.149796773509E+01
       7       9       8   0.154657416178E+01
       8       9       8   0.116321519229E+01
       9       9       8   0.121227352080E+01
       0       0       9   0.626570582062E+00
       1       0       9  -0.142936511505E+01
       2       0       9  -0.475987769322E+00
       3       0       9  -0.256104937194E+00
       4       0       9  -0.548615140637E+00
       5       0       9  -0.511776031602E+00
       6       0       9   0.301268850154E+00
       7       0       9   0.127387195571E+01
       8       0       9  -0.655662931789E+00
       9       0       9   0.490950390262E+00
       0       1       9   0.173082237651E-02
       1       1       9  -0.138245227149E+01
       2       1       9  -0.637993701568E+00
       3       1       9  -0.375934066642E+00
       4       1       9   0.130677431119E+01
       5       1       9   0.143132894589E+01
       6       1       9   0.334867898095E+00
       7       1       9   0.145372689414E+01
       8       1       9  -0.279719878252E+00
       9       1       9   0.111052331436E+01
       0       2       9   0.718147255693E+00
       1       2       9   0.637836307874E-01
       2       2       9  -0.610839200943E+00
       3       2       9   0.125388079412E+01
       4       2       9   0.983487264814E+00
       5       2       9   0.170203519304E+01
       6       2       9   0.937032653234E+00
       7       2       9   0.184845567443E+01
       8       2       9   0.177063669168E+01
       9       2       9   0.198866110443E+01
       0       3       9   0.144421376884E+01
       1       3       9   0.269008780113E+00
       2       3       9  -0.117260486647E+01
       3       3       9   0.179438258603E-01
       4       3       9   0.955236864664E+00
       5       3       9   0.760641522580E+00
       6       3       9   0.133402547809E+01
       7       3       9   0.187487180012E+01
       8       3       9   0.198421272577E+01
       9       3       9   0.199697776369E+01
       0       4       9   0.134673044879E+01
       1       4       9  -0.122206385943E+01
       2       4       9  -0.837049042859E+00
       3       4       9  -0.257923340512E+00
       4       4       9   0.723367539467E+00
       5       4       9   0.165475545458E+01
       6       4       9   0.168262882799E+01
       7       4       9   0.185624899145E+01
       8       4       9   0.199722826305E+01
       9       4       9   0.199957265028E+01
       0       5       9   0.111357347116E+01
       1       5       9   0.155968374434E+01
       2       5       9  -0.576549570108E+00
       3       5       9  -0.324655276091E+00
       4       5       9   0.280861239879E+00
       5       5       9   0.114176990682E+01
       6       5       9   0.101687607704E+01
       7       5       9   0.194766468098E+01
       8       5       9   0.199293187982E+01
       9       5       9   0.180995777429E+01
       0       6       9  -0.543187913963E+00
       1       6       9  -0.187601869622E-01
       2       6       9  -0.716073819097E+00
       3       6       9  -0.389838513084E+00
       4       6       9  -0.652853416195E+00
       5       6       9  -0.126955819048E+01
       6       6       9   0.425768239389E+00
       7       6       9   0.166412278157E+01
       8       6       9   0.165861705973E+01
       9       6       9   0.180136593356E+01
       0       7       9  -0.610390503937E+00
       1       7       9   0.223668187262E+00
       2       7       9  -0.777269573410E-01
       3       7       9   0.112420018397E+00
       4       7       9  -0.130411229195E+01
       5       7       9   0.429947682090E+00
       6       7       9  -0.409004162317E+00
       7       7       9   0.105507326520E+01
       8       7       9  -0.669611857301E+00
       9       7       9   0.895498883766E+00
       0       8       9  -0.713477913995E+00
       1       8       9  -0.798077158331E+00
       2       8       9   0.771133377703E+00
       3       8       9   0.879448640138E+00
       4       8       9  -0.103101140967E+01
       5       8       9  -0.649748103858E+00
       6       8       9   0.961881799616E+00
       7       8       9   0.433120027267E-01
       8       8       9   0.454238937720E-01
       9       8       9   0.127565085627E+01
       0       9       9  -0.130204648064E+00
       1       9       9   0.308192906056E+00
       2       9       9   0.892871056373E+00
       3       9       9   0.924033404505E+00
       4       9       9  -0.734351283188E+00
       5       9       9  -0.321394650486E+00
       6       9       9   0.914242330021E+00
       7       9       9   0.699211400389E+00
       8       9       9   0.900329712493E+00
       9       9       9   0.446825069681E+00
