 program J1J2_6          
 spatial system size               10
 J1                         1.0000000000000000     
 deltaJ1                    0.0000000000000000     
 J2                        -1.0000000000000000     
 J3                         1.0000000000000000     
 phi, xi                        2.0000000000000000        3.0000000000000000     
 impurity conc.             0.0000000000000000     
 impurity mode           RAN
 start                   HOT
 stripe axis             X
 sampler mode            PT   
 update order            SEQ
 temperature protocol    INDEP
 PT start mode           COMMON
 PT ladder mode          LINEAR
 PT replicas                       20
 PT swap every                      5
 PT measure index                   1
 disorder configurations          100
 equilibration steps           100000
 measurement steps             100000
 RNG seed                         801
 ------------------------
 disorder configurations processed          100
    T      [<mag>]      [<mag>^2]      std.mag/sqrt(iconf)      [<susc>] .     std.susc/sqrt(iconf)      [<Binder>]      std.bin/sqrt(iconf) [log <mag>]  Global.Binder
 0.800000E+01 0.202987E-01 0.416277E-03 0.205947E-03 0.295838E-01 0.556061E-03 0.603396E-02 0.164810E-02 -.390273E+01 -.282420E-01
 0.818421E+01 0.205764E-01 0.427399E-03 0.200294E-03 0.297654E-01 0.539859E-03 0.355455E-02 0.143261E-02 -.388871E+01 -.286796E-01
 0.836842E+01 0.208681E-01 0.439250E-03 0.194243E-03 0.299358E-01 0.522224E-03 0.315563E-02 0.118256E-02 -.387420E+01 -.266574E-01
 0.855263E+01 0.211328E-01 0.450170E-03 0.189053E-03 0.300558E-01 0.505843E-03 0.197672E-02 0.104859E-02 -.386124E+01 -.261811E-01
 0.873684E+01 0.213995E-01 0.461322E-03 0.183928E-03 0.301543E-01 0.489864E-03 0.210403E-02 0.952405E-03 -.384836E+01 -.240352E-01
 0.892105E+01 0.216570E-01 0.472202E-03 0.178239E-03 0.302427E-01 0.469702E-03 0.179329E-02 0.841565E-03 -.383607E+01 -.218370E-01
 0.910526E+01 0.219087E-01 0.482967E-03 0.172492E-03 0.303086E-01 0.451087E-03 0.729136E-03 0.706399E-03 -.382420E+01 -.212559E-01
 0.928947E+01 0.221208E-01 0.492114E-03 0.166911E-03 0.303054E-01 0.434009E-03 0.101333E-02 0.651372E-03 -.381429E+01 -.194436E-01
 0.947368E+01 0.223497E-01 0.502093E-03 0.160716E-03 0.302985E-01 0.414861E-03 0.956598E-03 0.561533E-03 -.380371E+01 -.176887E-01
 0.965789E+01 0.225582E-01 0.511228E-03 0.153558E-03 0.302632E-01 0.394189E-03 0.711333E-03 0.588843E-03 -.379413E+01 -.164475E-01
 0.984211E+01 0.227615E-01 0.520273E-03 0.147856E-03 0.302411E-01 0.374361E-03 0.235156E-03 0.620583E-03 -.378493E+01 -.151214E-01
 0.100263E+02 0.229611E-01 0.529210E-03 0.141425E-03 0.301994E-01 0.353363E-03 -.555784E-03 0.560196E-03 -.377597E+01 -.141647E-01
 0.102105E+02 0.231293E-01 0.536766E-03 0.134289E-03 0.300910E-01 0.334972E-03 -.264957E-03 0.475680E-03 -.376844E+01 -.125756E-01
 0.103947E+02 0.233060E-01 0.544816E-03 0.128380E-03 0.299841E-01 0.314305E-03 -.665619E-03 0.507407E-03 -.376065E+01 -.116072E-01
 0.105789E+02 0.234588E-01 0.551781E-03 0.121106E-03 0.298367E-01 0.294362E-03 -.538433E-03 0.558062E-03 -.375391E+01 -.103130E-01
 0.107632E+02 0.236173E-01 0.559056E-03 0.113160E-03 0.297074E-01 0.272702E-03 0.124721E-03 0.526789E-03 -.374698E+01 -.821768E-02
 0.109474E+02 0.237643E-01 0.565874E-03 0.106316E-03 0.295800E-01 0.255583E-03 -.470360E-03 0.447176E-03 -.374062E+01 -.786394E-02
 0.111316E+02 0.238997E-01 0.572202E-03 0.100396E-03 0.294068E-01 0.239133E-03 -.268086E-03 0.482307E-03 -.373481E+01 -.684345E-02
 0.113158E+02 0.240221E-01 0.577933E-03 0.933846E-04 0.292278E-01 0.219254E-03 -.851758E-04 0.557391E-03 -.372957E+01 -.558628E-02
 0.115000E+02 0.241472E-01 0.583850E-03 0.873148E-04 0.290488E-01 0.204043E-03 -.241200E-03 0.452319E-03 -.372426E+01 -.516826E-02
