# Temperature =   0.8000000000000000E+01
# disorder configuration = 1
# stripe magnitudes =   0.2397217400000067E+00   0.4242096599999925E+00
# expected mean locnem =   0.4899492920347138E+00
# measured mean locnem =   0.5787878400000001E+00
# ix iy iz isite occu <s(isite)> <locnem(isite)>
     0      0      0      0   1   0.7380000000E-02  -0.2934300000E+01
     1      0      0      1   1  -0.6860000000E-02  -0.3307600000E+01
     2      0      0      2   1   0.5340000000E-02  -0.3167380000E+01
     3      0      0      3   1  -0.4000000000E-02  -0.2750300000E+01
     4      0      0      4   1  -0.3680000000E-02  -0.6876800000E+00
     5      0      0      5   1  -0.7560000000E-02   0.1345660000E+01
     6      0      0      6   1  -0.5340000000E-02   0.9256600000E+00
     7      0      0      7   1   0.5800000000E-03  -0.1354000000E+00
     8      0      0      8   1   0.2800000000E-02  -0.8344200000E+00
     9      0      0      9   1  -0.8760000000E-02  -0.1693520000E+01
     0      1      0     10   1   0.8020000000E-02  -0.3358740000E+01
     1      1      0     11   1  -0.9200000000E-02  -0.3316680000E+01
     2      1      0     12   1   0.2420000000E-02  -0.2961760000E+01
     3      1      0     13   1  -0.4540000000E-02  -0.2805980000E+01
     4      1      0     14   1   0.5800000000E-02  -0.2116760000E+01
     5      1      0     15   1   0.3500000000E-02  -0.7686600000E+00
     6      1      0     16   1   0.2480000000E-02  -0.9022200000E+00
     7      1      0     17   1   0.1600000000E-03  -0.1117160000E+01
     8      1      0     18   1   0.8040000000E-02  -0.1962760000E+01
     9      1      0     19   1  -0.7840000000E-02  -0.2608600000E+01
     0      2      0     20   1   0.9920000000E-02  -0.3248220000E+01
     1      2      0     21   1  -0.5100000000E-02  -0.3035460000E+01
     2      2      0     22   1   0.7040000000E-02  -0.2693360000E+01
     3      2      0     23   1  -0.5680000000E-02  -0.2812600000E+01
     4      2      0     24   1   0.5720000000E-02  -0.2679380000E+01
     5      2      0     25   1  -0.5340000000E-02  -0.1919320000E+01
     6      2      0     26   1  -0.1000000000E-03  -0.1187640000E+01
     7      2      0     27   1   0.3000000000E-03  -0.1277060000E+01
     8      2      0     28   1   0.5040000000E-02  -0.1767380000E+01
     9      2      0     29   1  -0.7140000000E-02  -0.2584880000E+01
     0      3      0     30   1   0.7880000000E-02  -0.3170440000E+01
     1      3      0     31   1  -0.5220000000E-02  -0.3263780000E+01
     2      3      0     32   1   0.5960000000E-02  -0.3006240000E+01
     3      3      0     33   1  -0.4820000000E-02  -0.2898320000E+01
     4      3      0     34   1   0.9400000000E-02  -0.2760300000E+01
     5      3      0     35   1  -0.5720000000E-02  -0.1540500000E+01
     6      3      0     36   1   0.7600000000E-02  -0.7682600000E+00
     7      3      0     37   1  -0.2880000000E-02  -0.8089400000E+00
     8      3      0     38   1  -0.2620000000E-02  -0.4853200000E+00
     9      3      0     39   1  -0.5880000000E-02  -0.1713000000E+01
     0      4      0     40   1   0.7020000000E-02  -0.2592540000E+01
     1      4      0     41   1  -0.6760000000E-02  -0.3029840000E+01
     2      4      0     42   1   0.6960000000E-02  -0.2741860000E+01
     3      4      0     43   1  -0.3760000000E-02  -0.2445080000E+01
     4      4      0     44   1   0.5800000000E-02  -0.1532420000E+01
     5      4      0     45   1  -0.7320000000E-02   0.4476800000E+00
     6      4      0     46   1   0.1640000000E-02   0.1248460000E+01
     7      4      0     47   1  -0.8580000000E-02   0.1296480000E+01
     8      4      0     48   1  -0.6120000000E-02   0.1386680000E+01
     9      4      0     49   1  -0.7600000000E-02  -0.3461000000E+00
     0      5      0     50   1   0.8860000000E-02  -0.2296600000E+01
     1      5      0     51   1  -0.3600000000E-02  -0.2807120000E+01
     2      5      0     52   1   0.5340000000E-02  -0.2245940000E+01
     3      5      0     53   1   0.1400000000E-03  -0.1220880000E+01
     4      5      0     54   1  -0.8600000000E-03   0.3148000000E+00
     5      5      0     55   1   0.4000000000E-02   0.1643980000E+01
     6      5      0     56   1   0.7040000000E-02   0.2304280000E+01
     7      5      0     57   1   0.9880000000E-02   0.2104260000E+01
     8      5      0     58   1   0.5600000000E-02   0.1904380000E+01
     9      5      0     59   1   0.4760000000E-02   0.4742200000E+00
     0      6      0     60   1  -0.8200000000E-03  -0.1526480000E+01
     1      6      0     61   1  -0.2320000000E-02  -0.2796020000E+01
     2      6      0     62   1   0.2960000000E-02  -0.2525120000E+01
     3      6      0     63   1  -0.2280000000E-02  -0.1413420000E+01
     4      6      0     64   1  -0.5800000000E-03  -0.1056400000E+00
     5      6      0     65   1  -0.5280000000E-02   0.8601600000E+00
     6      6      0     66   1  -0.5800000000E-02   0.2110460000E+01
     7      6      0     67   1  -0.3920000000E-02   0.2074580000E+01
     8      6      0     68   1  -0.9220000000E-02   0.2103420000E+01
     9      6      0     69   1  -0.9680000000E-02   0.1684740000E+01
     0      7      0     70   1   0.1500000000E-02  -0.1342040000E+01
     1      7      0     71   1  -0.4800000000E-02  -0.2471840000E+01
     2      7      0     72   1   0.3500000000E-02  -0.2713320000E+01
     3      7      0     73   1  -0.1780000000E-02  -0.1506840000E+01
     4      7      0     74   1   0.6340000000E-02  -0.3154200000E+00
     5      7      0     75   1   0.5180000000E-02   0.5780800000E+00
     6      7      0     76   1   0.9660000000E-02   0.2155180000E+01
     7      7      0     77   1   0.1216000000E-01   0.2211840000E+01
     8      7      0     78   1   0.1030000000E-01   0.2487420000E+01
     9      7      0     79   1   0.1066000000E-01   0.1887140000E+01
     0      8      0     80   1   0.1400000000E-02  -0.8439800000E+00
     1      8      0     81   1  -0.4880000000E-02  -0.1966460000E+01
     2      8      0     82   1   0.3740000000E-02  -0.2599280000E+01
     3      8      0     83   1  -0.4720000000E-02  -0.1765380000E+01
     4      8      0     84   1  -0.9440000000E-02   0.8466200000E+00
     5      8      0     85   1  -0.1256000000E-01   0.2353880000E+01
     6      8      0     86   1  -0.1016000000E-01   0.3028620000E+01
     7      8      0     87   1  -0.8320000000E-02   0.2758080000E+01
     8      8      0     88   1  -0.1094000000E-01   0.2801640000E+01
     9      8      0     89   1  -0.1122000000E-01   0.2270460000E+01
     0      9      0     90   1   0.4500000000E-02  -0.2018320000E+01
     1      9      0     91   1  -0.4920000000E-02  -0.2700060000E+01
     2      9      0     92   1   0.4300000000E-02  -0.2945380000E+01
     3      9      0     93   1  -0.3580000000E-02  -0.1825060000E+01
     4      9      0     94   1   0.9600000000E-02   0.1289880000E+01
     5      9      0     95   1   0.1038000000E-01   0.2624400000E+01
     6      9      0     96   1   0.1020000000E-01   0.2809580000E+01
     7      9      0     97   1   0.8580000000E-02   0.2046940000E+01
     8      9      0     98   1   0.9480000000E-02   0.1956300000E+01
     9      9      0     99   1   0.7860000000E-02   0.6833600000E+00
     0      0      1    100   1   0.6260000000E-02  -0.1877380000E+01
     1      0      1    101   1  -0.2500000000E-02  -0.3341980000E+01
     2      0      1    102   1   0.4440000000E-02  -0.3234020000E+01
     3      0      1    103   1  -0.1160000000E-02  -0.2533040000E+01
     4      0      1    104   1  -0.3220000000E-02  -0.8726000000E-01
     5      0      1    105   1  -0.1068000000E-01   0.1491820000E+01
     6      0      1    106   1  -0.9720000000E-02   0.2734500000E+01
     7      0      1    107   1  -0.1130000000E-01   0.2697840000E+01
     8      0      1    108   1  -0.7480000000E-02   0.1727060000E+01
     9      0      1    109   1  -0.8620000000E-02   0.1800000000E-02
     0      1      1    110   1   0.5860000000E-02  -0.3254040000E+01
     1      1      1    111   1  -0.5400000000E-02  -0.3676140000E+01
     2      1      1    112   1   0.5000000000E-02  -0.3456960000E+01
     3      1      1    113   1  -0.6560000000E-02  -0.2913800000E+01
     4      1      1    114   1   0.4800000000E-02  -0.1109180000E+01
     5      1      1    115   1   0.9940000000E-02   0.9900600000E+00
     6      1      1    116   1   0.1338000000E-01   0.2001120000E+01
     7      1      1    117   1   0.8640000000E-02   0.9253800000E+00
     8      1      1    118   1   0.1258000000E-01   0.2773600000E+00
     9      1      1    119   1  -0.6520000000E-02  -0.1112580000E+01
     0      2      1    120   1   0.6540000000E-02  -0.2919560000E+01
     1      2      1    121   1  -0.5740000000E-02  -0.3735660000E+01
     2      2      1    122   1   0.4240000000E-02  -0.3577240000E+01
     3      2      1    123   1  -0.5000000000E-02  -0.3068420000E+01
     4      2      1    124   1  -0.3100000000E-02  -0.1272180000E+01
     5      2      1    125   1  -0.1144000000E-01   0.6622200000E+00
     6      2      1    126   1  -0.4260000000E-02   0.1250120000E+01
     7      2      1    127   1  -0.4640000000E-02   0.5821400000E+00
     8      2      1    128   1   0.0000000000E+00   0.1120680000E+01
     9      2      1    129   1  -0.9600000000E-03   0.1346400000E+00
     0      3      1    130   1   0.7360000000E-02  -0.2745960000E+01
     1      3      1    131   1  -0.5840000000E-02  -0.3570760000E+01
     2      3      1    132   1   0.4380000000E-02  -0.3421980000E+01
     3      3      1    133   1  -0.2640000000E-02  -0.3197080000E+01
     4      3      1    134   1   0.5100000000E-02  -0.2196480000E+01
     5      3      1    135   1  -0.5680000000E-02  -0.4185200000E+00
     6      3      1    136   1   0.3340000000E-02   0.7518600000E+00
     7      3      1    137   1   0.5360000000E-02   0.1301740000E+01
     8      3      1    138   1   0.4860000000E-02   0.1838140000E+01
     9      3      1    139   1   0.3900000000E-02   0.6790000000E+00
     0      4      1    140   1   0.4840000000E-02  -0.1910940000E+01
     1      4      1    141   1  -0.6840000000E-02  -0.3081040000E+01
     2      4      1    142   1   0.5860000000E-02  -0.2838100000E+01
     3      4      1    143   1  -0.2280000000E-02  -0.2811860000E+01
     4      4      1    144   1   0.2860000000E-02  -0.1787660000E+01
     5      4      1    145   1  -0.6040000000E-02   0.2124600000E+00
     6      4      1    146   1  -0.8800000000E-02   0.1646140000E+01
     7      4      1    147   1  -0.8780000000E-02   0.1997920000E+01
     8      4      1    148   1  -0.9000000000E-02   0.1932260000E+01
     9      4      1    149   1  -0.8060000000E-02   0.1021760000E+01
     0      5      1    150   1   0.7560000000E-02  -0.6274400000E+00
     1      5      1    151   1  -0.3340000000E-02  -0.2201400000E+01
     2      5      1    152   1   0.4960000000E-02  -0.2152180000E+01
     3      5      1    153   1  -0.2620000000E-02  -0.1541340000E+01
     4      5      1    154   1   0.8480000000E-02  -0.5723400000E+00
     5      5      1    155   1   0.2200000000E-02   0.6745000000E+00
     6      5      1    156   1   0.9220000000E-02   0.2303380000E+01
     7      5      1    157   1   0.1504000000E-01   0.2678960000E+01
     8      5      1    158   1   0.1328000000E-01   0.2565040000E+01
     9      5      1    159   1   0.1038000000E-01   0.1832380000E+01
     0      6      1    160   1  -0.8000000000E-02   0.9972200000E+00
     1      6      1    161   1  -0.4400000000E-02  -0.1060860000E+01
     2      6      1    162   1   0.9600000000E-03  -0.1209580000E+01
     3      6      1    163   1  -0.7900000000E-02  -0.2699200000E+00
     4      6      1    164   1  -0.8220000000E-02   0.1064840000E+01
     5      6      1    165   1  -0.8560000000E-02   0.1715260000E+01
     6      6      1    166   1  -0.1242000000E-01   0.2594000000E+01
     7      6      1    167   1  -0.1160000000E-01   0.3220300000E+01
     8      6      1    168   1  -0.1166000000E-01   0.3368700000E+01
     9      6      1    169   1  -0.9240000000E-02   0.3043440000E+01
     0      7      1    170   1   0.5660000000E-02   0.1203960000E+01
     1      7      1    171   1   0.1240000000E-02  -0.4501400000E+00
     2      7      1    172   1   0.6280000000E-02  -0.7786800000E+00
     3      7      1    173   1   0.8960000000E-02   0.6340400000E+00
     4      7      1    174   1   0.7300000000E-02   0.2117500000E+01
     5      7      1    175   1   0.1054000000E-01   0.2668600000E+01
     6      7      1    176   1   0.1342000000E-01   0.3305860000E+01
     7      7      1    177   1   0.1146000000E-01   0.3620460000E+01
     8      7      1    178   1   0.1234000000E-01   0.3652600000E+01
     9      7      1    179   1   0.1016000000E-01   0.3105520000E+01
     0      8      1    180   1  -0.3840000000E-02   0.1006780000E+01
     1      8      1    181   1  -0.5440000000E-02  -0.1030480000E+01
     2      8      1    182   1   0.3200000000E-03  -0.1175920000E+01
     3      8      1    183   1  -0.9280000000E-02   0.1100760000E+01
     4      8      1    184   1  -0.1298000000E-01   0.2857080000E+01
     5      8      1    185   1  -0.1220000000E-01   0.3481260000E+01
     6      8      1    186   1  -0.1284000000E-01   0.3743740000E+01
     7      8      1    187   1  -0.1246000000E-01   0.3777060000E+01
     8      8      1    188   1  -0.1240000000E-01   0.3705720000E+01
     9      8      1    189   1  -0.1180000000E-01   0.3106780000E+01
     0      9      1    190   1   0.7080000000E-02   0.8410400000E+00
     1      9      1    191   1  -0.2320000000E-02  -0.1680740000E+01
     2      9      1    192   1   0.3440000000E-02  -0.2457860000E+01
     3      9      1    193   1  -0.2000000000E-04  -0.4656600000E+00
     4      9      1    194   1   0.9900000000E-02   0.2454040000E+01
     5      9      1    195   1   0.1214000000E-01   0.3176920000E+01
     6      9      1    196   1   0.1302000000E-01   0.3638100000E+01
     7      9      1    197   1   0.1364000000E-01   0.3637100000E+01
     8      9      1    198   1   0.1392000000E-01   0.3332460000E+01
     9      9      1    199   1   0.1070000000E-01   0.2268060000E+01
     0      0      2    200   1   0.3960000000E-02  -0.2918260000E+01
     1      0      2    201   1  -0.2180000000E-02  -0.3276660000E+01
     2      0      2    202   1   0.5600000000E-03  -0.2912280000E+01
     3      0      2    203   1  -0.5100000000E-02  -0.2555620000E+01
     4      0      2    204   1   0.2160000000E-02  -0.8315600000E+00
     5      0      2    205   1  -0.9600000000E-02   0.1404620000E+01
     6      0      2    206   1  -0.1150000000E-01   0.2487140000E+01
     7      0      2    207   1  -0.1186000000E-01   0.2593980000E+01
     8      0      2    208   1  -0.7100000000E-02   0.6687600000E+00
     9      0      2    209   1   0.5800000000E-03  -0.1777040000E+01
     0      1      2    210   1   0.3700000000E-02  -0.3286380000E+01
     1      1      2    211   1  -0.2700000000E-02  -0.3752400000E+01
     2      1      2    212   1   0.2480000000E-02  -0.3618760000E+01
     3      1      2    213   1  -0.4280000000E-02  -0.3109300000E+01
     4      1      2    214   1   0.3520000000E-02  -0.1712480000E+01
     5      1      2    215   1   0.1026000000E-01   0.1245700000E+01
     6      1      2    216   1   0.1070000000E-01   0.2381480000E+01
     7      1      2    217   1   0.1292000000E-01   0.1758540000E+01
     8      1      2    218   1   0.5240000000E-02   0.1764800000E+00
     9      1      2    219   1  -0.1060000000E-02  -0.1172760000E+01
     0      2      2    220   1   0.3940000000E-02  -0.2978420000E+01
     1      2      2    221   1  -0.3640000000E-02  -0.3694220000E+01
     2      2      2    222   1   0.5260000000E-02  -0.3382700000E+01
     3      2      2    223   1  -0.4600000000E-02  -0.2583400000E+01
     4      2      2    224   1   0.6200000000E-03  -0.2785400000E+00
     5      2      2    225   1  -0.7320000000E-02   0.1913460000E+01
     6      2      2    226   1  -0.6640000000E-02   0.2116680000E+01
     7      2      2    227   1  -0.1140000000E-02   0.1127160000E+01
     8      2      2    228   1   0.4920000000E-02   0.5000200000E+00
     9      2      2    229   1  -0.3000000000E-02  -0.1807000000E+00
     0      3      2    230   1   0.3280000000E-02  -0.2868460000E+01
     1      3      2    231   1  -0.3840000000E-02  -0.3387860000E+01
     2      3      2    232   1   0.4980000000E-02  -0.2875100000E+01
     3      3      2    233   1  -0.5240000000E-02  -0.2376600000E+01
     4      3      2    234   1   0.4220000000E-02  -0.4255200000E+00
     5      3      2    235   1   0.8060000000E-02   0.1189100000E+01
     6      3      2    236   1   0.5800000000E-02   0.1495760000E+01
     7      3      2    237   1   0.2240000000E-02   0.5656600000E+00
     8      3      2    238   1   0.5160000000E-02   0.7544400000E+00
     9      3      2    239   1  -0.1460000000E-02   0.1825000000E+00
     0      4      2    240   1   0.2340000000E-02  -0.2160320000E+01
     1      4      2    241   1  -0.2880000000E-02  -0.2837580000E+01
     2      4      2    242   1   0.3000000000E-02  -0.2214060000E+01
     3      4      2    243   1  -0.5360000000E-02  -0.2017600000E+01
     4      4      2    244   1  -0.7280000000E-02   0.5383000000E+00
     5      4      2    245   1  -0.1120000000E-01   0.2115980000E+01
     6      4      2    246   1  -0.7700000000E-02   0.1927000000E+01
     7      4      2    247   1  -0.8320000000E-02   0.9704600000E+00
     8      4      2    248   1  -0.6540000000E-02   0.1139480000E+01
     9      4      2    249   1  -0.6940000000E-02   0.4986200000E+00
     0      5      2    250   1   0.3100000000E-02  -0.1324400000E+01
     1      5      2    251   1  -0.5000000000E-02  -0.1419400000E+01
     2      5      2    252   1   0.1880000000E-02  -0.8602600000E+00
     3      5      2    253   1   0.1480000000E-02  -0.5296800000E+00
     4      5      2    254   1   0.1148000000E-01   0.1409260000E+01
     5      5      2    255   1   0.1026000000E-01   0.2152140000E+01
     6      5      2    256   1   0.9080000000E-02   0.1795460000E+01
     7      5      2    257   1   0.7060000000E-02   0.1003000000E+01
     8      5      2    258   1   0.1090000000E-01   0.1293420000E+01
     9      5      2    259   1   0.5480000000E-02   0.3937400000E+00
     0      6      2    260   1  -0.2980000000E-02  -0.2075400000E+00
     1      6      2    261   1  -0.7740000000E-02  -0.7403200000E+00
     2      6      2    262   1  -0.1700000000E-02   0.8839200000E+00
     3      6      2    263   1  -0.1080000000E-01   0.1922880000E+01
     4      6      2    264   1  -0.1064000000E-01   0.2491900000E+01
     5      6      2    265   1  -0.1238000000E-01   0.2632080000E+01
     6      6      2    266   1  -0.1012000000E-01   0.2802920000E+01
     7      6      2    267   1  -0.1178000000E-01   0.2564540000E+01
     8      6      2    268   1  -0.9740000000E-02   0.2793740000E+01
     9      6      2    269   1  -0.9680000000E-02   0.2011520000E+01
     0      7      2    270   1   0.4260000000E-02   0.2250200000E+00
     1      7      2    271   1  -0.1200000000E-03  -0.1691400000E+00
     2      7      2    272   1   0.1022000000E-01   0.1207460000E+01
     3      7      2    273   1   0.1398000000E-01   0.2793260000E+01
     4      7      2    274   1   0.1120000000E-01   0.3413100000E+01
     5      7      2    275   1   0.1302000000E-01   0.3472260000E+01
     6      7      2    276   1   0.1252000000E-01   0.3659660000E+01
     7      7      2    277   1   0.1238000000E-01   0.3658740000E+01
     8      7      2    278   1   0.1266000000E-01   0.3591540000E+01
     9      7      2    279   1   0.1580000000E-01   0.2626300000E+01
     0      8      2    280   1   0.7600000000E-03  -0.2362800000E+00
     1      8      2    281   1   0.8000000000E-03  -0.1734000000E-01
     2      8      2    282   1  -0.6000000000E-04   0.6556600000E+00
     3      8      2    283   1  -0.1172000000E-01   0.2914840000E+01
     4      8      2    284   1  -0.1274000000E-01   0.3650340000E+01
     5      8      2    285   1  -0.1352000000E-01   0.3790280000E+01
     6      8      2    286   1  -0.1278000000E-01   0.3859680000E+01
     7      8      2    287   1  -0.1374000000E-01   0.3849360000E+01
     8      8      2    288   1  -0.1398000000E-01   0.3581620000E+01
     9      8      2    289   1  -0.1142000000E-01   0.2288860000E+01
     0      9      2    290   1   0.4160000000E-02  -0.1460480000E+01
     1      9      2    291   1  -0.5680000000E-02  -0.1149620000E+01
     2      9      2    292   1   0.2160000000E-02  -0.5268400000E+00
     3      9      2    293   1   0.1134000000E-01   0.1262240000E+01
     4      9      2    294   1   0.1510000000E-01   0.2853940000E+01
     5      9      2    295   1   0.1278000000E-01   0.3317480000E+01
     6      9      2    296   1   0.1278000000E-01   0.3601720000E+01
     7      9      2    297   1   0.1274000000E-01   0.3614500000E+01
     8      9      2    298   1   0.1300000000E-01   0.2936780000E+01
     9      9      2    299   1   0.4960000000E-02   0.6094000000E+00
     0      0      3    300   1   0.4880000000E-02  -0.2274260000E+01
     1      0      3    301   1  -0.4080000000E-02  -0.3022960000E+01
     2      0      3    302   1   0.4560000000E-02  -0.2227600000E+01
     3      0      3    303   1  -0.4820000000E-02  -0.1998680000E+01
     4      0      3    304   1  -0.4820000000E-02  -0.1347000000E+00
     5      0      3    305   1  -0.1258000000E-01   0.1408960000E+01
     6      0      3    306   1  -0.1066000000E-01   0.2184720000E+01
     7      0      3    307   1  -0.7920000000E-02   0.2250400000E+01
     8      0      3    308   1   0.1000000000E-03   0.9842000000E+00
     9      0      3    309   1  -0.6140000000E-02   0.4090400000E+00
     0      1      3    310   1   0.4800000000E-02  -0.3088580000E+01
     1      1      3    311   1  -0.5040000000E-02  -0.3698260000E+01
     2      1      3    312   1   0.4380000000E-02  -0.3507460000E+01
     3      1      3    313   1  -0.1440000000E-02  -0.2992460000E+01
     4      1      3    314   1   0.4420000000E-02  -0.1885900000E+01
     5      1      3    315   1  -0.2580000000E-02  -0.4465600000E+00
     6      1      3    316   1   0.9720000000E-02   0.6343200000E+00
     7      1      3    317   1   0.7720000000E-02   0.9788400000E+00
     8      1      3    318   1   0.3300000000E-02  -0.1566400000E+00
     9      1      3    319   1   0.2820000000E-02  -0.4195200000E+00
     0      2      3    320   1   0.3480000000E-02  -0.2860700000E+01
     1      2      3    321   1  -0.5000000000E-02  -0.3706040000E+01
     2      2      3    322   1   0.4140000000E-02  -0.3439500000E+01
     3      2      3    323   1  -0.3040000000E-02  -0.2966540000E+01
     4      2      3    324   1  -0.3500000000E-02  -0.1707740000E+01
     5      2      3    325   1  -0.2040000000E-02  -0.2933200000E+00
     6      2      3    326   1  -0.3120000000E-02   0.1143600000E+01
     7      2      3    327   1  -0.2780000000E-02   0.1152700000E+01
     8      2      3    328   1  -0.2320000000E-02   0.6603600000E+00
     9      2      3    329   1  -0.6120000000E-02   0.1874200000E+00
     0      3      3    330   1   0.4740000000E-02  -0.3027360000E+01
     1      3      3    331   1  -0.5100000000E-02  -0.3603280000E+01
     2      3      3    332   1   0.3720000000E-02  -0.3184940000E+01
     3      3      3    333   1  -0.3700000000E-02  -0.2214060000E+01
     4      3      3    334   1   0.2040000000E-02  -0.1236080000E+01
     5      3      3    335   1   0.6680000000E-02   0.3179000000E+00
     6      3      3    336   1   0.8380000000E-02   0.1625520000E+01
     7      3      3    337   1   0.5700000000E-02   0.8457400000E+00
     8      3      3    338   1   0.2520000000E-02   0.5769200000E+00
     9      3      3    339   1   0.1120000000E-02  -0.2190200000E+00
     0      4      3    340   1   0.6420000000E-02  -0.2564180000E+01
     1      4      3    341   1  -0.5020000000E-02  -0.3072700000E+01
     2      4      3    342   1   0.4880000000E-02  -0.2000560000E+01
     3      4      3    343   1  -0.3340000000E-02  -0.4966600000E+00
     4      4      3    344   1  -0.9760000000E-02   0.9787200000E+00
     5      4      3    345   1  -0.7960000000E-02   0.2164660000E+01
     6      4      3    346   1  -0.9460000000E-02   0.2044360000E+01
     7      4      3    347   1  -0.1362000000E-01   0.2675600000E+00
     8      4      3    348   1  -0.5400000000E-03   0.1711600000E+00
     9      4      3    349   1   0.1040000000E-02  -0.2258600000E+00
     0      5      3    350   1   0.3260000000E-02  -0.1738960000E+01
     1      5      3    351   1  -0.4380000000E-02  -0.1796440000E+01
     2      5      3    352   1   0.2560000000E-02  -0.1071300000E+01
     3      5      3    353   1  -0.4400000000E-03  -0.2908200000E+00
     4      5      3    354   1   0.6820000000E-02   0.1741240000E+01
     5      5      3    355   1   0.1052000000E-01   0.2574960000E+01
     6      5      3    356   1   0.9400000000E-02   0.1873380000E+01
     7      5      3    357   1   0.4200000000E-03   0.4734200000E+00
     8      5      3    358   1   0.5980000000E-02   0.1543080000E+01
     9      5      3    359   1   0.5220000000E-02   0.1103760000E+01
     0      6      3    360   1  -0.5900000000E-02  -0.1784400000E+00
     1      6      3    361   1  -0.8640000000E-02  -0.2427200000E+00
     2      6      3    362   1  -0.7800000000E-02   0.8041400000E+00
     3      6      3    363   1  -0.6260000000E-02   0.1424060000E+01
     4      6      3    364   1  -0.1112000000E-01   0.2843420000E+01
     5      6      3    365   1  -0.1254000000E-01   0.3228560000E+01
     6      6      3    366   1  -0.8420000000E-02   0.2988100000E+01
     7      6      3    367   1  -0.1142000000E-01   0.2706420000E+01
     8      6      3    368   1  -0.1186000000E-01   0.3126060000E+01
     9      6      3    369   1  -0.1312000000E-01   0.2453720000E+01
     0      7      3    370   1   0.5540000000E-02   0.9009600000E+00
     1      7      3    371   1   0.5360000000E-02   0.9168800000E+00
     2      7      3    372   1   0.1272000000E-01   0.2378700000E+01
     3      7      3    373   1   0.1390000000E-01   0.3092760000E+01
     4      7      3    374   1   0.1152000000E-01   0.3662440000E+01
     5      7      3    375   1   0.1306000000E-01   0.3778020000E+01
     6      7      3    376   1   0.1330000000E-01   0.3737100000E+01
     7      7      3    377   1   0.1348000000E-01   0.3744020000E+01
     8      7      3    378   1   0.1262000000E-01   0.3705420000E+01
     9      7      3    379   1   0.1454000000E-01   0.3056440000E+01
     0      8      3    380   1  -0.5320000000E-02   0.1669600000E+00
     1      8      3    381   1  -0.1190000000E-01   0.1091240000E+01
     2      8      3    382   1  -0.9520000000E-02   0.2574200000E+01
     3      8      3    383   1  -0.1274000000E-01   0.3502840000E+01
     4      8      3    384   1  -0.1288000000E-01   0.3791080000E+01
     5      8      3    385   1  -0.1270000000E-01   0.3872820000E+01
     6      8      3    386   1  -0.1334000000E-01   0.3885020000E+01
     7      8      3    387   1  -0.1308000000E-01   0.3861200000E+01
     8      8      3    388   1  -0.1318000000E-01   0.3740580000E+01
     9      8      3    389   1  -0.1216000000E-01   0.2831920000E+01
     0      9      3    390   1   0.8360000000E-02  -0.1034400000E+01
     1      9      3    391   1   0.9200000000E-02   0.7778000000E-01
     2      9      3    392   1   0.8360000000E-02   0.1721780000E+01
     3      9      3    393   1   0.1142000000E-01   0.2118680000E+01
     4      9      3    394   1   0.1316000000E-01   0.3157180000E+01
     5      9      3    395   1   0.1166000000E-01   0.3401460000E+01
     6      9      3    396   1   0.1290000000E-01   0.3629420000E+01
     7      9      3    397   1   0.1432000000E-01   0.3580180000E+01
     8      9      3    398   1   0.1348000000E-01   0.3114520000E+01
     9      9      3    399   1   0.1016000000E-01   0.1778980000E+01
     0      0      4    400   1   0.5580000000E-02  -0.1522180000E+01
     1      0      4    401   1  -0.5300000000E-02  -0.2545100000E+01
     2      0      4    402   1   0.4600000000E-02  -0.2250500000E+01
     3      0      4    403   1  -0.3540000000E-02  -0.2764760000E+01
     4      0      4    404   1   0.7080000000E-02  -0.1982780000E+01
     5      0      4    405   1  -0.4020000000E-02  -0.1940660000E+01
     6      0      4    406   1  -0.5460000000E-02   0.3654000000E-01
     7      0      4    407   1  -0.1108000000E-01   0.1206980000E+01
     8      0      4    408   1  -0.7960000000E-02   0.1678480000E+01
     9      0      4    409   1  -0.7160000000E-02   0.9063600000E+00
     0      1      4    410   1   0.7080000000E-02  -0.2862100000E+01
     1      1      4    411   1  -0.6920000000E-02  -0.3554240000E+01
     2      1      4    412   1   0.6400000000E-02  -0.3576380000E+01
     3      1      4    413   1  -0.6660000000E-02  -0.3671980000E+01
     4      1      4    414   1   0.8140000000E-02  -0.3602020000E+01
     5      1      4    415   1  -0.4360000000E-02  -0.3194780000E+01
     6      1      4    416   1   0.2680000000E-02  -0.2056680000E+01
     7      1      4    417   1   0.5860000000E-02   0.4234000000E-01
     8      1      4    418   1   0.1520000000E-01   0.1375900000E+01
     9      1      4    419   1   0.9460000000E-02   0.4694600000E+00
     0      2      4    420   1   0.6780000000E-02  -0.2596940000E+01
     1      2      4    421   1  -0.6020000000E-02  -0.3693920000E+01
     2      2      4    422   1   0.5560000000E-02  -0.3722500000E+01
     3      2      4    423   1  -0.6740000000E-02  -0.3798480000E+01
     4      2      4    424   1   0.6240000000E-02  -0.3715340000E+01
     5      2      4    425   1  -0.5540000000E-02  -0.3302620000E+01
     6      2      4    426   1   0.7040000000E-02  -0.1955980000E+01
     7      2      4    427   1  -0.7660000000E-02  -0.3814400000E+00
     8      2      4    428   1  -0.5060000000E-02   0.8972000000E+00
     9      2      4    429   1  -0.4060000000E-02   0.9314000000E+00
     0      3      4    430   1   0.5780000000E-02  -0.2601960000E+01
     1      3      4    431   1  -0.5380000000E-02  -0.3494640000E+01
     2      3      4    432   1   0.5300000000E-02  -0.3700540000E+01
     3      3      4    433   1  -0.5620000000E-02  -0.3693620000E+01
     4      3      4    434   1   0.4720000000E-02  -0.3310440000E+01
     5      3      4    435   1  -0.4500000000E-02  -0.2144300000E+01
     6      3      4    436   1   0.3900000000E-02  -0.8178400000E+00
     7      3      4    437   1   0.1240000000E-02  -0.9730400000E+00
     8      3      4    438   1   0.3760000000E-02  -0.7597600000E+00
     9      3      4    439   1   0.2300000000E-02  -0.4522000000E-01
     0      4      4    440   1   0.9400000000E-03  -0.1350520000E+01
     1      4      4    441   1  -0.7180000000E-02  -0.2734720000E+01
     2      4      4    442   1   0.4780000000E-02  -0.3319060000E+01
     3      4      4    443   1  -0.3500000000E-02  -0.3140220000E+01
     4      4      4    444   1   0.2200000000E-02  -0.1424980000E+01
     5      4      4    445   1  -0.7420000000E-02   0.2849800000E+00
     6      4      4    446   1  -0.6180000000E-02   0.7556400000E+00
     7      4      4    447   1  -0.4000000000E-03  -0.4856000000E+00
     8      4      4    448   1  -0.5400000000E-02  -0.4852000000E+00
     9      4      4    449   1  -0.6500000000E-02   0.5014400000E+00
     0      5      4    450   1   0.5940000000E-02  -0.2545400000E+00
     1      5      4    451   1  -0.3820000000E-02  -0.1910340000E+01
     2      5      4    452   1   0.7760000000E-02  -0.2504960000E+01
     3      5      4    453   1  -0.4780000000E-02  -0.1567680000E+01
     4      5      4    454   1   0.1234000000E-01   0.7466400000E+00
     5      5      4    455   1   0.1246000000E-01   0.1940280000E+01
     6      5      4    456   1   0.9560000000E-02   0.2019800000E+01
     7      5      4    457   1   0.6060000000E-02   0.1479560000E+01
     8      5      4    458   1   0.8860000000E-02   0.2156100000E+01
     9      5      4    459   1   0.1120000000E-01   0.1980780000E+01
     0      6      4    460   1  -0.9860000000E-02   0.1687360000E+01
     1      6      4    461   1  -0.3420000000E-02  -0.3339400000E+00
     2      6      4    462   1   0.1420000000E-02  -0.7038000000E-01
     3      6      4    463   1  -0.4840000000E-02   0.7585800000E+00
     4      6      4    464   1  -0.1172000000E-01   0.2128980000E+01
     5      6      4    465   1  -0.9440000000E-02   0.3035140000E+01
     6      6      4    466   1  -0.1146000000E-01   0.3371280000E+01
     7      6      4    467   1  -0.1226000000E-01   0.3369020000E+01
     8      6      4    468   1  -0.1440000000E-01   0.3563240000E+01
     9      6      4    469   1  -0.1380000000E-01   0.3334840000E+01
     0      7      4    470   1   0.8600000000E-02   0.2923460000E+01
     1      7      4    471   1   0.8120000000E-02   0.1768720000E+01
     2      7      4    472   1   0.7680000000E-02   0.1855360000E+01
     3      7      4    473   1   0.7140000000E-02   0.2353140000E+01
     4      7      4    474   1   0.1144000000E-01   0.3146820000E+01
     5      7      4    475   1   0.1366000000E-01   0.3637920000E+01
     6      7      4    476   1   0.1334000000E-01   0.3845960000E+01
     7      7      4    477   1   0.1370000000E-01   0.3872540000E+01
     8      7      4    478   1   0.1308000000E-01   0.3835440000E+01
     9      7      4    479   1   0.1314000000E-01   0.3593720000E+01
     0      8      4    480   1  -0.1306000000E-01   0.2637500000E+01
     1      8      4    481   1  -0.1046000000E-01   0.2710820000E+01
     2      8      4    482   1  -0.9480000000E-02   0.2454780000E+01
     3      8      4    483   1  -0.1062000000E-01   0.3050020000E+01
     4      8      4    484   1  -0.1350000000E-01   0.3544320000E+01
     5      8      4    485   1  -0.1446000000E-01   0.3816300000E+01
     6      8      4    486   1  -0.1338000000E-01   0.3871740000E+01
     7      8      4    487   1  -0.1346000000E-01   0.3876140000E+01
     8      8      4    488   1  -0.1364000000E-01   0.3780500000E+01
     9      8      4    489   1  -0.1412000000E-01   0.3349080000E+01
     0      9      4    490   1   0.7200000000E-02   0.1272920000E+01
     1      9      4    491   1   0.7560000000E-02   0.1148940000E+01
     2      9      4    492   1   0.4140000000E-02   0.1198540000E+01
     3      9      4    493   1   0.7620000000E-02   0.1338940000E+01
     4      9      4    494   1   0.1328000000E-01   0.2689800000E+01
     5      9      4    495   1   0.1300000000E-01   0.2514360000E+01
     6      9      4    496   1   0.1316000000E-01   0.3334900000E+01
     7      9      4    497   1   0.1214000000E-01   0.3289980000E+01
     8      9      4    498   1   0.1108000000E-01   0.3252220000E+01
     9      9      4    499   1   0.9040000000E-02   0.2424240000E+01
     0      0      5    500   1   0.2020000000E-02  -0.9351800000E+00
     1      0      5    501   1  -0.6260000000E-02  -0.1594440000E+01
     2      0      5    502   1  -0.5000000000E-03  -0.1191240000E+01
     3      0      5    503   1  -0.4180000000E-02  -0.2305480000E+01
     4      0      5    504   1   0.5400000000E-02  -0.1820360000E+01
     5      0      5    505   1  -0.7500000000E-02  -0.1945200000E+01
     6      0      5    506   1  -0.6200000000E-03  -0.2212000000E-01
     7      0      5    507   1  -0.7520000000E-02   0.1888220000E+01
     8      0      5    508   1  -0.4120000000E-02   0.1992300000E+01
     9      0      5    509   1  -0.9240000000E-02   0.1458300000E+01
     0      1      5    510   1   0.5100000000E-02  -0.2580520000E+01
     1      1      5    511   1  -0.6480000000E-02  -0.3081360000E+01
     2      1      5    512   1   0.5740000000E-02  -0.2949020000E+01
     3      1      5    513   1  -0.6240000000E-02  -0.3425600000E+01
     4      1      5    514   1   0.5560000000E-02  -0.3572580000E+01
     5      1      5    515   1  -0.6360000000E-02  -0.3245100000E+01
     6      1      5    516   1   0.5220000000E-02  -0.2138240000E+01
     7      1      5    517   1   0.7140000000E-02   0.8384400000E+00
     8      1      5    518   1   0.4440000000E-02   0.1468940000E+01
     9      1      5    519   1   0.3200000000E-02   0.5089400000E+00
     0      2      5    520   1   0.5420000000E-02  -0.2675080000E+01
     1      2      5    521   1  -0.5020000000E-02  -0.3445840000E+01
     2      2      5    522   1   0.6240000000E-02  -0.3333620000E+01
     3      2      5    523   1  -0.7120000000E-02  -0.3665700000E+01
     4      2      5    524   1   0.7780000000E-02  -0.3728960000E+01
     5      2      5    525   1  -0.7460000000E-02  -0.3326920000E+01
     6      2      5    526   1   0.4600000000E-02  -0.2084360000E+01
     7      2      5    527   1  -0.5300000000E-02  -0.3202400000E+00
     8      2      5    528   1  -0.2200000000E-02   0.1694000000E-01
     9      2      5    529   1  -0.5120000000E-02  -0.2473600000E+00
     0      3      5    530   1   0.6680000000E-02  -0.2224920000E+01
     1      3      5    531   1  -0.4380000000E-02  -0.3140680000E+01
     2      3      5    532   1   0.3020000000E-02  -0.3106940000E+01
     3      3      5    533   1  -0.6240000000E-02  -0.3560980000E+01
     4      3      5    534   1   0.7220000000E-02  -0.3512240000E+01
     5      3      5    535   1  -0.6300000000E-02  -0.2628240000E+01
     6      3      5    536   1   0.5940000000E-02  -0.1647920000E+01
     7      3      5    537   1   0.2000000000E-04  -0.1294500000E+01
     8      3      5    538   1   0.1920000000E-02  -0.5151200000E+00
     9      3      5    539   1   0.4260000000E-02   0.9982000000E-01
     0      4      5    540   1  -0.1060000000E-02  -0.5632400000E+00
     1      4      5    541   1  -0.2680000000E-02  -0.2131940000E+01
     2      4      5    542   1   0.4520000000E-02  -0.2218440000E+01
     3      4      5    543   1  -0.6140000000E-02  -0.2996520000E+01
     4      4      5    544   1   0.8920000000E-02  -0.2634880000E+01
     5      4      5    545   1  -0.5460000000E-02  -0.1486600000E+01
     6      4      5    546   1   0.3200000000E-03  -0.7681400000E+00
     7      4      5    547   1  -0.8200000000E-03  -0.1046240000E+01
     8      4      5    548   1  -0.1280000000E-02   0.3674200000E+00
     9      4      5    549   1  -0.1030000000E-01   0.1439800000E+01
     0      5      5    550   1   0.8460000000E-02   0.1951460000E+01
     1      5      5    551   1   0.5860000000E-02   0.3177400000E+00
     2      5      5    552   1   0.8160000000E-02  -0.1214240000E+01
     3      5      5    553   1  -0.3360000000E-02  -0.2102320000E+01
     4      5      5    554   1   0.3580000000E-02  -0.1157120000E+01
     5      5      5    555   1   0.4420000000E-02   0.5210800000E+00
     6      5      5    556   1   0.8840000000E-02   0.1204340000E+01
     7      5      5    557   1   0.2940000000E-02   0.7535000000E+00
     8      5      5    558   1   0.9620000000E-02   0.2046180000E+01
     9      5      5    559   1   0.1140000000E-01   0.2772640000E+01
     0      6      5    560   1  -0.1126000000E-01   0.3315600000E+01
     1      6      5    561   1  -0.1292000000E-01   0.2953540000E+01
     2      6      5    562   1  -0.7820000000E-02   0.1366820000E+01
     3      6      5    563   1   0.1520000000E-02  -0.5607400000E+00
     4      6      5    564   1  -0.8340000000E-02   0.1276440000E+01
     5      6      5    565   1  -0.1252000000E-01   0.2977400000E+01
     6      6      5    566   1  -0.1342000000E-01   0.3319640000E+01
     7      6      5    567   1  -0.1306000000E-01   0.3263320000E+01
     8      6      5    568   1  -0.1364000000E-01   0.3583620000E+01
     9      6      5    569   1  -0.1406000000E-01   0.3655480000E+01
     0      7      5    570   1   0.1232000000E-01   0.3618740000E+01
     1      7      5    571   1   0.1368000000E-01   0.3591880000E+01
     2      7      5    572   1   0.1166000000E-01   0.3290140000E+01
     3      7      5    573   1   0.1090000000E-01   0.2271340000E+01
     4      7      5    574   1   0.1246000000E-01   0.3299000000E+01
     5      7      5    575   1   0.1138000000E-01   0.3735500000E+01
     6      7      5    576   1   0.1362000000E-01   0.3866720000E+01
     7      7      5    577   1   0.1348000000E-01   0.3886640000E+01
     8      7      5    578   1   0.1368000000E-01   0.3880180000E+01
     9      7      5    579   1   0.1306000000E-01   0.3802480000E+01
     0      8      5    580   1  -0.1226000000E-01   0.3424980000E+01
     1      8      5    581   1  -0.1350000000E-01   0.3463800000E+01
     2      8      5    582   1  -0.1226000000E-01   0.3358480000E+01
     3      8      5    583   1  -0.1206000000E-01   0.3314480000E+01
     4      8      5    584   1  -0.1246000000E-01   0.3632180000E+01
     5      8      5    585   1  -0.1438000000E-01   0.3836540000E+01
     6      8      5    586   1  -0.1380000000E-01   0.3888040000E+01
     7      8      5    587   1  -0.1352000000E-01   0.3894220000E+01
     8      8      5    588   1  -0.1404000000E-01   0.3865520000E+01
     9      8      5    589   1  -0.1346000000E-01   0.3731960000E+01
     0      9      5    590   1   0.1042000000E-01   0.2377480000E+01
     1      9      5    591   1   0.1124000000E-01   0.2019400000E+01
     2      9      5    592   1   0.1422000000E-01   0.2279580000E+01
     3      9      5    593   1   0.1106000000E-01   0.1864500000E+01
     4      9      5    594   1   0.1384000000E-01   0.2833140000E+01
     5      9      5    595   1   0.1266000000E-01   0.2536600000E+01
     6      9      5    596   1   0.1372000000E-01   0.3346740000E+01
     7      9      5    597   1   0.1254000000E-01   0.3480060000E+01
     8      9      5    598   1   0.1366000000E-01   0.3440780000E+01
     9      9      5    599   1   0.1360000000E-01   0.3134260000E+01
     0      0      6    600   1   0.2100000000E-02  -0.1193300000E+01
     1      0      6    601   1  -0.2620000000E-02  -0.9839400000E+00
     2      0      6    602   1  -0.8600000000E-03   0.1882400000E+00
     3      0      6    603   1  -0.3540000000E-02  -0.1204480000E+01
     4      0      6    604   1   0.8260000000E-02  -0.1664120000E+01
     5      0      6    605   1  -0.4120000000E-02  -0.2124900000E+01
     6      0      6    606   1   0.1760000000E-02  -0.3890400000E+00
     7      0      6    607   1  -0.4320000000E-02   0.2127520000E+01
     8      0      6    608   1  -0.4560000000E-02   0.2424620000E+01
     9      0      6    609   1  -0.7740000000E-02   0.6897200000E+00
     0      1      6    610   1   0.3560000000E-02  -0.2232020000E+01
     1      1      6    611   1  -0.4640000000E-02  -0.2258680000E+01
     2      1      6    612   1   0.2980000000E-02  -0.9076200000E+00
     3      1      6    613   1  -0.4020000000E-02  -0.2163800000E+01
     4      1      6    614   1   0.8320000000E-02  -0.3157140000E+01
     5      1      6    615   1  -0.6480000000E-02  -0.2817800000E+01
     6      1      6    616   1   0.5660000000E-02  -0.1237640000E+01
     7      1      6    617   1   0.5160000000E-02   0.1340080000E+01
     8      1      6    618   1   0.7060000000E-02   0.2085740000E+01
     9      1      6    619   1   0.1480000000E-02   0.5274800000E+00
     0      2      6    620   1   0.3720000000E-02  -0.2374040000E+01
     1      2      6    621   1  -0.4280000000E-02  -0.2817980000E+01
     2      2      6    622   1   0.6860000000E-02  -0.2190000000E+01
     3      2      6    623   1  -0.7840000000E-02  -0.2930580000E+01
     4      2      6    624   1   0.7820000000E-02  -0.3090000000E+01
     5      2      6    625   1  -0.4620000000E-02  -0.2270100000E+01
     6      2      6    626   1   0.2520000000E-02  -0.6805800000E+00
     7      2      6    627   1  -0.1000000000E-02   0.3417800000E+00
     8      2      6    628   1  -0.2460000000E-02   0.5783400000E+00
     9      2      6    629   1  -0.9240000000E-02   0.2422600000E+00
     0      3      6    630   1   0.5320000000E-02  -0.1945520000E+01
     1      3      6    631   1  -0.6560000000E-02  -0.2304800000E+01
     2      3      6    632   1   0.2860000000E-02  -0.2253840000E+01
     3      3      6    633   1  -0.6080000000E-02  -0.2654800000E+01
     4      3      6    634   1   0.5940000000E-02  -0.2200920000E+01
     5      3      6    635   1   0.4000000000E-03  -0.1469600000E+01
     6      3      6    636   1   0.4020000000E-02  -0.9605600000E+00
     7      3      6    637   1   0.4440000000E-02  -0.7660600000E+00
     8      3      6    638   1   0.3680000000E-02  -0.2697200000E+00
     9      3      6    639   1   0.7200000000E-03   0.6501600000E+00
     0      4      6    640   1   0.3840000000E-02  -0.4145000000E+00
     1      4      6    641   1  -0.1700000000E-02  -0.1017040000E+01
     2      4      6    642   1  -0.6000000000E-04  -0.1334420000E+01
     3      4      6    643   1  -0.1200000000E-03  -0.2158840000E+01
     4      4      6    644   1   0.8380000000E-02  -0.1230140000E+01
     5      4      6    645   1  -0.3340000000E-02  -0.6857800000E+00
     6      4      6    646   1   0.1600000000E-02  -0.4553000000E+00
     7      4      6    647   1  -0.8800000000E-03  -0.4417400000E+00
     8      4      6    648   1  -0.1174000000E-01   0.8669400000E+00
     9      4      6    649   1  -0.7360000000E-02   0.1887720000E+01
     0      5      6    650   1   0.7320000000E-02   0.1561660000E+01
     1      5      6    651   1   0.1340000000E-02   0.9426200000E+00
     2      5      6    652   1   0.2500000000E-02   0.4315600000E+00
     3      5      6    653   1  -0.1160000000E-02  -0.1011580000E+01
     4      5      6    654   1   0.5540000000E-02  -0.1612400000E+00
     5      5      6    655   1   0.5920000000E-02   0.5040800000E+00
     6      5      6    656   1   0.1134000000E-01   0.1646080000E+01
     7      5      6    657   1   0.6960000000E-02   0.2293840000E+01
     8      5      6    658   1   0.9980000000E-02   0.2953960000E+01
     9      5      6    659   1   0.1130000000E-01   0.3009080000E+01
     0      6      6    660   1  -0.6380000000E-02   0.2605120000E+01
     1      6      6    661   1  -0.8900000000E-02   0.2597220000E+01
     2      6      6    662   1  -0.7880000000E-02   0.1776500000E+01
     3      6      6    663   1  -0.7800000000E-03  -0.7976000000E-01
     4      6      6    664   1  -0.3660000000E-02   0.1304460000E+01
     5      6      6    665   1  -0.1466000000E-01   0.2709140000E+01
     6      6      6    666   1  -0.1248000000E-01   0.3435180000E+01
     7      6      6    667   1  -0.1264000000E-01   0.3697780000E+01
     8      6      6    668   1  -0.1392000000E-01   0.3748060000E+01
     9      6      6    669   1  -0.1230000000E-01   0.3534320000E+01
     0      7      6    670   1   0.1204000000E-01   0.3386680000E+01
     1      7      6    671   1   0.1342000000E-01   0.3514860000E+01
     2      7      6    672   1   0.1436000000E-01   0.3268740000E+01
     3      7      6    673   1   0.1098000000E-01   0.2299520000E+01
     4      7      6    674   1   0.1364000000E-01   0.3067720000E+01
     5      7      6    675   1   0.1284000000E-01   0.3632200000E+01
     6      7      6    676   1   0.1246000000E-01   0.3853620000E+01
     7      7      6    677   1   0.1294000000E-01   0.3895560000E+01
     8      7      6    678   1   0.1274000000E-01   0.3892660000E+01
     9      7      6    679   1   0.1280000000E-01   0.3790460000E+01
     0      8      6    680   1  -0.1384000000E-01   0.3617720000E+01
     1      8      6    681   1  -0.1308000000E-01   0.3699300000E+01
     2      8      6    682   1  -0.1330000000E-01   0.3389920000E+01
     3      8      6    683   1  -0.9660000000E-02   0.2682820000E+01
     4      8      6    684   1  -0.1252000000E-01   0.3256880000E+01
     5      8      6    685   1  -0.1256000000E-01   0.3752080000E+01
     6      8      6    686   1  -0.1384000000E-01   0.3872320000E+01
     7      8      6    687   1  -0.1256000000E-01   0.3892340000E+01
     8      8      6    688   1  -0.1300000000E-01   0.3878700000E+01
     9      8      6    689   1  -0.1238000000E-01   0.3795660000E+01
     0      9      6    690   1   0.8260000000E-02   0.2500700000E+01
     1      9      6    691   1   0.1274000000E-01   0.2602820000E+01
     2      9      6    692   1   0.1330000000E-01   0.2855760000E+01
     3      9      6    693   1   0.6940000000E-02   0.1912800000E+01
     4      9      6    694   1   0.1102000000E-01   0.2542320000E+01
     5      9      6    695   1   0.1320000000E-01   0.2436280000E+01
     6      9      6    696   1   0.1158000000E-01   0.3148640000E+01
     7      9      6    697   1   0.1320000000E-01   0.3555400000E+01
     8      9      6    698   1   0.1302000000E-01   0.3577980000E+01
     9      9      6    699   1   0.1330000000E-01   0.2994440000E+01
     0      0      7    700   1  -0.7000000000E-03  -0.1936200000E+00
     1      0      7    701   1  -0.5060000000E-02   0.4835200000E+00
     2      0      7    702   1  -0.5740000000E-02   0.9372800000E+00
     3      0      7    703   1  -0.5740000000E-02  -0.1113240000E+01
     4      0      7    704   1   0.7660000000E-02  -0.1554300000E+01
     5      0      7    705   1  -0.6020000000E-02  -0.1826980000E+01
     6      0      7    706   1  -0.3320000000E-02  -0.1182800000E+00
     7      0      7    707   1  -0.1316000000E-01   0.2222220000E+01
     8      0      7    708   1  -0.9520000000E-02   0.2444680000E+01
     9      0      7    709   1  -0.3780000000E-02   0.5188800000E+00
     0      1      7    710   1   0.6960000000E-02  -0.4132200000E+00
     1      1      7    711   1  -0.1600000000E-03  -0.4936200000E+00
     2      1      7    712   1   0.4320000000E-02  -0.3301600000E+00
     3      1      7    713   1  -0.7100000000E-02  -0.1845320000E+01
     4      1      7    714   1   0.7260000000E-02  -0.2865200000E+01
     5      1      7    715   1  -0.6100000000E-02  -0.2728800000E+01
     6      1      7    716   1   0.3280000000E-02  -0.1444480000E+01
     7      1      7    717   1   0.9740000000E-02   0.1442140000E+01
     8      1      7    718   1   0.8620000000E-02   0.2580480000E+01
     9      1      7    719   1   0.8740000000E-02   0.1377100000E+01
     0      2      7    720   1  -0.1260000000E-02  -0.5182200000E+00
     1      2      7    721   1  -0.3360000000E-02  -0.6114200000E+00
     2      2      7    722   1   0.1520000000E-02  -0.7085800000E+00
     3      2      7    723   1  -0.7480000000E-02  -0.1240120000E+01
     4      2      7    724   1   0.4500000000E-02  -0.2170080000E+01
     5      2      7    725   1  -0.8400000000E-02  -0.2234020000E+01
     6      2      7    726   1   0.3720000000E-02  -0.7226600000E+00
     7      2      7    727   1  -0.5240000000E-02   0.1435000000E+01
     8      2      7    728   1  -0.8680000000E-02   0.2369160000E+01
     9      2      7    729   1  -0.1114000000E-01   0.1766360000E+01
     0      3      7    730   1   0.3440000000E-02  -0.1222760000E+01
     1      3      7    731   1   0.3520000000E-02  -0.5171000000E+00
     2      3      7    732   1  -0.2020000000E-02  -0.4086600000E+00
     3      3      7    733   1  -0.8000000000E-03  -0.3858200000E+00
     4      3      7    734   1   0.5460000000E-02  -0.9983400000E+00
     5      3      7    735   1  -0.3940000000E-02  -0.1494320000E+01
     6      3      7    736   1  -0.8600000000E-03  -0.1366420000E+01
     7      3      7    737   1   0.1140000000E-02   0.4547600000E+00
     8      3      7    738   1   0.7960000000E-02   0.1869560000E+01
     9      3      7    739   1   0.6480000000E-02   0.1193480000E+01
     0      4      7    740   1  -0.6500000000E-02   0.1040940000E+01
     1      4      7    741   1  -0.4600000000E-02   0.1252540000E+01
     2      4      7    742   1  -0.2700000000E-02   0.1025240000E+01
     3      4      7    743   1  -0.4020000000E-02   0.3607200000E+00
     4      4      7    744   1   0.4340000000E-02  -0.3632200000E+00
     5      4      7    745   1  -0.4440000000E-02  -0.5481600000E+00
     6      4      7    746   1  -0.1460000000E-02  -0.8684200000E+00
     7      4      7    747   1  -0.2780000000E-02   0.1116940000E+01
     8      4      7    748   1  -0.1154000000E-01   0.2615020000E+01
     9      4      7    749   1  -0.1370000000E-01   0.2568680000E+01
     0      5      7    750   1   0.1388000000E-01   0.2786800000E+01
     1      5      7    751   1   0.1002000000E-01   0.2614180000E+01
     2      5      7    752   1   0.1188000000E-01   0.2059660000E+01
     3      5      7    753   1   0.7200000000E-03   0.7935200000E+00
     4      5      7    754   1   0.7460000000E-02   0.4460400000E+00
     5      5      7    755   1   0.5860000000E-02   0.1078560000E+01
     6      5      7    756   1   0.1070000000E-01   0.1438100000E+01
     7      5      7    757   1   0.1220000000E-01   0.2925000000E+01
     8      5      7    758   1   0.1266000000E-01   0.3551380000E+01
     9      5      7    759   1   0.1388000000E-01   0.3493840000E+01
     0      6      7    760   1  -0.1076000000E-01   0.2833760000E+01
     1      6      7    761   1  -0.1134000000E-01   0.2924180000E+01
     2      6      7    762   1  -0.8380000000E-02   0.2513660000E+01
     3      6      7    763   1  -0.6240000000E-02   0.1176840000E+01
     4      6      7    764   1  -0.5520000000E-02   0.1466880000E+01
     5      6      7    765   1  -0.1192000000E-01   0.2865140000E+01
     6      6      7    766   1  -0.1282000000E-01   0.3392360000E+01
     7      6      7    767   1  -0.1262000000E-01   0.3781600000E+01
     8      6      7    768   1  -0.1280000000E-01   0.3830020000E+01
     9      6      7    769   1  -0.1336000000E-01   0.3596820000E+01
     0      7      7    770   1   0.1238000000E-01   0.3327800000E+01
     1      7      7    771   1   0.1182000000E-01   0.3210400000E+01
     2      7      7    772   1   0.1004000000E-01   0.2844760000E+01
     3      7      7    773   1   0.7260000000E-02   0.2325860000E+01
     4      7      7    774   1   0.7220000000E-02   0.2538640000E+01
     5      7      7    775   1   0.1266000000E-01   0.3540900000E+01
     6      7      7    776   1   0.1284000000E-01   0.3851720000E+01
     7      7      7    777   1   0.1338000000E-01   0.3878840000E+01
     8      7      7    778   1   0.1330000000E-01   0.3842180000E+01
     9      7      7    779   1   0.1298000000E-01   0.3743960000E+01
     0      8      7    780   1  -0.1236000000E-01   0.3457800000E+01
     1      8      7    781   1  -0.1208000000E-01   0.3333000000E+01
     2      8      7    782   1  -0.1114000000E-01   0.3038120000E+01
     3      8      7    783   1  -0.1108000000E-01   0.3025780000E+01
     4      8      7    784   1  -0.1276000000E-01   0.3256220000E+01
     5      8      7    785   1  -0.1376000000E-01   0.3746700000E+01
     6      8      7    786   1  -0.1290000000E-01   0.3867500000E+01
     7      8      7    787   1  -0.1276000000E-01   0.3881780000E+01
     8      8      7    788   1  -0.1486000000E-01   0.3830900000E+01
     9      8      7    789   1  -0.1448000000E-01   0.3645760000E+01
     0      9      7    790   1   0.8420000000E-02   0.2310140000E+01
     1      9      7    791   1   0.9160000000E-02   0.2605600000E+01
     2      9      7    792   1   0.9680000000E-02   0.2760380000E+01
     3      9      7    793   1   0.6820000000E-02   0.2050020000E+01
     4      9      7    794   1   0.9080000000E-02   0.2610300000E+01
     5      9      7    795   1   0.1322000000E-01   0.2532120000E+01
     6      9      7    796   1   0.1218000000E-01   0.3217840000E+01
     7      9      7    797   1   0.1236000000E-01   0.3559700000E+01
     8      9      7    798   1   0.1400000000E-01   0.3495940000E+01
     9      9      7    799   1   0.1396000000E-01   0.2553840000E+01
     0      0      8    800   1  -0.2280000000E-02   0.1014840000E+01
     1      0      8    801   1  -0.4500000000E-02   0.1174520000E+01
     2      0      8    802   1  -0.1800000000E-02   0.2374200000E+00
     3      0      8    803   1  -0.5460000000E-02  -0.1395380000E+01
     4      0      8    804   1   0.4880000000E-02  -0.1699120000E+01
     5      0      8    805   1  -0.5640000000E-02  -0.1963720000E+01
     6      0      8    806   1  -0.1820000000E-02  -0.1068800000E+00
     7      0      8    807   1  -0.1086000000E-01   0.2382700000E+01
     8      0      8    808   1  -0.1318000000E-01   0.2632520000E+01
     9      0      8    809   1  -0.6580000000E-02   0.2055180000E+01
     0      1      8    810   1   0.3140000000E-02   0.3989600000E+00
     1      1      8    811   1  -0.2520000000E-02   0.6081800000E+00
     2      1      8    812   1  -0.3680000000E-02  -0.1714400000E+00
     3      1      8    813   1  -0.2860000000E-02  -0.2170820000E+01
     4      1      8    814   1   0.5480000000E-02  -0.2877040000E+01
     5      1      8    815   1  -0.2680000000E-02  -0.2417900000E+01
     6      1      8    816   1   0.3920000000E-02  -0.1224880000E+01
     7      1      8    817   1   0.1154000000E-01   0.1115920000E+01
     8      1      8    818   1   0.1052000000E-01   0.1955760000E+01
     9      1      8    819   1   0.2440000000E-02   0.1747540000E+01
     0      2      8    820   1  -0.1440000000E-02   0.1674400000E+00
     1      2      8    821   1   0.1740000000E-02   0.8682000000E-01
     2      2      8    822   1   0.4700000000E-02   0.3920400000E+00
     3      2      8    823   1   0.3640000000E-02  -0.1806340000E+01
     4      2      8    824   1   0.2140000000E-02  -0.2556020000E+01
     5      2      8    825   1  -0.1340000000E-02  -0.2088540000E+01
     6      2      8    826   1  -0.4360000000E-02  -0.6551600000E+00
     7      2      8    827   1  -0.6220000000E-02   0.1016920000E+01
     8      2      8    828   1  -0.8280000000E-02   0.2081980000E+01
     9      2      8    829   1  -0.9220000000E-02   0.2023120000E+01
     0      3      8    830   1  -0.5000000000E-03  -0.1942400000E+00
     1      3      8    831   1   0.1880000000E-02  -0.6224000000E-01
     2      3      8    832   1  -0.9800000000E-03   0.1080340000E+01
     3      3      8    833   1  -0.9200000000E-03  -0.6186800000E+00
     4      3      8    834   1   0.2920000000E-02  -0.1925760000E+01
     5      3      8    835   1  -0.3120000000E-02  -0.2302680000E+01
     6      3      8    836   1   0.5280000000E-02  -0.1805220000E+01
     7      3      8    837   1  -0.2860000000E-02  -0.2639600000E+00
     8      3      8    838   1   0.8020000000E-02   0.1265900000E+01
     9      3      8    839   1   0.7240000000E-02   0.1442980000E+01
     0      4      8    840   1  -0.3320000000E-02   0.8402600000E+00
     1      4      8    841   1  -0.7000000000E-03   0.8007800000E+00
     2      4      8    842   1  -0.8000000000E-04   0.1873280000E+01
     3      4      8    843   1  -0.3100000000E-02   0.1037440000E+01
     4      4      8    844   1   0.1820000000E-02  -0.3774800000E+00
     5      4      8    845   1  -0.4260000000E-02  -0.1421220000E+01
     6      4      8    846   1  -0.3120000000E-02  -0.6475200000E+00
     7      4      8    847   1  -0.8920000000E-02   0.8755600000E+00
     8      4      8    848   1  -0.9480000000E-02   0.1893180000E+01
     9      4      8    849   1  -0.8200000000E-02   0.2117060000E+01
     0      5      8    850   1   0.6180000000E-02   0.2075560000E+01
     1      5      8    851   1   0.9020000000E-02   0.1741540000E+01
     2      5      8    852   1   0.5660000000E-02   0.1771320000E+01
     3      5      8    853   1   0.3460000000E-02   0.8083400000E+00
     4      5      8    854   1   0.1144000000E-01   0.1142800000E+01
     5      5      8    855   1   0.8280000000E-02   0.1268720000E+01
     6      5      8    856   1   0.7180000000E-02   0.2104260000E+01
     7      5      8    857   1   0.1098000000E-01   0.2966080000E+01
     8      5      8    858   1   0.1132000000E-01   0.3288440000E+01
     9      5      8    859   1   0.1190000000E-01   0.3097800000E+01
     0      6      8    860   1  -0.1032000000E-01   0.2147260000E+01
     1      6      8    861   1  -0.5880000000E-02   0.1955000000E+01
     2      6      8    862   1  -0.4360000000E-02   0.1792260000E+01
     3      6      8    863   1  -0.1820000000E-02   0.1422080000E+01
     4      6      8    864   1  -0.1040000000E-01   0.2477040000E+01
     5      6      8    865   1  -0.1136000000E-01   0.3081260000E+01
     6      6      8    866   1  -0.1192000000E-01   0.3457660000E+01
     7      6      8    867   1  -0.1378000000E-01   0.3734280000E+01
     8      6      8    868   1  -0.1164000000E-01   0.3745720000E+01
     9      6      8    869   1  -0.1382000000E-01   0.3326220000E+01
     0      7      8    870   1   0.1042000000E-01   0.2572020000E+01
     1      7      8    871   1   0.4660000000E-02   0.2127980000E+01
     2      7      8    872   1   0.6340000000E-02   0.1471220000E+01
     3      7      8    873   1   0.6140000000E-02   0.1782140000E+01
     4      7      8    874   1   0.1254000000E-01   0.2986520000E+01
     5      7      8    875   1   0.1322000000E-01   0.3575960000E+01
     6      7      8    876   1   0.1330000000E-01   0.3802640000E+01
     7      7      8    877   1   0.1290000000E-01   0.3868880000E+01
     8      7      8    878   1   0.1180000000E-01   0.3837000000E+01
     9      7      8    879   1   0.1136000000E-01   0.3511860000E+01
     0      8      8    880   1  -0.1120000000E-01   0.2776440000E+01
     1      8      8    881   1  -0.2820000000E-02   0.1736400000E+01
     2      8      8    882   1  -0.6000000000E-04   0.1183060000E+01
     3      8      8    883   1  -0.6160000000E-02   0.1647400000E+01
     4      8      8    884   1  -0.1052000000E-01   0.2728440000E+01
     5      8      8    885   1  -0.1328000000E-01   0.3564560000E+01
     6      8      8    886   1  -0.1368000000E-01   0.3816400000E+01
     7      8      8    887   1  -0.1400000000E-01   0.3861200000E+01
     8      8      8    888   1  -0.1406000000E-01   0.3795900000E+01
     9      8      8    889   1  -0.1206000000E-01   0.3546340000E+01
     0      9      8    890   1   0.5100000000E-02   0.2430440000E+01
     1      9      8    891   1   0.9120000000E-02   0.1850920000E+01
     2      9      8    892   1   0.4860000000E-02   0.1597900000E+01
     3      9      8    893   1   0.6720000000E-02   0.1422740000E+01
     4      9      8    894   1   0.8260000000E-02   0.2101660000E+01
     5      9      8    895   1   0.1214000000E-01   0.2233640000E+01
     6      9      8    896   1   0.1382000000E-01   0.3135840000E+01
     7      9      8    897   1   0.1388000000E-01   0.3577600000E+01
     8      9      8    898   1   0.1252000000E-01   0.3496160000E+01
     9      9      8    899   1   0.1064000000E-01   0.3162300000E+01
     0      0      9    900   1   0.3320000000E-02  -0.2065600000E+00
     1      0      9    901   1  -0.4200000000E-03   0.5264000000E+00
     2      0      9    902   1  -0.1180000000E-02   0.2689000000E+00
     3      0      9    903   1  -0.1020000000E-01  -0.2133540000E+01
     4      0      9    904   1   0.1052000000E-01  -0.2504140000E+01
     5      0      9    905   1  -0.5320000000E-02  -0.1897780000E+01
     6      0      9    906   1  -0.2760000000E-02  -0.2494000000E-01
     7      0      9    907   1  -0.5980000000E-02   0.2063960000E+01
     8      0      9    908   1  -0.9900000000E-02   0.1958280000E+01
     9      0      9    909   1  -0.9060000000E-02   0.1684780000E+01
     0      1      9    910   1   0.7820000000E-02  -0.7406000000E-01
     1      1      9    911   1   0.3100000000E-02   0.3883600000E+00
     2      1      9    912   1   0.5840000000E-02  -0.2496400000E+00
     3      1      9    913   1  -0.6320000000E-02  -0.2567900000E+01
     4      1      9    914   1   0.9540000000E-02  -0.3055120000E+01
     5      1      9    915   1  -0.6820000000E-02  -0.2152580000E+01
     6      1      9    916   1   0.3700000000E-02  -0.3456200000E+00
     7      1      9    917   1   0.4720000000E-02   0.1776160000E+01
     8      1      9    918   1   0.6060000000E-02   0.2128480000E+01
     9      1      9    919   1   0.5760000000E-02   0.1848400000E+01
     0      2      9    920   1  -0.4760000000E-02   0.1223000000E+00
     1      2      9    921   1   0.2000000000E-03  -0.1346400000E+00
     2      2      9    922   1   0.5320000000E-02  -0.4152400000E+00
     3      2      9    923   1  -0.3800000000E-02  -0.2074660000E+01
     4      2      9    924   1   0.5660000000E-02  -0.2489440000E+01
     5      2      9    925   1  -0.5660000000E-02  -0.1748160000E+01
     6      2      9    926   1   0.4480000000E-02  -0.1206800000E+00
     7      2      9    927   1  -0.4620000000E-02   0.1185900000E+01
     8      2      9    928   1  -0.5180000000E-02   0.1610500000E+01
     9      2      9    929   1  -0.7900000000E-02   0.1389820000E+01
     0      3      9    930   1   0.1940000000E-02   0.6641600000E+00
     1      3      9    931   1   0.7400000000E-03   0.2872000000E+00
     2      3      9    932   1   0.2920000000E-02   0.1658200000E+00
     3      3      9    933   1  -0.6200000000E-02  -0.8259200000E+00
     4      3      9    934   1   0.4400000000E-02  -0.1471120000E+01
     5      3      9    935   1  -0.4320000000E-02  -0.1640360000E+01
     6      3      9    936   1   0.9400000000E-03  -0.9535400000E+00
     7      3      9    937   1  -0.2640000000E-02  -0.2176400000E+00
     8      3      9    938   1  -0.2720000000E-02   0.4262000000E+00
     9      3      9    939   1   0.1600000000E-03   0.7023800000E+00
     0      4      9    940   1  -0.6900000000E-02   0.9303200000E+00
     1      4      9    941   1  -0.5660000000E-02   0.1039180000E+01
     2      4      9    942   1  -0.4520000000E-02   0.8942200000E+00
     3      4      9    943   1  -0.3480000000E-02  -0.8628000000E-01
     4      4      9    944   1  -0.1980000000E-02  -0.7453400000E+00
     5      4      9    945   1  -0.1720000000E-02  -0.1322580000E+01
     6      4      9    946   1   0.1740000000E-02  -0.8165600000E+00
     7      4      9    947   1  -0.5880000000E-02   0.5572000000E-01
     8      4      9    948   1  -0.8620000000E-02   0.1217100000E+01
     9      4      9    949   1  -0.7180000000E-02   0.1472700000E+01
     0      5      9    950   1   0.3580000000E-02   0.5878000000E+00
     1      5      9    951   1   0.2900000000E-02   0.1081940000E+01
     2      5      9    952   1   0.6640000000E-02   0.8112000000E+00
     3      5      9    953   1   0.2780000000E-02   0.7297000000E+00
     4      5      9    954   1   0.2220000000E-02   0.4205400000E+00
     5      5      9    955   1   0.2020000000E-02   0.1410400000E+00
     6      5      9    956   1   0.6580000000E-02   0.6472800000E+00
     7      5      9    957   1   0.8360000000E-02   0.1240080000E+01
     8      5      9    958   1   0.9680000000E-02   0.1983860000E+01
     9      5      9    959   1   0.8740000000E-02   0.1799360000E+01
     0      6      9    960   1  -0.4940000000E-02   0.1094800000E+00
     1      6      9    961   1  -0.5980000000E-02   0.1556000000E-01
     2      6      9    962   1  -0.5040000000E-02   0.2054800000E+00
     3      6      9    963   1  -0.5760000000E-02   0.1475760000E+01
     4      6      9    964   1  -0.8000000000E-02   0.2109460000E+01
     5      6      9    965   1  -0.9440000000E-02   0.2274860000E+01
     6      6      9    966   1  -0.1376000000E-01   0.2523040000E+01
     7      6      9    967   1  -0.7900000000E-02   0.2766980000E+01
     8      6      9    968   1  -0.8660000000E-02   0.2834360000E+01
     9      6      9    969   1  -0.1032000000E-01   0.2171140000E+01
     0      7      9    970   1   0.9800000000E-02   0.9266200000E+00
     1      7      9    971   1   0.2960000000E-02   0.1772800000E+00
     2      7      9    972   1  -0.1620000000E-02  -0.3634000000E+00
     3      7      9    973   1   0.2900000000E-02   0.7060600000E+00
     4      7      9    974   1   0.9760000000E-02   0.2478920000E+01
     5      7      9    975   1   0.1216000000E-01   0.3075980000E+01
     6      7      9    976   1   0.1136000000E-01   0.3122040000E+01
     7      7      9    977   1   0.1080000000E-01   0.3248100000E+01
     8      7      9    978   1   0.9620000000E-02   0.3072440000E+01
     9      7      9    979   1   0.1224000000E-01   0.2398020000E+01
     0      8      9    980   1  -0.1080000000E-02   0.9215000000E+00
     1      8      9    981   1  -0.2920000000E-02   0.4278200000E+00
     2      8      9    982   1   0.1460000000E-02   0.5627000000E+00
     3      8      9    983   1   0.8000000000E-04   0.3293800000E+00
     4      8      9    984   1  -0.6740000000E-02   0.1435300000E+01
     5      8      9    985   1  -0.1162000000E-01   0.2960940000E+01
     6      8      9    986   1  -0.1180000000E-01   0.3188660000E+01
     7      8      9    987   1  -0.1310000000E-01   0.3122560000E+01
     8      8      9    988   1  -0.1094000000E-01   0.2605500000E+01
     9      8      9    989   1  -0.1096000000E-01   0.2231500000E+01
     0      9      9    990   1   0.1090000000E-01   0.6458800000E+00
     1      9      9    991   1   0.2440000000E-02   0.7030800000E+00
     2      9      9    992   1   0.2960000000E-02   0.8538400000E+00
     3      9      9    993   1  -0.5920000000E-02  -0.6252800000E+00
     4      9      9    994   1   0.9240000000E-02  -0.1416200000E+00
     5      9      9    995   1   0.9680000000E-02   0.1603720000E+01
     6      9      9    996   1   0.1046000000E-01   0.2680420000E+01
     7      9      9    997   1   0.9420000000E-02   0.2680080000E+01
     8      9      9    998   1   0.1026000000E-01   0.1749380000E+01
     9      9      9    999   1   0.7520000000E-02   0.1776620000E+01
