 program J1J2_6          
 linear system size                40
 J1                         1.0000000000000000     
 deltaJ1                    0.0000000000000000     
 J2                        -1.0000000000000000     
 J3                         1.0000000000000000     
 phi                        2.0000000000000000     
 impurity conc.             0.0000000000000000     
 impurity mode           RAN
 start                   HOT
 stripe axis             X
 sampler mode            PT   
 update order            SEQ
 temperature protocol    INDEP
 PT start mode           COMMON
 PT ladder mode          LINEAR
 PT replicas                       20
 PT swap every                      5
 PT measure index                   1
 disorder configurations          100
 equilibration steps           100000
 measurement steps             100000
 RNG seed                           1
 energy definition       exchange + phi
 -------------------------
 disorder configurations processed          100
 T  BIN   [<energy>]  freq
 0.800000E+01    1 -.873885E+01 0.000000E+00
 0.800000E+01    2 -.864146E+01 0.000000E+00
 0.800000E+01    3 -.854408E+01 0.000000E+00
 0.800000E+01    4 -.844669E+01 0.000000E+00
 0.800000E+01    5 -.834930E+01 0.000000E+00
 0.800000E+01    6 -.825191E+01 0.000000E+00
 0.800000E+01    7 -.815452E+01 0.000000E+00
 0.800000E+01    8 -.805713E+01 0.000000E+00
 0.800000E+01    9 -.795974E+01 0.000000E+00
 0.800000E+01   10 -.786236E+01 0.000000E+00
 0.800000E+01   11 -.776497E+01 0.000000E+00
 0.800000E+01   12 -.766758E+01 0.000000E+00
 0.800000E+01   13 -.757019E+01 0.000000E+00
 0.800000E+01   14 -.747280E+01 0.000000E+00
 0.800000E+01   15 -.737541E+01 0.000000E+00
 0.800000E+01   16 -.727802E+01 0.000000E+00
 0.800000E+01   17 -.718064E+01 0.000000E+00
 0.800000E+01   18 -.708325E+01 0.000000E+00
 0.800000E+01   19 -.698586E+01 0.000000E+00
 0.800000E+01   20 -.688847E+01 0.000000E+00
 0.800000E+01   21 -.679108E+01 0.000000E+00
 0.800000E+01   22 -.669369E+01 0.000000E+00
 0.800000E+01   23 -.659631E+01 0.000000E+00
 0.800000E+01   24 -.649892E+01 0.000000E+00
 0.800000E+01   25 -.640153E+01 0.000000E+00
 0.800000E+01   26 -.630414E+01 0.000000E+00
 0.800000E+01   27 -.620675E+01 0.000000E+00
 0.800000E+01   28 -.610936E+01 0.000000E+00
 0.800000E+01   29 -.601197E+01 0.000000E+00
 0.800000E+01   30 -.591459E+01 0.000000E+00
 0.800000E+01   31 -.581720E+01 0.000000E+00
 0.800000E+01   32 -.571981E+01 0.000000E+00
 0.800000E+01   33 -.562242E+01 0.000000E+00
 0.800000E+01   34 -.552503E+01 0.000000E+00
 0.800000E+01   35 -.542764E+01 0.000000E+00
 0.800000E+01   36 -.533025E+01 0.000000E+00
 0.800000E+01   37 -.523287E+01 0.000000E+00
 0.800000E+01   38 -.513548E+01 0.000000E+00
 0.800000E+01   39 -.503809E+01 0.000000E+00
 0.800000E+01   40 -.494070E+01 0.000000E+00
 0.800000E+01   41 -.484331E+01 0.000000E+00
 0.800000E+01   42 -.474592E+01 0.000000E+00
 0.800000E+01   43 -.464853E+01 0.000000E+00
 0.800000E+01   44 -.455115E+01 0.000000E+00
 0.800000E+01   45 -.445376E+01 0.000000E+00
 0.800000E+01   46 -.435637E+01 0.000000E+00
 0.800000E+01   47 -.425898E+01 0.000000E+00
 0.800000E+01   48 -.416159E+01 0.000000E+00
 0.800000E+01   49 -.406420E+01 0.301810E-02
 0.800000E+01   50 -.396681E+01 0.534991E+00
 0.800000E+01   51 -.386943E+01 0.461061E+00
 0.800000E+01   52 -.377204E+01 0.929800E-03
 0.800000E+01   53 -.367465E+01 0.000000E+00
 0.800000E+01   54 -.357726E+01 0.000000E+00
 0.800000E+01   55 -.347987E+01 0.000000E+00
 0.800000E+01   56 -.338248E+01 0.000000E+00
 0.800000E+01   57 -.328510E+01 0.000000E+00
 0.800000E+01   58 -.318771E+01 0.000000E+00
 0.800000E+01   59 -.309032E+01 0.000000E+00
 0.800000E+01   60 -.299293E+01 0.000000E+00
 0.800000E+01   61 -.289554E+01 0.000000E+00
 0.800000E+01   62 -.279815E+01 0.000000E+00
 0.800000E+01   63 -.270076E+01 0.000000E+00
 0.800000E+01   64 -.260338E+01 0.000000E+00
 0.800000E+01   65 -.250599E+01 0.000000E+00
 0.800000E+01   66 -.240860E+01 0.000000E+00
 0.800000E+01   67 -.231121E+01 0.000000E+00
 0.800000E+01   68 -.221382E+01 0.000000E+00
 0.800000E+01   69 -.211643E+01 0.000000E+00
 0.800000E+01   70 -.201904E+01 0.000000E+00
 0.800000E+01   71 -.192166E+01 0.000000E+00
 0.800000E+01   72 -.182427E+01 0.000000E+00
 0.800000E+01   73 -.172688E+01 0.000000E+00
 0.800000E+01   74 -.162949E+01 0.000000E+00
 0.800000E+01   75 -.153210E+01 0.000000E+00
 0.800000E+01   76 -.143471E+01 0.000000E+00
 0.800000E+01   77 -.133732E+01 0.000000E+00
 0.800000E+01   78 -.123994E+01 0.000000E+00
 0.800000E+01   79 -.114255E+01 0.000000E+00
 0.800000E+01   80 -.104516E+01 0.000000E+00
 0.800000E+01   81 -.947771E+00 0.000000E+00
 0.800000E+01   82 -.850382E+00 0.000000E+00
 0.800000E+01   83 -.752993E+00 0.000000E+00
 0.800000E+01   84 -.655605E+00 0.000000E+00
 0.800000E+01   85 -.558216E+00 0.000000E+00
 0.800000E+01   86 -.460828E+00 0.000000E+00
 0.800000E+01   87 -.363439E+00 0.000000E+00
 0.800000E+01   88 -.266051E+00 0.000000E+00
 0.800000E+01   89 -.168662E+00 0.000000E+00
 0.800000E+01   90 -.712738E-01 0.000000E+00
 0.800000E+01   91 0.261147E-01 0.000000E+00
 0.800000E+01   92 0.123503E+00 0.000000E+00
 0.800000E+01   93 0.220892E+00 0.000000E+00
 0.800000E+01   94 0.318280E+00 0.000000E+00
 0.800000E+01   95 0.415669E+00 0.000000E+00
 0.800000E+01   96 0.513057E+00 0.000000E+00
 0.800000E+01   97 0.610446E+00 0.000000E+00
 0.800000E+01   98 0.707834E+00 0.000000E+00
 0.800000E+01   99 0.805223E+00 0.000000E+00
 0.818421E+01    1 -.851252E+01 0.000000E+00
 0.818421E+01    2 -.841740E+01 0.000000E+00
 0.818421E+01    3 -.832227E+01 0.000000E+00
 0.818421E+01    4 -.822715E+01 0.000000E+00
 0.818421E+01    5 -.813202E+01 0.000000E+00
 0.818421E+01    6 -.803689E+01 0.000000E+00
 0.818421E+01    7 -.794177E+01 0.000000E+00
 0.818421E+01    8 -.784664E+01 0.000000E+00
 0.818421E+01    9 -.775152E+01 0.000000E+00
 0.818421E+01   10 -.765639E+01 0.000000E+00
 0.818421E+01   11 -.756127E+01 0.000000E+00
 0.818421E+01   12 -.746614E+01 0.000000E+00
 0.818421E+01   13 -.737102E+01 0.000000E+00
 0.818421E+01   14 -.727589E+01 0.000000E+00
 0.818421E+01   15 -.718077E+01 0.000000E+00
 0.818421E+01   16 -.708564E+01 0.000000E+00
 0.818421E+01   17 -.699052E+01 0.000000E+00
 0.818421E+01   18 -.689539E+01 0.000000E+00
 0.818421E+01   19 -.680027E+01 0.000000E+00
 0.818421E+01   20 -.670514E+01 0.000000E+00
 0.818421E+01   21 -.661002E+01 0.000000E+00
 0.818421E+01   22 -.651489E+01 0.000000E+00
 0.818421E+01   23 -.641977E+01 0.000000E+00
 0.818421E+01   24 -.632464E+01 0.000000E+00
 0.818421E+01   25 -.622952E+01 0.000000E+00
 0.818421E+01   26 -.613439E+01 0.000000E+00
 0.818421E+01   27 -.603927E+01 0.000000E+00
 0.818421E+01   28 -.594414E+01 0.000000E+00
 0.818421E+01   29 -.584902E+01 0.000000E+00
 0.818421E+01   30 -.575389E+01 0.000000E+00
 0.818421E+01   31 -.565876E+01 0.000000E+00
 0.818421E+01   32 -.556364E+01 0.000000E+00
 0.818421E+01   33 -.546851E+01 0.000000E+00
 0.818421E+01   34 -.537339E+01 0.000000E+00
 0.818421E+01   35 -.527826E+01 0.000000E+00
 0.818421E+01   36 -.518314E+01 0.000000E+00
 0.818421E+01   37 -.508801E+01 0.000000E+00
 0.818421E+01   38 -.499289E+01 0.000000E+00
 0.818421E+01   39 -.489776E+01 0.000000E+00
 0.818421E+01   40 -.480264E+01 0.000000E+00
 0.818421E+01   41 -.470751E+01 0.000000E+00
 0.818421E+01   42 -.461239E+01 0.000000E+00
 0.818421E+01   43 -.451726E+01 0.000000E+00
 0.818421E+01   44 -.442214E+01 0.000000E+00
 0.818421E+01   45 -.432701E+01 0.000000E+00
 0.818421E+01   46 -.423189E+01 0.000000E+00
 0.818421E+01   47 -.413676E+01 0.000000E+00
 0.818421E+01   48 -.404164E+01 0.000000E+00
 0.818421E+01   49 -.394651E+01 0.264160E-02
 0.818421E+01   50 -.385139E+01 0.503963E+00
 0.818421E+01   51 -.375626E+01 0.491554E+00
 0.818421E+01   52 -.366114E+01 0.184120E-02
 0.818421E+01   53 -.356601E+01 0.000000E+00
 0.818421E+01   54 -.347088E+01 0.000000E+00
 0.818421E+01   55 -.337576E+01 0.000000E+00
 0.818421E+01   56 -.328063E+01 0.000000E+00
 0.818421E+01   57 -.318551E+01 0.000000E+00
 0.818421E+01   58 -.309038E+01 0.000000E+00
 0.818421E+01   59 -.299526E+01 0.000000E+00
 0.818421E+01   60 -.290013E+01 0.000000E+00
 0.818421E+01   61 -.280501E+01 0.000000E+00
 0.818421E+01   62 -.270988E+01 0.000000E+00
 0.818421E+01   63 -.261476E+01 0.000000E+00
 0.818421E+01   64 -.251963E+01 0.000000E+00
 0.818421E+01   65 -.242451E+01 0.000000E+00
 0.818421E+01   66 -.232938E+01 0.000000E+00
 0.818421E+01   67 -.223426E+01 0.000000E+00
 0.818421E+01   68 -.213913E+01 0.000000E+00
 0.818421E+01   69 -.204401E+01 0.000000E+00
 0.818421E+01   70 -.194888E+01 0.000000E+00
 0.818421E+01   71 -.185376E+01 0.000000E+00
 0.818421E+01   72 -.175863E+01 0.000000E+00
 0.818421E+01   73 -.166351E+01 0.000000E+00
 0.818421E+01   74 -.156838E+01 0.000000E+00
 0.818421E+01   75 -.147326E+01 0.000000E+00
 0.818421E+01   76 -.137813E+01 0.000000E+00
 0.818421E+01   77 -.128301E+01 0.000000E+00
 0.818421E+01   78 -.118788E+01 0.000000E+00
 0.818421E+01   79 -.109275E+01 0.000000E+00
 0.818421E+01   80 -.997629E+00 0.000000E+00
 0.818421E+01   81 -.902504E+00 0.000000E+00
 0.818421E+01   82 -.807379E+00 0.000000E+00
 0.818421E+01   83 -.712254E+00 0.000000E+00
 0.818421E+01   84 -.617129E+00 0.000000E+00
 0.818421E+01   85 -.522003E+00 0.000000E+00
 0.818421E+01   86 -.426878E+00 0.000000E+00
 0.818421E+01   87 -.331753E+00 0.000000E+00
 0.818421E+01   88 -.236628E+00 0.000000E+00
 0.818421E+01   89 -.141503E+00 0.000000E+00
 0.818421E+01   90 -.463773E-01 0.000000E+00
 0.818421E+01   91 0.487479E-01 0.000000E+00
 0.818421E+01   92 0.143873E+00 0.000000E+00
 0.818421E+01   93 0.238998E+00 0.000000E+00
 0.818421E+01   94 0.334124E+00 0.000000E+00
 0.818421E+01   95 0.429249E+00 0.000000E+00
 0.818421E+01   96 0.524374E+00 0.000000E+00
 0.818421E+01   97 0.619499E+00 0.000000E+00
 0.818421E+01   98 0.714624E+00 0.000000E+00
 0.818421E+01   99 0.809750E+00 0.000000E+00
 0.836842E+01    1 -.832012E+01 0.000000E+00
 0.836842E+01    2 -.822692E+01 0.000000E+00
 0.836842E+01    3 -.813371E+01 0.000000E+00
 0.836842E+01    4 -.804051E+01 0.000000E+00
 0.836842E+01    5 -.794731E+01 0.000000E+00
 0.836842E+01    6 -.785411E+01 0.000000E+00
 0.836842E+01    7 -.776091E+01 0.000000E+00
 0.836842E+01    8 -.766771E+01 0.000000E+00
 0.836842E+01    9 -.757451E+01 0.000000E+00
 0.836842E+01   10 -.748131E+01 0.000000E+00
 0.836842E+01   11 -.738811E+01 0.000000E+00
 0.836842E+01   12 -.729490E+01 0.000000E+00
 0.836842E+01   13 -.720170E+01 0.000000E+00
 0.836842E+01   14 -.710850E+01 0.000000E+00
 0.836842E+01   15 -.701530E+01 0.000000E+00
 0.836842E+01   16 -.692210E+01 0.000000E+00
 0.836842E+01   17 -.682890E+01 0.000000E+00
 0.836842E+01   18 -.673570E+01 0.000000E+00
 0.836842E+01   19 -.664250E+01 0.000000E+00
 0.836842E+01   20 -.654929E+01 0.000000E+00
 0.836842E+01   21 -.645609E+01 0.000000E+00
 0.836842E+01   22 -.636289E+01 0.000000E+00
 0.836842E+01   23 -.626969E+01 0.000000E+00
 0.836842E+01   24 -.617649E+01 0.000000E+00
 0.836842E+01   25 -.608329E+01 0.000000E+00
 0.836842E+01   26 -.599009E+01 0.000000E+00
 0.836842E+01   27 -.589689E+01 0.000000E+00
 0.836842E+01   28 -.580369E+01 0.000000E+00
 0.836842E+01   29 -.571048E+01 0.000000E+00
 0.836842E+01   30 -.561728E+01 0.000000E+00
 0.836842E+01   31 -.552408E+01 0.000000E+00
 0.836842E+01   32 -.543088E+01 0.000000E+00
 0.836842E+01   33 -.533768E+01 0.000000E+00
 0.836842E+01   34 -.524448E+01 0.000000E+00
 0.836842E+01   35 -.515128E+01 0.000000E+00
 0.836842E+01   36 -.505808E+01 0.000000E+00
 0.836842E+01   37 -.496487E+01 0.000000E+00
 0.836842E+01   38 -.487167E+01 0.000000E+00
 0.836842E+01   39 -.477847E+01 0.000000E+00
 0.836842E+01   40 -.468527E+01 0.000000E+00
 0.836842E+01   41 -.459207E+01 0.000000E+00
 0.836842E+01   42 -.449887E+01 0.000000E+00
 0.836842E+01   43 -.440567E+01 0.000000E+00
 0.836842E+01   44 -.431247E+01 0.000000E+00
 0.836842E+01   45 -.421927E+01 0.000000E+00
 0.836842E+01   46 -.412606E+01 0.000000E+00
 0.836842E+01   47 -.403286E+01 0.000000E+00
 0.836842E+01   48 -.393966E+01 0.000000E+00
 0.836842E+01   49 -.384646E+01 0.424280E-02
 0.836842E+01   50 -.375326E+01 0.494534E+00
 0.836842E+01   51 -.366006E+01 0.496196E+00
 0.836842E+01   52 -.356686E+01 0.502760E-02
 0.836842E+01   53 -.347366E+01 0.100000E-06
 0.836842E+01   54 -.338046E+01 0.000000E+00
 0.836842E+01   55 -.328725E+01 0.000000E+00
 0.836842E+01   56 -.319405E+01 0.000000E+00
 0.836842E+01   57 -.310085E+01 0.000000E+00
 0.836842E+01   58 -.300765E+01 0.000000E+00
 0.836842E+01   59 -.291445E+01 0.000000E+00
 0.836842E+01   60 -.282125E+01 0.000000E+00
 0.836842E+01   61 -.272805E+01 0.000000E+00
 0.836842E+01   62 -.263485E+01 0.000000E+00
 0.836842E+01   63 -.254164E+01 0.000000E+00
 0.836842E+01   64 -.244844E+01 0.000000E+00
 0.836842E+01   65 -.235524E+01 0.000000E+00
 0.836842E+01   66 -.226204E+01 0.000000E+00
 0.836842E+01   67 -.216884E+01 0.000000E+00
 0.836842E+01   68 -.207564E+01 0.000000E+00
 0.836842E+01   69 -.198244E+01 0.000000E+00
 0.836842E+01   70 -.188924E+01 0.000000E+00
 0.836842E+01   71 -.179604E+01 0.000000E+00
 0.836842E+01   72 -.170283E+01 0.000000E+00
 0.836842E+01   73 -.160963E+01 0.000000E+00
 0.836842E+01   74 -.151643E+01 0.000000E+00
 0.836842E+01   75 -.142323E+01 0.000000E+00
 0.836842E+01   76 -.133003E+01 0.000000E+00
 0.836842E+01   77 -.123683E+01 0.000000E+00
 0.836842E+01   78 -.114363E+01 0.000000E+00
 0.836842E+01   79 -.105043E+01 0.000000E+00
 0.836842E+01   80 -.957225E+00 0.000000E+00
 0.836842E+01   81 -.864023E+00 0.000000E+00
 0.836842E+01   82 -.770822E+00 0.000000E+00
 0.836842E+01   83 -.677621E+00 0.000000E+00
 0.836842E+01   84 -.584420E+00 0.000000E+00
 0.836842E+01   85 -.491219E+00 0.000000E+00
 0.836842E+01   86 -.398018E+00 0.000000E+00
 0.836842E+01   87 -.304816E+00 0.000000E+00
 0.836842E+01   88 -.211615E+00 0.000000E+00
 0.836842E+01   89 -.118414E+00 0.000000E+00
 0.836842E+01   90 -.252129E-01 0.000000E+00
 0.836842E+01   91 0.679883E-01 0.000000E+00
 0.836842E+01   92 0.161189E+00 0.000000E+00
 0.836842E+01   93 0.254391E+00 0.000000E+00
 0.836842E+01   94 0.347592E+00 0.000000E+00
 0.836842E+01   95 0.440793E+00 0.000000E+00
 0.836842E+01   96 0.533994E+00 0.000000E+00
 0.836842E+01   97 0.627195E+00 0.000000E+00
 0.836842E+01   98 0.720396E+00 0.000000E+00
 0.836842E+01   99 0.813598E+00 0.000000E+00
 0.855263E+01    1 -.805956E+01 0.000000E+00
 0.855263E+01    2 -.796897E+01 0.000000E+00
 0.855263E+01    3 -.787837E+01 0.000000E+00
 0.855263E+01    4 -.778778E+01 0.000000E+00
 0.855263E+01    5 -.769718E+01 0.000000E+00
 0.855263E+01    6 -.760659E+01 0.000000E+00
 0.855263E+01    7 -.751599E+01 0.000000E+00
 0.855263E+01    8 -.742540E+01 0.000000E+00
 0.855263E+01    9 -.733480E+01 0.000000E+00
 0.855263E+01   10 -.724420E+01 0.000000E+00
 0.855263E+01   11 -.715361E+01 0.000000E+00
 0.855263E+01   12 -.706301E+01 0.000000E+00
 0.855263E+01   13 -.697242E+01 0.000000E+00
 0.855263E+01   14 -.688182E+01 0.000000E+00
 0.855263E+01   15 -.679123E+01 0.000000E+00
 0.855263E+01   16 -.670063E+01 0.000000E+00
 0.855263E+01   17 -.661003E+01 0.000000E+00
 0.855263E+01   18 -.651944E+01 0.000000E+00
 0.855263E+01   19 -.642884E+01 0.000000E+00
 0.855263E+01   20 -.633825E+01 0.000000E+00
 0.855263E+01   21 -.624765E+01 0.000000E+00
 0.855263E+01   22 -.615706E+01 0.000000E+00
 0.855263E+01   23 -.606646E+01 0.000000E+00
 0.855263E+01   24 -.597586E+01 0.000000E+00
 0.855263E+01   25 -.588527E+01 0.000000E+00
 0.855263E+01   26 -.579467E+01 0.000000E+00
 0.855263E+01   27 -.570408E+01 0.000000E+00
 0.855263E+01   28 -.561348E+01 0.000000E+00
 0.855263E+01   29 -.552289E+01 0.000000E+00
 0.855263E+01   30 -.543229E+01 0.000000E+00
 0.855263E+01   31 -.534170E+01 0.000000E+00
 0.855263E+01   32 -.525110E+01 0.000000E+00
 0.855263E+01   33 -.516050E+01 0.000000E+00
 0.855263E+01   34 -.506991E+01 0.000000E+00
 0.855263E+01   35 -.497931E+01 0.000000E+00
 0.855263E+01   36 -.488872E+01 0.000000E+00
 0.855263E+01   37 -.479812E+01 0.000000E+00
 0.855263E+01   38 -.470753E+01 0.000000E+00
 0.855263E+01   39 -.461693E+01 0.000000E+00
 0.855263E+01   40 -.452633E+01 0.000000E+00
 0.855263E+01   41 -.443574E+01 0.000000E+00
 0.855263E+01   42 -.434514E+01 0.000000E+00
 0.855263E+01   43 -.425455E+01 0.000000E+00
 0.855263E+01   44 -.416395E+01 0.000000E+00
 0.855263E+01   45 -.407336E+01 0.000000E+00
 0.855263E+01   46 -.398276E+01 0.000000E+00
 0.855263E+01   47 -.389216E+01 0.000000E+00
 0.855263E+01   48 -.380157E+01 0.100000E-06
 0.855263E+01   49 -.371097E+01 0.606320E-02
 0.855263E+01   50 -.362038E+01 0.511605E+00
 0.855263E+01   51 -.352978E+01 0.476654E+00
 0.855263E+01   52 -.343919E+01 0.567710E-02
 0.855263E+01   53 -.334859E+01 0.000000E+00
 0.855263E+01   54 -.325800E+01 0.000000E+00
 0.855263E+01   55 -.316740E+01 0.000000E+00
 0.855263E+01   56 -.307680E+01 0.000000E+00
 0.855263E+01   57 -.298621E+01 0.000000E+00
 0.855263E+01   58 -.289561E+01 0.000000E+00
 0.855263E+01   59 -.280502E+01 0.000000E+00
 0.855263E+01   60 -.271442E+01 0.000000E+00
 0.855263E+01   61 -.262383E+01 0.000000E+00
 0.855263E+01   62 -.253323E+01 0.000000E+00
 0.855263E+01   63 -.244263E+01 0.000000E+00
 0.855263E+01   64 -.235204E+01 0.000000E+00
 0.855263E+01   65 -.226144E+01 0.000000E+00
 0.855263E+01   66 -.217085E+01 0.000000E+00
 0.855263E+01   67 -.208025E+01 0.000000E+00
 0.855263E+01   68 -.198966E+01 0.000000E+00
 0.855263E+01   69 -.189906E+01 0.000000E+00
 0.855263E+01   70 -.180847E+01 0.000000E+00
 0.855263E+01   71 -.171787E+01 0.000000E+00
 0.855263E+01   72 -.162727E+01 0.000000E+00
 0.855263E+01   73 -.153668E+01 0.000000E+00
 0.855263E+01   74 -.144608E+01 0.000000E+00
 0.855263E+01   75 -.135549E+01 0.000000E+00
 0.855263E+01   76 -.126489E+01 0.000000E+00
 0.855263E+01   77 -.117430E+01 0.000000E+00
 0.855263E+01   78 -.108370E+01 0.000000E+00
 0.855263E+01   79 -.993104E+00 0.000000E+00
 0.855263E+01   80 -.902509E+00 0.000000E+00
 0.855263E+01   81 -.811913E+00 0.000000E+00
 0.855263E+01   82 -.721317E+00 0.000000E+00
 0.855263E+01   83 -.630722E+00 0.000000E+00
 0.855263E+01   84 -.540126E+00 0.000000E+00
 0.855263E+01   85 -.449530E+00 0.000000E+00
 0.855263E+01   86 -.358935E+00 0.000000E+00
 0.855263E+01   87 -.268339E+00 0.000000E+00
 0.855263E+01   88 -.177743E+00 0.000000E+00
 0.855263E+01   89 -.871478E-01 0.000000E+00
 0.855263E+01   90 0.344789E-02 0.000000E+00
 0.855263E+01   91 0.940435E-01 0.000000E+00
 0.855263E+01   92 0.184639E+00 0.000000E+00
 0.855263E+01   93 0.275235E+00 0.000000E+00
 0.855263E+01   94 0.365830E+00 0.000000E+00
 0.855263E+01   95 0.456426E+00 0.000000E+00
 0.855263E+01   96 0.547022E+00 0.000000E+00
 0.855263E+01   97 0.637617E+00 0.000000E+00
 0.855263E+01   98 0.728213E+00 0.000000E+00
 0.855263E+01   99 0.818809E+00 0.000000E+00
 0.873684E+01    1 -.780281E+01 0.000000E+00
 0.873684E+01    2 -.771478E+01 0.000000E+00
 0.873684E+01    3 -.762675E+01 0.000000E+00
 0.873684E+01    4 -.753873E+01 0.000000E+00
 0.873684E+01    5 -.745070E+01 0.000000E+00
 0.873684E+01    6 -.736267E+01 0.000000E+00
 0.873684E+01    7 -.727464E+01 0.000000E+00
 0.873684E+01    8 -.718661E+01 0.000000E+00
 0.873684E+01    9 -.709858E+01 0.000000E+00
 0.873684E+01   10 -.701056E+01 0.000000E+00
 0.873684E+01   11 -.692253E+01 0.000000E+00
 0.873684E+01   12 -.683450E+01 0.000000E+00
 0.873684E+01   13 -.674647E+01 0.000000E+00
 0.873684E+01   14 -.665844E+01 0.000000E+00
 0.873684E+01   15 -.657042E+01 0.000000E+00
 0.873684E+01   16 -.648239E+01 0.000000E+00
 0.873684E+01   17 -.639436E+01 0.000000E+00
 0.873684E+01   18 -.630633E+01 0.000000E+00
 0.873684E+01   19 -.621830E+01 0.000000E+00
 0.873684E+01   20 -.613028E+01 0.000000E+00
 0.873684E+01   21 -.604225E+01 0.000000E+00
 0.873684E+01   22 -.595422E+01 0.000000E+00
 0.873684E+01   23 -.586619E+01 0.000000E+00
 0.873684E+01   24 -.577816E+01 0.000000E+00
 0.873684E+01   25 -.569014E+01 0.000000E+00
 0.873684E+01   26 -.560211E+01 0.000000E+00
 0.873684E+01   27 -.551408E+01 0.000000E+00
 0.873684E+01   28 -.542605E+01 0.000000E+00
 0.873684E+01   29 -.533802E+01 0.000000E+00
 0.873684E+01   30 -.524999E+01 0.000000E+00
 0.873684E+01   31 -.516197E+01 0.000000E+00
 0.873684E+01   32 -.507394E+01 0.000000E+00
 0.873684E+01   33 -.498591E+01 0.000000E+00
 0.873684E+01   34 -.489788E+01 0.000000E+00
 0.873684E+01   35 -.480985E+01 0.000000E+00
 0.873684E+01   36 -.472183E+01 0.000000E+00
 0.873684E+01   37 -.463380E+01 0.000000E+00
 0.873684E+01   38 -.454577E+01 0.000000E+00
 0.873684E+01   39 -.445774E+01 0.000000E+00
 0.873684E+01   40 -.436971E+01 0.000000E+00
 0.873684E+01   41 -.428169E+01 0.000000E+00
 0.873684E+01   42 -.419366E+01 0.000000E+00
 0.873684E+01   43 -.410563E+01 0.000000E+00
 0.873684E+01   44 -.401760E+01 0.000000E+00
 0.873684E+01   45 -.392957E+01 0.000000E+00
 0.873684E+01   46 -.384155E+01 0.000000E+00
 0.873684E+01   47 -.375352E+01 0.000000E+00
 0.873684E+01   48 -.366549E+01 0.140000E-05
 0.873684E+01   49 -.357746E+01 0.110418E-01
 0.873684E+01   50 -.348943E+01 0.490346E+00
 0.873684E+01   51 -.340140E+01 0.488560E+00
 0.873684E+01   52 -.331338E+01 0.100503E-01
 0.873684E+01   53 -.322535E+01 0.500000E-06
 0.873684E+01   54 -.313732E+01 0.000000E+00
 0.873684E+01   55 -.304929E+01 0.000000E+00
 0.873684E+01   56 -.296126E+01 0.000000E+00
 0.873684E+01   57 -.287324E+01 0.000000E+00
 0.873684E+01   58 -.278521E+01 0.000000E+00
 0.873684E+01   59 -.269718E+01 0.000000E+00
 0.873684E+01   60 -.260915E+01 0.000000E+00
 0.873684E+01   61 -.252112E+01 0.000000E+00
 0.873684E+01   62 -.243310E+01 0.000000E+00
 0.873684E+01   63 -.234507E+01 0.000000E+00
 0.873684E+01   64 -.225704E+01 0.000000E+00
 0.873684E+01   65 -.216901E+01 0.000000E+00
 0.873684E+01   66 -.208098E+01 0.000000E+00
 0.873684E+01   67 -.199296E+01 0.000000E+00
 0.873684E+01   68 -.190493E+01 0.000000E+00
 0.873684E+01   69 -.181690E+01 0.000000E+00
 0.873684E+01   70 -.172887E+01 0.000000E+00
 0.873684E+01   71 -.164084E+01 0.000000E+00
 0.873684E+01   72 -.155281E+01 0.000000E+00
 0.873684E+01   73 -.146479E+01 0.000000E+00
 0.873684E+01   74 -.137676E+01 0.000000E+00
 0.873684E+01   75 -.128873E+01 0.000000E+00
 0.873684E+01   76 -.120070E+01 0.000000E+00
 0.873684E+01   77 -.111267E+01 0.000000E+00
 0.873684E+01   78 -.102465E+01 0.000000E+00
 0.873684E+01   79 -.936618E+00 0.000000E+00
 0.873684E+01   80 -.848590E+00 0.000000E+00
 0.873684E+01   81 -.760562E+00 0.000000E+00
 0.873684E+01   82 -.672534E+00 0.000000E+00
 0.873684E+01   83 -.584506E+00 0.000000E+00
 0.873684E+01   84 -.496478E+00 0.000000E+00
 0.873684E+01   85 -.408450E+00 0.000000E+00
 0.873684E+01   86 -.320421E+00 0.000000E+00
 0.873684E+01   87 -.232393E+00 0.000000E+00
 0.873684E+01   88 -.144365E+00 0.000000E+00
 0.873684E+01   89 -.563371E-01 0.000000E+00
 0.873684E+01   90 0.316910E-01 0.000000E+00
 0.873684E+01   91 0.119719E+00 0.000000E+00
 0.873684E+01   92 0.207747E+00 0.000000E+00
 0.873684E+01   93 0.295775E+00 0.000000E+00
 0.873684E+01   94 0.383803E+00 0.000000E+00
 0.873684E+01   95 0.471831E+00 0.000000E+00
 0.873684E+01   96 0.559860E+00 0.000000E+00
 0.873684E+01   97 0.647888E+00 0.000000E+00
 0.873684E+01   98 0.735916E+00 0.000000E+00
 0.873684E+01   99 0.823944E+00 0.000000E+00
 0.892105E+01    1 -.764956E+01 0.000000E+00
 0.892105E+01    2 -.756306E+01 0.000000E+00
 0.892105E+01    3 -.747656E+01 0.000000E+00
 0.892105E+01    4 -.739007E+01 0.000000E+00
 0.892105E+01    5 -.730357E+01 0.000000E+00
 0.892105E+01    6 -.721708E+01 0.000000E+00
 0.892105E+01    7 -.713058E+01 0.000000E+00
 0.892105E+01    8 -.704409E+01 0.000000E+00
 0.892105E+01    9 -.695759E+01 0.000000E+00
 0.892105E+01   10 -.687110E+01 0.000000E+00
 0.892105E+01   11 -.678460E+01 0.000000E+00
 0.892105E+01   12 -.669810E+01 0.000000E+00
 0.892105E+01   13 -.661161E+01 0.000000E+00
 0.892105E+01   14 -.652511E+01 0.000000E+00
 0.892105E+01   15 -.643862E+01 0.000000E+00
 0.892105E+01   16 -.635212E+01 0.000000E+00
 0.892105E+01   17 -.626563E+01 0.000000E+00
 0.892105E+01   18 -.617913E+01 0.000000E+00
 0.892105E+01   19 -.609264E+01 0.000000E+00
 0.892105E+01   20 -.600614E+01 0.000000E+00
 0.892105E+01   21 -.591964E+01 0.000000E+00
 0.892105E+01   22 -.583315E+01 0.000000E+00
 0.892105E+01   23 -.574665E+01 0.000000E+00
 0.892105E+01   24 -.566016E+01 0.000000E+00
 0.892105E+01   25 -.557366E+01 0.000000E+00
 0.892105E+01   26 -.548717E+01 0.000000E+00
 0.892105E+01   27 -.540067E+01 0.000000E+00
 0.892105E+01   28 -.531418E+01 0.000000E+00
 0.892105E+01   29 -.522768E+01 0.000000E+00
 0.892105E+01   30 -.514118E+01 0.000000E+00
 0.892105E+01   31 -.505469E+01 0.000000E+00
 0.892105E+01   32 -.496819E+01 0.000000E+00
 0.892105E+01   33 -.488170E+01 0.000000E+00
 0.892105E+01   34 -.479520E+01 0.000000E+00
 0.892105E+01   35 -.470871E+01 0.000000E+00
 0.892105E+01   36 -.462221E+01 0.000000E+00
 0.892105E+01   37 -.453572E+01 0.000000E+00
 0.892105E+01   38 -.444922E+01 0.000000E+00
 0.892105E+01   39 -.436272E+01 0.000000E+00
 0.892105E+01   40 -.427623E+01 0.000000E+00
 0.892105E+01   41 -.418973E+01 0.000000E+00
 0.892105E+01   42 -.410324E+01 0.000000E+00
 0.892105E+01   43 -.401674E+01 0.000000E+00
 0.892105E+01   44 -.393025E+01 0.000000E+00
 0.892105E+01   45 -.384375E+01 0.000000E+00
 0.892105E+01   46 -.375726E+01 0.000000E+00
 0.892105E+01   47 -.367076E+01 0.000000E+00
 0.892105E+01   48 -.358426E+01 0.620000E-05
 0.892105E+01   49 -.349777E+01 0.194110E-01
 0.892105E+01   50 -.341127E+01 0.466942E+00
 0.892105E+01   51 -.332478E+01 0.502733E+00
 0.892105E+01   52 -.323828E+01 0.109071E-01
 0.892105E+01   53 -.315179E+01 0.700000E-06
 0.892105E+01   54 -.306529E+01 0.000000E+00
 0.892105E+01   55 -.297880E+01 0.000000E+00
 0.892105E+01   56 -.289230E+01 0.000000E+00
 0.892105E+01   57 -.280580E+01 0.000000E+00
 0.892105E+01   58 -.271931E+01 0.000000E+00
 0.892105E+01   59 -.263281E+01 0.000000E+00
 0.892105E+01   60 -.254632E+01 0.000000E+00
 0.892105E+01   61 -.245982E+01 0.000000E+00
 0.892105E+01   62 -.237333E+01 0.000000E+00
 0.892105E+01   63 -.228683E+01 0.000000E+00
 0.892105E+01   64 -.220034E+01 0.000000E+00
 0.892105E+01   65 -.211384E+01 0.000000E+00
 0.892105E+01   66 -.202734E+01 0.000000E+00
 0.892105E+01   67 -.194085E+01 0.000000E+00
 0.892105E+01   68 -.185435E+01 0.000000E+00
 0.892105E+01   69 -.176786E+01 0.000000E+00
 0.892105E+01   70 -.168136E+01 0.000000E+00
 0.892105E+01   71 -.159487E+01 0.000000E+00
 0.892105E+01   72 -.150837E+01 0.000000E+00
 0.892105E+01   73 -.142188E+01 0.000000E+00
 0.892105E+01   74 -.133538E+01 0.000000E+00
 0.892105E+01   75 -.124888E+01 0.000000E+00
 0.892105E+01   76 -.116239E+01 0.000000E+00
 0.892105E+01   77 -.107589E+01 0.000000E+00
 0.892105E+01   78 -.989398E+00 0.000000E+00
 0.892105E+01   79 -.902902E+00 0.000000E+00
 0.892105E+01   80 -.816407E+00 0.000000E+00
 0.892105E+01   81 -.729911E+00 0.000000E+00
 0.892105E+01   82 -.643415E+00 0.000000E+00
 0.892105E+01   83 -.556920E+00 0.000000E+00
 0.892105E+01   84 -.470424E+00 0.000000E+00
 0.892105E+01   85 -.383929E+00 0.000000E+00
 0.892105E+01   86 -.297433E+00 0.000000E+00
 0.892105E+01   87 -.210938E+00 0.000000E+00
 0.892105E+01   88 -.124442E+00 0.000000E+00
 0.892105E+01   89 -.379466E-01 0.000000E+00
 0.892105E+01   90 0.485489E-01 0.000000E+00
 0.892105E+01   91 0.135044E+00 0.000000E+00
 0.892105E+01   92 0.221540E+00 0.000000E+00
 0.892105E+01   93 0.308036E+00 0.000000E+00
 0.892105E+01   94 0.394531E+00 0.000000E+00
 0.892105E+01   95 0.481027E+00 0.000000E+00
 0.892105E+01   96 0.567522E+00 0.000000E+00
 0.892105E+01   97 0.654018E+00 0.000000E+00
 0.892105E+01   98 0.740513E+00 0.000000E+00
 0.892105E+01   99 0.827009E+00 0.000000E+00
 0.910526E+01    1 -.737830E+01 0.000000E+00
 0.910526E+01    2 -.729452E+01 0.000000E+00
 0.910526E+01    3 -.721074E+01 0.000000E+00
 0.910526E+01    4 -.712695E+01 0.000000E+00
 0.910526E+01    5 -.704317E+01 0.000000E+00
 0.910526E+01    6 -.695939E+01 0.000000E+00
 0.910526E+01    7 -.687560E+01 0.000000E+00
 0.910526E+01    8 -.679182E+01 0.000000E+00
 0.910526E+01    9 -.670804E+01 0.000000E+00
 0.910526E+01   10 -.662425E+01 0.000000E+00
 0.910526E+01   11 -.654047E+01 0.000000E+00
 0.910526E+01   12 -.645669E+01 0.000000E+00
 0.910526E+01   13 -.637291E+01 0.000000E+00
 0.910526E+01   14 -.628912E+01 0.000000E+00
 0.910526E+01   15 -.620534E+01 0.000000E+00
 0.910526E+01   16 -.612156E+01 0.000000E+00
 0.910526E+01   17 -.603777E+01 0.000000E+00
 0.910526E+01   18 -.595399E+01 0.000000E+00
 0.910526E+01   19 -.587021E+01 0.000000E+00
 0.910526E+01   20 -.578642E+01 0.000000E+00
 0.910526E+01   21 -.570264E+01 0.000000E+00
 0.910526E+01   22 -.561886E+01 0.000000E+00
 0.910526E+01   23 -.553508E+01 0.000000E+00
 0.910526E+01   24 -.545129E+01 0.000000E+00
 0.910526E+01   25 -.536751E+01 0.000000E+00
 0.910526E+01   26 -.528373E+01 0.000000E+00
 0.910526E+01   27 -.519994E+01 0.000000E+00
 0.910526E+01   28 -.511616E+01 0.000000E+00
 0.910526E+01   29 -.503238E+01 0.000000E+00
 0.910526E+01   30 -.494859E+01 0.000000E+00
 0.910526E+01   31 -.486481E+01 0.000000E+00
 0.910526E+01   32 -.478103E+01 0.000000E+00
 0.910526E+01   33 -.469725E+01 0.000000E+00
 0.910526E+01   34 -.461346E+01 0.000000E+00
 0.910526E+01   35 -.452968E+01 0.000000E+00
 0.910526E+01   36 -.444590E+01 0.000000E+00
 0.910526E+01   37 -.436211E+01 0.000000E+00
 0.910526E+01   38 -.427833E+01 0.000000E+00
 0.910526E+01   39 -.419455E+01 0.000000E+00
 0.910526E+01   40 -.411076E+01 0.000000E+00
 0.910526E+01   41 -.402698E+01 0.000000E+00
 0.910526E+01   42 -.394320E+01 0.000000E+00
 0.910526E+01   43 -.385942E+01 0.000000E+00
 0.910526E+01   44 -.377563E+01 0.000000E+00
 0.910526E+01   45 -.369185E+01 0.000000E+00
 0.910526E+01   46 -.360807E+01 0.000000E+00
 0.910526E+01   47 -.352428E+01 0.000000E+00
 0.910526E+01   48 -.344050E+01 0.279000E-04
 0.910526E+01   49 -.335672E+01 0.195756E-01
 0.910526E+01   50 -.327293E+01 0.456017E+00
 0.910526E+01   51 -.318915E+01 0.510337E+00
 0.910526E+01   52 -.310537E+01 0.140410E-01
 0.910526E+01   53 -.302158E+01 0.130000E-05
 0.910526E+01   54 -.293780E+01 0.000000E+00
 0.910526E+01   55 -.285402E+01 0.000000E+00
 0.910526E+01   56 -.277024E+01 0.000000E+00
 0.910526E+01   57 -.268645E+01 0.000000E+00
 0.910526E+01   58 -.260267E+01 0.000000E+00
 0.910526E+01   59 -.251889E+01 0.000000E+00
 0.910526E+01   60 -.243510E+01 0.000000E+00
 0.910526E+01   61 -.235132E+01 0.000000E+00
 0.910526E+01   62 -.226754E+01 0.000000E+00
 0.910526E+01   63 -.218375E+01 0.000000E+00
 0.910526E+01   64 -.209997E+01 0.000000E+00
 0.910526E+01   65 -.201619E+01 0.000000E+00
 0.910526E+01   66 -.193241E+01 0.000000E+00
 0.910526E+01   67 -.184862E+01 0.000000E+00
 0.910526E+01   68 -.176484E+01 0.000000E+00
 0.910526E+01   69 -.168106E+01 0.000000E+00
 0.910526E+01   70 -.159727E+01 0.000000E+00
 0.910526E+01   71 -.151349E+01 0.000000E+00
 0.910526E+01   72 -.142971E+01 0.000000E+00
 0.910526E+01   73 -.134592E+01 0.000000E+00
 0.910526E+01   74 -.126214E+01 0.000000E+00
 0.910526E+01   75 -.117836E+01 0.000000E+00
 0.910526E+01   76 -.109458E+01 0.000000E+00
 0.910526E+01   77 -.101079E+01 0.000000E+00
 0.910526E+01   78 -.927009E+00 0.000000E+00
 0.910526E+01   79 -.843226E+00 0.000000E+00
 0.910526E+01   80 -.759443E+00 0.000000E+00
 0.910526E+01   81 -.675660E+00 0.000000E+00
 0.910526E+01   82 -.591877E+00 0.000000E+00
 0.910526E+01   83 -.508094E+00 0.000000E+00
 0.910526E+01   84 -.424311E+00 0.000000E+00
 0.910526E+01   85 -.340528E+00 0.000000E+00
 0.910526E+01   86 -.256745E+00 0.000000E+00
 0.910526E+01   87 -.172962E+00 0.000000E+00
 0.910526E+01   88 -.891792E-01 0.000000E+00
 0.910526E+01   89 -.539623E-02 0.000000E+00
 0.910526E+01   90 0.783868E-01 0.000000E+00
 0.910526E+01   91 0.162170E+00 0.000000E+00
 0.910526E+01   92 0.245953E+00 0.000000E+00
 0.910526E+01   93 0.329736E+00 0.000000E+00
 0.910526E+01   94 0.413519E+00 0.000000E+00
 0.910526E+01   95 0.497302E+00 0.000000E+00
 0.910526E+01   96 0.581085E+00 0.000000E+00
 0.910526E+01   97 0.664868E+00 0.000000E+00
 0.910526E+01   98 0.748651E+00 0.000000E+00
 0.910526E+01   99 0.832434E+00 0.000000E+00
 0.928947E+01    1 -.713287E+01 0.000000E+00
 0.928947E+01    2 -.705154E+01 0.000000E+00
 0.928947E+01    3 -.697021E+01 0.000000E+00
 0.928947E+01    4 -.688888E+01 0.000000E+00
 0.928947E+01    5 -.680755E+01 0.000000E+00
 0.928947E+01    6 -.672622E+01 0.000000E+00
 0.928947E+01    7 -.664489E+01 0.000000E+00
 0.928947E+01    8 -.656356E+01 0.000000E+00
 0.928947E+01    9 -.648224E+01 0.000000E+00
 0.928947E+01   10 -.640091E+01 0.000000E+00
 0.928947E+01   11 -.631958E+01 0.000000E+00
 0.928947E+01   12 -.623825E+01 0.000000E+00
 0.928947E+01   13 -.615692E+01 0.000000E+00
 0.928947E+01   14 -.607559E+01 0.000000E+00
 0.928947E+01   15 -.599426E+01 0.000000E+00
 0.928947E+01   16 -.591294E+01 0.000000E+00
 0.928947E+01   17 -.583161E+01 0.000000E+00
 0.928947E+01   18 -.575028E+01 0.000000E+00
 0.928947E+01   19 -.566895E+01 0.000000E+00
 0.928947E+01   20 -.558762E+01 0.000000E+00
 0.928947E+01   21 -.550629E+01 0.000000E+00
 0.928947E+01   22 -.542496E+01 0.000000E+00
 0.928947E+01   23 -.534363E+01 0.000000E+00
 0.928947E+01   24 -.526231E+01 0.000000E+00
 0.928947E+01   25 -.518098E+01 0.000000E+00
 0.928947E+01   26 -.509965E+01 0.000000E+00
 0.928947E+01   27 -.501832E+01 0.000000E+00
 0.928947E+01   28 -.493699E+01 0.000000E+00
 0.928947E+01   29 -.485566E+01 0.000000E+00
 0.928947E+01   30 -.477433E+01 0.000000E+00
 0.928947E+01   31 -.469301E+01 0.000000E+00
 0.928947E+01   32 -.461168E+01 0.000000E+00
 0.928947E+01   33 -.453035E+01 0.000000E+00
 0.928947E+01   34 -.444902E+01 0.000000E+00
 0.928947E+01   35 -.436769E+01 0.000000E+00
 0.928947E+01   36 -.428636E+01 0.000000E+00
 0.928947E+01   37 -.420503E+01 0.000000E+00
 0.928947E+01   38 -.412370E+01 0.000000E+00
 0.928947E+01   39 -.404238E+01 0.000000E+00
 0.928947E+01   40 -.396105E+01 0.000000E+00
 0.928947E+01   41 -.387972E+01 0.000000E+00
 0.928947E+01   42 -.379839E+01 0.000000E+00
 0.928947E+01   43 -.371706E+01 0.000000E+00
 0.928947E+01   44 -.363573E+01 0.000000E+00
 0.928947E+01   45 -.355440E+01 0.000000E+00
 0.928947E+01   46 -.347308E+01 0.000000E+00
 0.928947E+01   47 -.339175E+01 0.000000E+00
 0.928947E+01   48 -.331042E+01 0.289000E-04
 0.928947E+01   49 -.322909E+01 0.269475E-01
 0.928947E+01   50 -.314776E+01 0.481682E+00
 0.928947E+01   51 -.306643E+01 0.465001E+00
 0.928947E+01   52 -.298510E+01 0.262931E-01
 0.928947E+01   53 -.290378E+01 0.478000E-04
 0.928947E+01   54 -.282245E+01 0.000000E+00
 0.928947E+01   55 -.274112E+01 0.000000E+00
 0.928947E+01   56 -.265979E+01 0.000000E+00
 0.928947E+01   57 -.257846E+01 0.000000E+00
 0.928947E+01   58 -.249713E+01 0.000000E+00
 0.928947E+01   59 -.241580E+01 0.000000E+00
 0.928947E+01   60 -.233447E+01 0.000000E+00
 0.928947E+01   61 -.225315E+01 0.000000E+00
 0.928947E+01   62 -.217182E+01 0.000000E+00
 0.928947E+01   63 -.209049E+01 0.000000E+00
 0.928947E+01   64 -.200916E+01 0.000000E+00
 0.928947E+01   65 -.192783E+01 0.000000E+00
 0.928947E+01   66 -.184650E+01 0.000000E+00
 0.928947E+01   67 -.176517E+01 0.000000E+00
 0.928947E+01   68 -.168385E+01 0.000000E+00
 0.928947E+01   69 -.160252E+01 0.000000E+00
 0.928947E+01   70 -.152119E+01 0.000000E+00
 0.928947E+01   71 -.143986E+01 0.000000E+00
 0.928947E+01   72 -.135853E+01 0.000000E+00
 0.928947E+01   73 -.127720E+01 0.000000E+00
 0.928947E+01   74 -.119587E+01 0.000000E+00
 0.928947E+01   75 -.111454E+01 0.000000E+00
 0.928947E+01   76 -.103322E+01 0.000000E+00
 0.928947E+01   77 -.951888E+00 0.000000E+00
 0.928947E+01   78 -.870559E+00 0.000000E+00
 0.928947E+01   79 -.789230E+00 0.000000E+00
 0.928947E+01   80 -.707902E+00 0.000000E+00
 0.928947E+01   81 -.626573E+00 0.000000E+00
 0.928947E+01   82 -.545244E+00 0.000000E+00
 0.928947E+01   83 -.463916E+00 0.000000E+00
 0.928947E+01   84 -.382587E+00 0.000000E+00
 0.928947E+01   85 -.301258E+00 0.000000E+00
 0.928947E+01   86 -.219930E+00 0.000000E+00
 0.928947E+01   87 -.138601E+00 0.000000E+00
 0.928947E+01   88 -.572725E-01 0.000000E+00
 0.928947E+01   89 0.240562E-01 0.000000E+00
 0.928947E+01   90 0.105385E+00 0.000000E+00
 0.928947E+01   91 0.186713E+00 0.000000E+00
 0.928947E+01   92 0.268042E+00 0.000000E+00
 0.928947E+01   93 0.349371E+00 0.000000E+00
 0.928947E+01   94 0.430699E+00 0.000000E+00
 0.928947E+01   95 0.512028E+00 0.000000E+00
 0.928947E+01   96 0.593357E+00 0.000000E+00
 0.928947E+01   97 0.674685E+00 0.000000E+00
 0.928947E+01   98 0.756014E+00 0.000000E+00
 0.928947E+01   99 0.837343E+00 0.000000E+00
 0.947368E+01    1 -.685870E+01 0.000000E+00
 0.947368E+01    2 -.678011E+01 0.000000E+00
 0.947368E+01    3 -.670152E+01 0.000000E+00
 0.947368E+01    4 -.662294E+01 0.000000E+00
 0.947368E+01    5 -.654435E+01 0.000000E+00
 0.947368E+01    6 -.646576E+01 0.000000E+00
 0.947368E+01    7 -.638718E+01 0.000000E+00
 0.947368E+01    8 -.630859E+01 0.000000E+00
 0.947368E+01    9 -.623000E+01 0.000000E+00
 0.947368E+01   10 -.615141E+01 0.000000E+00
 0.947368E+01   11 -.607283E+01 0.000000E+00
 0.947368E+01   12 -.599424E+01 0.000000E+00
 0.947368E+01   13 -.591565E+01 0.000000E+00
 0.947368E+01   14 -.583707E+01 0.000000E+00
 0.947368E+01   15 -.575848E+01 0.000000E+00
 0.947368E+01   16 -.567989E+01 0.000000E+00
 0.947368E+01   17 -.560131E+01 0.000000E+00
 0.947368E+01   18 -.552272E+01 0.000000E+00
 0.947368E+01   19 -.544413E+01 0.000000E+00
 0.947368E+01   20 -.536555E+01 0.000000E+00
 0.947368E+01   21 -.528696E+01 0.000000E+00
 0.947368E+01   22 -.520837E+01 0.000000E+00
 0.947368E+01   23 -.512978E+01 0.000000E+00
 0.947368E+01   24 -.505120E+01 0.000000E+00
 0.947368E+01   25 -.497261E+01 0.000000E+00
 0.947368E+01   26 -.489402E+01 0.000000E+00
 0.947368E+01   27 -.481544E+01 0.000000E+00
 0.947368E+01   28 -.473685E+01 0.000000E+00
 0.947368E+01   29 -.465826E+01 0.000000E+00
 0.947368E+01   30 -.457968E+01 0.000000E+00
 0.947368E+01   31 -.450109E+01 0.000000E+00
 0.947368E+01   32 -.442250E+01 0.000000E+00
 0.947368E+01   33 -.434391E+01 0.000000E+00
 0.947368E+01   34 -.426533E+01 0.000000E+00
 0.947368E+01   35 -.418674E+01 0.000000E+00
 0.947368E+01   36 -.410815E+01 0.000000E+00
 0.947368E+01   37 -.402957E+01 0.000000E+00
 0.947368E+01   38 -.395098E+01 0.000000E+00
 0.947368E+01   39 -.387239E+01 0.000000E+00
 0.947368E+01   40 -.379381E+01 0.000000E+00
 0.947368E+01   41 -.371522E+01 0.000000E+00
 0.947368E+01   42 -.363663E+01 0.000000E+00
 0.947368E+01   43 -.355804E+01 0.000000E+00
 0.947368E+01   44 -.347946E+01 0.000000E+00
 0.947368E+01   45 -.340087E+01 0.000000E+00
 0.947368E+01   46 -.332228E+01 0.000000E+00
 0.947368E+01   47 -.324370E+01 0.000000E+00
 0.947368E+01   48 -.316511E+01 0.467000E-04
 0.947368E+01   49 -.308652E+01 0.333554E-01
 0.947368E+01   50 -.300794E+01 0.471823E+00
 0.947368E+01   51 -.292935E+01 0.470218E+00
 0.947368E+01   52 -.285076E+01 0.245229E-01
 0.947368E+01   53 -.277217E+01 0.339000E-04
 0.947368E+01   54 -.269359E+01 0.000000E+00
 0.947368E+01   55 -.261500E+01 0.000000E+00
 0.947368E+01   56 -.253641E+01 0.000000E+00
 0.947368E+01   57 -.245783E+01 0.000000E+00
 0.947368E+01   58 -.237924E+01 0.000000E+00
 0.947368E+01   59 -.230065E+01 0.000000E+00
 0.947368E+01   60 -.222207E+01 0.000000E+00
 0.947368E+01   61 -.214348E+01 0.000000E+00
 0.947368E+01   62 -.206489E+01 0.000000E+00
 0.947368E+01   63 -.198631E+01 0.000000E+00
 0.947368E+01   64 -.190772E+01 0.000000E+00
 0.947368E+01   65 -.182913E+01 0.000000E+00
 0.947368E+01   66 -.175054E+01 0.000000E+00
 0.947368E+01   67 -.167196E+01 0.000000E+00
 0.947368E+01   68 -.159337E+01 0.000000E+00
 0.947368E+01   69 -.151478E+01 0.000000E+00
 0.947368E+01   70 -.143620E+01 0.000000E+00
 0.947368E+01   71 -.135761E+01 0.000000E+00
 0.947368E+01   72 -.127902E+01 0.000000E+00
 0.947368E+01   73 -.120044E+01 0.000000E+00
 0.947368E+01   74 -.112185E+01 0.000000E+00
 0.947368E+01   75 -.104326E+01 0.000000E+00
 0.947368E+01   76 -.964674E+00 0.000000E+00
 0.947368E+01   77 -.886087E+00 0.000000E+00
 0.947368E+01   78 -.807500E+00 0.000000E+00
 0.947368E+01   79 -.728913E+00 0.000000E+00
 0.947368E+01   80 -.650327E+00 0.000000E+00
 0.947368E+01   81 -.571740E+00 0.000000E+00
 0.947368E+01   82 -.493153E+00 0.000000E+00
 0.947368E+01   83 -.414566E+00 0.000000E+00
 0.947368E+01   84 -.335979E+00 0.000000E+00
 0.947368E+01   85 -.257392E+00 0.000000E+00
 0.947368E+01   86 -.178805E+00 0.000000E+00
 0.947368E+01   87 -.100218E+00 0.000000E+00
 0.947368E+01   88 -.216307E-01 0.000000E+00
 0.947368E+01   89 0.569563E-01 0.000000E+00
 0.947368E+01   90 0.135543E+00 0.000000E+00
 0.947368E+01   91 0.214130E+00 0.000000E+00
 0.947368E+01   92 0.292717E+00 0.000000E+00
 0.947368E+01   93 0.371304E+00 0.000000E+00
 0.947368E+01   94 0.449891E+00 0.000000E+00
 0.947368E+01   95 0.528478E+00 0.000000E+00
 0.947368E+01   96 0.607065E+00 0.000000E+00
 0.947368E+01   97 0.685652E+00 0.000000E+00
 0.947368E+01   98 0.764239E+00 0.000000E+00
 0.947368E+01   99 0.842826E+00 0.000000E+00
 0.965789E+01    1 -.671938E+01 0.000000E+00
 0.965789E+01    2 -.664219E+01 0.000000E+00
 0.965789E+01    3 -.656500E+01 0.000000E+00
 0.965789E+01    4 -.648780E+01 0.000000E+00
 0.965789E+01    5 -.641061E+01 0.000000E+00
 0.965789E+01    6 -.633341E+01 0.000000E+00
 0.965789E+01    7 -.625622E+01 0.000000E+00
 0.965789E+01    8 -.617903E+01 0.000000E+00
 0.965789E+01    9 -.610183E+01 0.000000E+00
 0.965789E+01   10 -.602464E+01 0.000000E+00
 0.965789E+01   11 -.594745E+01 0.000000E+00
 0.965789E+01   12 -.587025E+01 0.000000E+00
 0.965789E+01   13 -.579306E+01 0.000000E+00
 0.965789E+01   14 -.571586E+01 0.000000E+00
 0.965789E+01   15 -.563867E+01 0.000000E+00
 0.965789E+01   16 -.556148E+01 0.000000E+00
 0.965789E+01   17 -.548428E+01 0.000000E+00
 0.965789E+01   18 -.540709E+01 0.000000E+00
 0.965789E+01   19 -.532989E+01 0.000000E+00
 0.965789E+01   20 -.525270E+01 0.000000E+00
 0.965789E+01   21 -.517551E+01 0.000000E+00
 0.965789E+01   22 -.509831E+01 0.000000E+00
 0.965789E+01   23 -.502112E+01 0.000000E+00
 0.965789E+01   24 -.494393E+01 0.000000E+00
 0.965789E+01   25 -.486673E+01 0.000000E+00
 0.965789E+01   26 -.478954E+01 0.000000E+00
 0.965789E+01   27 -.471234E+01 0.000000E+00
 0.965789E+01   28 -.463515E+01 0.000000E+00
 0.965789E+01   29 -.455796E+01 0.000000E+00
 0.965789E+01   30 -.448076E+01 0.000000E+00
 0.965789E+01   31 -.440357E+01 0.000000E+00
 0.965789E+01   32 -.432637E+01 0.000000E+00
 0.965789E+01   33 -.424918E+01 0.000000E+00
 0.965789E+01   34 -.417199E+01 0.000000E+00
 0.965789E+01   35 -.409479E+01 0.000000E+00
 0.965789E+01   36 -.401760E+01 0.000000E+00
 0.965789E+01   37 -.394041E+01 0.000000E+00
 0.965789E+01   38 -.386321E+01 0.000000E+00
 0.965789E+01   39 -.378602E+01 0.000000E+00
 0.965789E+01   40 -.370882E+01 0.000000E+00
 0.965789E+01   41 -.363163E+01 0.000000E+00
 0.965789E+01   42 -.355444E+01 0.000000E+00
 0.965789E+01   43 -.347724E+01 0.000000E+00
 0.965789E+01   44 -.340005E+01 0.000000E+00
 0.965789E+01   45 -.332285E+01 0.000000E+00
 0.965789E+01   46 -.324566E+01 0.000000E+00
 0.965789E+01   47 -.316847E+01 0.400000E-06
 0.965789E+01   48 -.309127E+01 0.443000E-03
 0.965789E+01   49 -.301408E+01 0.313169E-01
 0.965789E+01   50 -.293689E+01 0.462512E+00
 0.965789E+01   51 -.285969E+01 0.460613E+00
 0.965789E+01   52 -.278250E+01 0.449634E-01
 0.965789E+01   53 -.270530E+01 0.150600E-03
 0.965789E+01   54 -.262811E+01 0.000000E+00
 0.965789E+01   55 -.255092E+01 0.000000E+00
 0.965789E+01   56 -.247372E+01 0.000000E+00
 0.965789E+01   57 -.239653E+01 0.000000E+00
 0.965789E+01   58 -.231934E+01 0.000000E+00
 0.965789E+01   59 -.224214E+01 0.000000E+00
 0.965789E+01   60 -.216495E+01 0.000000E+00
 0.965789E+01   61 -.208775E+01 0.000000E+00
 0.965789E+01   62 -.201056E+01 0.000000E+00
 0.965789E+01   63 -.193337E+01 0.000000E+00
 0.965789E+01   64 -.185617E+01 0.000000E+00
 0.965789E+01   65 -.177898E+01 0.000000E+00
 0.965789E+01   66 -.170178E+01 0.000000E+00
 0.965789E+01   67 -.162459E+01 0.000000E+00
 0.965789E+01   68 -.154740E+01 0.000000E+00
 0.965789E+01   69 -.147020E+01 0.000000E+00
 0.965789E+01   70 -.139301E+01 0.000000E+00
 0.965789E+01   71 -.131582E+01 0.000000E+00
 0.965789E+01   72 -.123862E+01 0.000000E+00
 0.965789E+01   73 -.116143E+01 0.000000E+00
 0.965789E+01   74 -.108423E+01 0.000000E+00
 0.965789E+01   75 -.100704E+01 0.000000E+00
 0.965789E+01   76 -.929846E+00 0.000000E+00
 0.965789E+01   77 -.852652E+00 0.000000E+00
 0.965789E+01   78 -.775458E+00 0.000000E+00
 0.965789E+01   79 -.698264E+00 0.000000E+00
 0.965789E+01   80 -.621071E+00 0.000000E+00
 0.965789E+01   81 -.543877E+00 0.000000E+00
 0.965789E+01   82 -.466683E+00 0.000000E+00
 0.965789E+01   83 -.389489E+00 0.000000E+00
 0.965789E+01   84 -.312295E+00 0.000000E+00
 0.965789E+01   85 -.235101E+00 0.000000E+00
 0.965789E+01   86 -.157908E+00 0.000000E+00
 0.965789E+01   87 -.807137E-01 0.000000E+00
 0.965789E+01   88 -.351988E-02 0.000000E+00
 0.965789E+01   89 0.736740E-01 0.000000E+00
 0.965789E+01   90 0.150868E+00 0.000000E+00
 0.965789E+01   91 0.228062E+00 0.000000E+00
 0.965789E+01   92 0.305255E+00 0.000000E+00
 0.965789E+01   93 0.382449E+00 0.000000E+00
 0.965789E+01   94 0.459643E+00 0.000000E+00
 0.965789E+01   95 0.536837E+00 0.000000E+00
 0.965789E+01   96 0.614031E+00 0.000000E+00
 0.965789E+01   97 0.691225E+00 0.000000E+00
 0.965789E+01   98 0.768418E+00 0.000000E+00
 0.965789E+01   99 0.845612E+00 0.000000E+00
 0.984211E+01    1 -.649791E+01 0.000000E+00
 0.984211E+01    2 -.642293E+01 0.000000E+00
 0.984211E+01    3 -.634795E+01 0.000000E+00
 0.984211E+01    4 -.627297E+01 0.000000E+00
 0.984211E+01    5 -.619800E+01 0.000000E+00
 0.984211E+01    6 -.612302E+01 0.000000E+00
 0.984211E+01    7 -.604804E+01 0.000000E+00
 0.984211E+01    8 -.597306E+01 0.000000E+00
 0.984211E+01    9 -.589808E+01 0.000000E+00
 0.984211E+01   10 -.582310E+01 0.000000E+00
 0.984211E+01   11 -.574812E+01 0.000000E+00
 0.984211E+01   12 -.567314E+01 0.000000E+00
 0.984211E+01   13 -.559816E+01 0.000000E+00
 0.984211E+01   14 -.552318E+01 0.000000E+00
 0.984211E+01   15 -.544820E+01 0.000000E+00
 0.984211E+01   16 -.537322E+01 0.000000E+00
 0.984211E+01   17 -.529825E+01 0.000000E+00
 0.984211E+01   18 -.522327E+01 0.000000E+00
 0.984211E+01   19 -.514829E+01 0.000000E+00
 0.984211E+01   20 -.507331E+01 0.000000E+00
 0.984211E+01   21 -.499833E+01 0.000000E+00
 0.984211E+01   22 -.492335E+01 0.000000E+00
 0.984211E+01   23 -.484837E+01 0.000000E+00
 0.984211E+01   24 -.477339E+01 0.000000E+00
 0.984211E+01   25 -.469841E+01 0.000000E+00
 0.984211E+01   26 -.462343E+01 0.000000E+00
 0.984211E+01   27 -.454845E+01 0.000000E+00
 0.984211E+01   28 -.447348E+01 0.000000E+00
 0.984211E+01   29 -.439850E+01 0.000000E+00
 0.984211E+01   30 -.432352E+01 0.000000E+00
 0.984211E+01   31 -.424854E+01 0.000000E+00
 0.984211E+01   32 -.417356E+01 0.000000E+00
 0.984211E+01   33 -.409858E+01 0.000000E+00
 0.984211E+01   34 -.402360E+01 0.000000E+00
 0.984211E+01   35 -.394862E+01 0.000000E+00
 0.984211E+01   36 -.387364E+01 0.000000E+00
 0.984211E+01   37 -.379866E+01 0.000000E+00
 0.984211E+01   38 -.372368E+01 0.000000E+00
 0.984211E+01   39 -.364871E+01 0.000000E+00
 0.984211E+01   40 -.357373E+01 0.000000E+00
 0.984211E+01   41 -.349875E+01 0.000000E+00
 0.984211E+01   42 -.342377E+01 0.000000E+00
 0.984211E+01   43 -.334879E+01 0.000000E+00
 0.984211E+01   44 -.327381E+01 0.000000E+00
 0.984211E+01   45 -.319883E+01 0.000000E+00
 0.984211E+01   46 -.312385E+01 0.000000E+00
 0.984211E+01   47 -.304887E+01 0.000000E+00
 0.984211E+01   48 -.297389E+01 0.819000E-04
 0.984211E+01   49 -.289891E+01 0.325825E-01
 0.984211E+01   50 -.282393E+01 0.415124E+00
 0.984211E+01   51 -.274896E+01 0.517239E+00
 0.984211E+01   52 -.267398E+01 0.349276E-01
 0.984211E+01   53 -.259900E+01 0.447000E-04
 0.984211E+01   54 -.252402E+01 0.000000E+00
 0.984211E+01   55 -.244904E+01 0.000000E+00
 0.984211E+01   56 -.237406E+01 0.000000E+00
 0.984211E+01   57 -.229908E+01 0.000000E+00
 0.984211E+01   58 -.222410E+01 0.000000E+00
 0.984211E+01   59 -.214912E+01 0.000000E+00
 0.984211E+01   60 -.207414E+01 0.000000E+00
 0.984211E+01   61 -.199916E+01 0.000000E+00
 0.984211E+01   62 -.192419E+01 0.000000E+00
 0.984211E+01   63 -.184921E+01 0.000000E+00
 0.984211E+01   64 -.177423E+01 0.000000E+00
 0.984211E+01   65 -.169925E+01 0.000000E+00
 0.984211E+01   66 -.162427E+01 0.000000E+00
 0.984211E+01   67 -.154929E+01 0.000000E+00
 0.984211E+01   68 -.147431E+01 0.000000E+00
 0.984211E+01   69 -.139933E+01 0.000000E+00
 0.984211E+01   70 -.132435E+01 0.000000E+00
 0.984211E+01   71 -.124937E+01 0.000000E+00
 0.984211E+01   72 -.117439E+01 0.000000E+00
 0.984211E+01   73 -.109942E+01 0.000000E+00
 0.984211E+01   74 -.102444E+01 0.000000E+00
 0.984211E+01   75 -.949457E+00 0.000000E+00
 0.984211E+01   76 -.874478E+00 0.000000E+00
 0.984211E+01   77 -.799499E+00 0.000000E+00
 0.984211E+01   78 -.724520E+00 0.000000E+00
 0.984211E+01   79 -.649541E+00 0.000000E+00
 0.984211E+01   80 -.574561E+00 0.000000E+00
 0.984211E+01   81 -.499582E+00 0.000000E+00
 0.984211E+01   82 -.424603E+00 0.000000E+00
 0.984211E+01   83 -.349624E+00 0.000000E+00
 0.984211E+01   84 -.274645E+00 0.000000E+00
 0.984211E+01   85 -.199666E+00 0.000000E+00
 0.984211E+01   86 -.124687E+00 0.000000E+00
 0.984211E+01   87 -.497076E-01 0.000000E+00
 0.984211E+01   88 0.252715E-01 0.000000E+00
 0.984211E+01   89 0.100251E+00 0.000000E+00
 0.984211E+01   90 0.175230E+00 0.000000E+00
 0.984211E+01   91 0.250209E+00 0.000000E+00
 0.984211E+01   92 0.325188E+00 0.000000E+00
 0.984211E+01   93 0.400167E+00 0.000000E+00
 0.984211E+01   94 0.475146E+00 0.000000E+00
 0.984211E+01   95 0.550125E+00 0.000000E+00
 0.984211E+01   96 0.625104E+00 0.000000E+00
 0.984211E+01   97 0.700084E+00 0.000000E+00
 0.984211E+01   98 0.775063E+00 0.000000E+00
 0.984211E+01   99 0.850042E+00 0.000000E+00
 0.100263E+02    1 -.637823E+01 0.000000E+00
 0.100263E+02    2 -.630445E+01 0.000000E+00
 0.100263E+02    3 -.623066E+01 0.000000E+00
 0.100263E+02    4 -.615688E+01 0.000000E+00
 0.100263E+02    5 -.608310E+01 0.000000E+00
 0.100263E+02    6 -.600932E+01 0.000000E+00
 0.100263E+02    7 -.593553E+01 0.000000E+00
 0.100263E+02    8 -.586175E+01 0.000000E+00
 0.100263E+02    9 -.578797E+01 0.000000E+00
 0.100263E+02   10 -.571419E+01 0.000000E+00
 0.100263E+02   11 -.564041E+01 0.000000E+00
 0.100263E+02   12 -.556662E+01 0.000000E+00
 0.100263E+02   13 -.549284E+01 0.000000E+00
 0.100263E+02   14 -.541906E+01 0.000000E+00
 0.100263E+02   15 -.534528E+01 0.000000E+00
 0.100263E+02   16 -.527149E+01 0.000000E+00
 0.100263E+02   17 -.519771E+01 0.000000E+00
 0.100263E+02   18 -.512393E+01 0.000000E+00
 0.100263E+02   19 -.505015E+01 0.000000E+00
 0.100263E+02   20 -.497637E+01 0.000000E+00
 0.100263E+02   21 -.490258E+01 0.000000E+00
 0.100263E+02   22 -.482880E+01 0.000000E+00
 0.100263E+02   23 -.475502E+01 0.000000E+00
 0.100263E+02   24 -.468124E+01 0.000000E+00
 0.100263E+02   25 -.460745E+01 0.000000E+00
 0.100263E+02   26 -.453367E+01 0.000000E+00
 0.100263E+02   27 -.445989E+01 0.000000E+00
 0.100263E+02   28 -.438611E+01 0.000000E+00
 0.100263E+02   29 -.431232E+01 0.000000E+00
 0.100263E+02   30 -.423854E+01 0.000000E+00
 0.100263E+02   31 -.416476E+01 0.000000E+00
 0.100263E+02   32 -.409098E+01 0.000000E+00
 0.100263E+02   33 -.401720E+01 0.000000E+00
 0.100263E+02   34 -.394341E+01 0.000000E+00
 0.100263E+02   35 -.386963E+01 0.000000E+00
 0.100263E+02   36 -.379585E+01 0.000000E+00
 0.100263E+02   37 -.372207E+01 0.000000E+00
 0.100263E+02   38 -.364828E+01 0.000000E+00
 0.100263E+02   39 -.357450E+01 0.000000E+00
 0.100263E+02   40 -.350072E+01 0.000000E+00
 0.100263E+02   41 -.342694E+01 0.000000E+00
 0.100263E+02   42 -.335315E+01 0.000000E+00
 0.100263E+02   43 -.327937E+01 0.000000E+00
 0.100263E+02   44 -.320559E+01 0.000000E+00
 0.100263E+02   45 -.313181E+01 0.000000E+00
 0.100263E+02   46 -.305803E+01 0.000000E+00
 0.100263E+02   47 -.298424E+01 0.000000E+00
 0.100263E+02   48 -.291046E+01 0.191800E-03
 0.100263E+02   49 -.283668E+01 0.420389E-01
 0.100263E+02   50 -.276290E+01 0.456218E+00
 0.100263E+02   51 -.268911E+01 0.465203E+00
 0.100263E+02   52 -.261533E+01 0.362414E-01
 0.100263E+02   53 -.254155E+01 0.107000E-03
 0.100263E+02   54 -.246777E+01 0.000000E+00
 0.100263E+02   55 -.239399E+01 0.000000E+00
 0.100263E+02   56 -.232020E+01 0.000000E+00
 0.100263E+02   57 -.224642E+01 0.000000E+00
 0.100263E+02   58 -.217264E+01 0.000000E+00
 0.100263E+02   59 -.209886E+01 0.000000E+00
 0.100263E+02   60 -.202507E+01 0.000000E+00
 0.100263E+02   61 -.195129E+01 0.000000E+00
 0.100263E+02   62 -.187751E+01 0.000000E+00
 0.100263E+02   63 -.180373E+01 0.000000E+00
 0.100263E+02   64 -.172994E+01 0.000000E+00
 0.100263E+02   65 -.165616E+01 0.000000E+00
 0.100263E+02   66 -.158238E+01 0.000000E+00
 0.100263E+02   67 -.150860E+01 0.000000E+00
 0.100263E+02   68 -.143482E+01 0.000000E+00
 0.100263E+02   69 -.136103E+01 0.000000E+00
 0.100263E+02   70 -.128725E+01 0.000000E+00
 0.100263E+02   71 -.121347E+01 0.000000E+00
 0.100263E+02   72 -.113969E+01 0.000000E+00
 0.100263E+02   73 -.106590E+01 0.000000E+00
 0.100263E+02   74 -.992122E+00 0.000000E+00
 0.100263E+02   75 -.918339E+00 0.000000E+00
 0.100263E+02   76 -.844557E+00 0.000000E+00
 0.100263E+02   77 -.770775E+00 0.000000E+00
 0.100263E+02   78 -.696993E+00 0.000000E+00
 0.100263E+02   79 -.623210E+00 0.000000E+00
 0.100263E+02   80 -.549428E+00 0.000000E+00
 0.100263E+02   81 -.475646E+00 0.000000E+00
 0.100263E+02   82 -.401863E+00 0.000000E+00
 0.100263E+02   83 -.328081E+00 0.000000E+00
 0.100263E+02   84 -.254299E+00 0.000000E+00
 0.100263E+02   85 -.180517E+00 0.000000E+00
 0.100263E+02   86 -.106734E+00 0.000000E+00
 0.100263E+02   87 -.329520E-01 0.000000E+00
 0.100263E+02   88 0.408303E-01 0.000000E+00
 0.100263E+02   89 0.114613E+00 0.000000E+00
 0.100263E+02   90 0.188395E+00 0.000000E+00
 0.100263E+02   91 0.262177E+00 0.000000E+00
 0.100263E+02   92 0.335959E+00 0.000000E+00
 0.100263E+02   93 0.409742E+00 0.000000E+00
 0.100263E+02   94 0.483524E+00 0.000000E+00
 0.100263E+02   95 0.557306E+00 0.000000E+00
 0.100263E+02   96 0.631089E+00 0.000000E+00
 0.100263E+02   97 0.704871E+00 0.000000E+00
 0.100263E+02   98 0.778653E+00 0.000000E+00
 0.100263E+02   99 0.852435E+00 0.000000E+00
 0.102105E+02    1 -.619783E+01 0.000000E+00
 0.102105E+02    2 -.612585E+01 0.000000E+00
 0.102105E+02    3 -.605387E+01 0.000000E+00
 0.102105E+02    4 -.598189E+01 0.000000E+00
 0.102105E+02    5 -.590991E+01 0.000000E+00
 0.102105E+02    6 -.583793E+01 0.000000E+00
 0.102105E+02    7 -.576596E+01 0.000000E+00
 0.102105E+02    8 -.569398E+01 0.000000E+00
 0.102105E+02    9 -.562200E+01 0.000000E+00
 0.102105E+02   10 -.555002E+01 0.000000E+00
 0.102105E+02   11 -.547804E+01 0.000000E+00
 0.102105E+02   12 -.540606E+01 0.000000E+00
 0.102105E+02   13 -.533409E+01 0.000000E+00
 0.102105E+02   14 -.526211E+01 0.000000E+00
 0.102105E+02   15 -.519013E+01 0.000000E+00
 0.102105E+02   16 -.511815E+01 0.000000E+00
 0.102105E+02   17 -.504617E+01 0.000000E+00
 0.102105E+02   18 -.497420E+01 0.000000E+00
 0.102105E+02   19 -.490222E+01 0.000000E+00
 0.102105E+02   20 -.483024E+01 0.000000E+00
 0.102105E+02   21 -.475826E+01 0.000000E+00
 0.102105E+02   22 -.468628E+01 0.000000E+00
 0.102105E+02   23 -.461430E+01 0.000000E+00
 0.102105E+02   24 -.454233E+01 0.000000E+00
 0.102105E+02   25 -.447035E+01 0.000000E+00
 0.102105E+02   26 -.439837E+01 0.000000E+00
 0.102105E+02   27 -.432639E+01 0.000000E+00
 0.102105E+02   28 -.425441E+01 0.000000E+00
 0.102105E+02   29 -.418243E+01 0.000000E+00
 0.102105E+02   30 -.411046E+01 0.000000E+00
 0.102105E+02   31 -.403848E+01 0.000000E+00
 0.102105E+02   32 -.396650E+01 0.000000E+00
 0.102105E+02   33 -.389452E+01 0.000000E+00
 0.102105E+02   34 -.382254E+01 0.000000E+00
 0.102105E+02   35 -.375056E+01 0.000000E+00
 0.102105E+02   36 -.367859E+01 0.000000E+00
 0.102105E+02   37 -.360661E+01 0.000000E+00
 0.102105E+02   38 -.353463E+01 0.000000E+00
 0.102105E+02   39 -.346265E+01 0.000000E+00
 0.102105E+02   40 -.339067E+01 0.000000E+00
 0.102105E+02   41 -.331870E+01 0.000000E+00
 0.102105E+02   42 -.324672E+01 0.000000E+00
 0.102105E+02   43 -.317474E+01 0.000000E+00
 0.102105E+02   44 -.310276E+01 0.000000E+00
 0.102105E+02   45 -.303078E+01 0.000000E+00
 0.102105E+02   46 -.295880E+01 0.000000E+00
 0.102105E+02   47 -.288683E+01 0.000000E+00
 0.102105E+02   48 -.281485E+01 0.187000E-03
 0.102105E+02   49 -.274287E+01 0.372185E-01
 0.102105E+02   50 -.267089E+01 0.427800E+00
 0.102105E+02   51 -.259891E+01 0.492149E+00
 0.102105E+02   52 -.252693E+01 0.425016E-01
 0.102105E+02   53 -.245496E+01 0.143900E-03
 0.102105E+02   54 -.238298E+01 0.000000E+00
 0.102105E+02   55 -.231100E+01 0.000000E+00
 0.102105E+02   56 -.223902E+01 0.000000E+00
 0.102105E+02   57 -.216704E+01 0.000000E+00
 0.102105E+02   58 -.209506E+01 0.000000E+00
 0.102105E+02   59 -.202309E+01 0.000000E+00
 0.102105E+02   60 -.195111E+01 0.000000E+00
 0.102105E+02   61 -.187913E+01 0.000000E+00
 0.102105E+02   62 -.180715E+01 0.000000E+00
 0.102105E+02   63 -.173517E+01 0.000000E+00
 0.102105E+02   64 -.166320E+01 0.000000E+00
 0.102105E+02   65 -.159122E+01 0.000000E+00
 0.102105E+02   66 -.151924E+01 0.000000E+00
 0.102105E+02   67 -.144726E+01 0.000000E+00
 0.102105E+02   68 -.137528E+01 0.000000E+00
 0.102105E+02   69 -.130330E+01 0.000000E+00
 0.102105E+02   70 -.123133E+01 0.000000E+00
 0.102105E+02   71 -.115935E+01 0.000000E+00
 0.102105E+02   72 -.108737E+01 0.000000E+00
 0.102105E+02   73 -.101539E+01 0.000000E+00
 0.102105E+02   74 -.943413E+00 0.000000E+00
 0.102105E+02   75 -.871435E+00 0.000000E+00
 0.102105E+02   76 -.799456E+00 0.000000E+00
 0.102105E+02   77 -.727478E+00 0.000000E+00
 0.102105E+02   78 -.655500E+00 0.000000E+00
 0.102105E+02   79 -.583522E+00 0.000000E+00
 0.102105E+02   80 -.511543E+00 0.000000E+00
 0.102105E+02   81 -.439565E+00 0.000000E+00
 0.102105E+02   82 -.367587E+00 0.000000E+00
 0.102105E+02   83 -.295609E+00 0.000000E+00
 0.102105E+02   84 -.223630E+00 0.000000E+00
 0.102105E+02   85 -.151652E+00 0.000000E+00
 0.102105E+02   86 -.796738E-01 0.000000E+00
 0.102105E+02   87 -.769555E-02 0.000000E+00
 0.102105E+02   88 0.642827E-01 0.000000E+00
 0.102105E+02   89 0.136261E+00 0.000000E+00
 0.102105E+02   90 0.208239E+00 0.000000E+00
 0.102105E+02   91 0.280217E+00 0.000000E+00
 0.102105E+02   92 0.352196E+00 0.000000E+00
 0.102105E+02   93 0.424174E+00 0.000000E+00
 0.102105E+02   94 0.496152E+00 0.000000E+00
 0.102105E+02   95 0.568130E+00 0.000000E+00
 0.102105E+02   96 0.640109E+00 0.000000E+00
 0.102105E+02   97 0.712087E+00 0.000000E+00
 0.102105E+02   98 0.784065E+00 0.000000E+00
 0.102105E+02   99 0.856043E+00 0.000000E+00
 0.103947E+02    1 -.597294E+01 0.000000E+00
 0.103947E+02    2 -.590321E+01 0.000000E+00
 0.103947E+02    3 -.583348E+01 0.000000E+00
 0.103947E+02    4 -.576375E+01 0.000000E+00
 0.103947E+02    5 -.569402E+01 0.000000E+00
 0.103947E+02    6 -.562429E+01 0.000000E+00
 0.103947E+02    7 -.555456E+01 0.000000E+00
 0.103947E+02    8 -.548483E+01 0.000000E+00
 0.103947E+02    9 -.541510E+01 0.000000E+00
 0.103947E+02   10 -.534537E+01 0.000000E+00
 0.103947E+02   11 -.527564E+01 0.000000E+00
 0.103947E+02   12 -.520591E+01 0.000000E+00
 0.103947E+02   13 -.513619E+01 0.000000E+00
 0.103947E+02   14 -.506646E+01 0.000000E+00
 0.103947E+02   15 -.499673E+01 0.000000E+00
 0.103947E+02   16 -.492700E+01 0.000000E+00
 0.103947E+02   17 -.485727E+01 0.000000E+00
 0.103947E+02   18 -.478754E+01 0.000000E+00
 0.103947E+02   19 -.471781E+01 0.000000E+00
 0.103947E+02   20 -.464808E+01 0.000000E+00
 0.103947E+02   21 -.457835E+01 0.000000E+00
 0.103947E+02   22 -.450862E+01 0.000000E+00
 0.103947E+02   23 -.443889E+01 0.000000E+00
 0.103947E+02   24 -.436916E+01 0.000000E+00
 0.103947E+02   25 -.429943E+01 0.000000E+00
 0.103947E+02   26 -.422970E+01 0.000000E+00
 0.103947E+02   27 -.415997E+01 0.000000E+00
 0.103947E+02   28 -.409024E+01 0.000000E+00
 0.103947E+02   29 -.402052E+01 0.000000E+00
 0.103947E+02   30 -.395079E+01 0.000000E+00
 0.103947E+02   31 -.388106E+01 0.000000E+00
 0.103947E+02   32 -.381133E+01 0.000000E+00
 0.103947E+02   33 -.374160E+01 0.000000E+00
 0.103947E+02   34 -.367187E+01 0.000000E+00
 0.103947E+02   35 -.360214E+01 0.000000E+00
 0.103947E+02   36 -.353241E+01 0.000000E+00
 0.103947E+02   37 -.346268E+01 0.000000E+00
 0.103947E+02   38 -.339295E+01 0.000000E+00
 0.103947E+02   39 -.332322E+01 0.000000E+00
 0.103947E+02   40 -.325349E+01 0.000000E+00
 0.103947E+02   41 -.318376E+01 0.000000E+00
 0.103947E+02   42 -.311403E+01 0.000000E+00
 0.103947E+02   43 -.304430E+01 0.000000E+00
 0.103947E+02   44 -.297457E+01 0.000000E+00
 0.103947E+02   45 -.290485E+01 0.000000E+00
 0.103947E+02   46 -.283512E+01 0.000000E+00
 0.103947E+02   47 -.276539E+01 0.000000E+00
 0.103947E+02   48 -.269566E+01 0.422300E-03
 0.103947E+02   49 -.262593E+01 0.636618E-01
 0.103947E+02   50 -.255620E+01 0.471600E+00
 0.103947E+02   51 -.248647E+01 0.410658E+00
 0.103947E+02   52 -.241674E+01 0.533061E-01
 0.103947E+02   53 -.234701E+01 0.351900E-03
 0.103947E+02   54 -.227728E+01 0.000000E+00
 0.103947E+02   55 -.220755E+01 0.000000E+00
 0.103947E+02   56 -.213782E+01 0.000000E+00
 0.103947E+02   57 -.206809E+01 0.000000E+00
 0.103947E+02   58 -.199836E+01 0.000000E+00
 0.103947E+02   59 -.192863E+01 0.000000E+00
 0.103947E+02   60 -.185890E+01 0.000000E+00
 0.103947E+02   61 -.178918E+01 0.000000E+00
 0.103947E+02   62 -.171945E+01 0.000000E+00
 0.103947E+02   63 -.164972E+01 0.000000E+00
 0.103947E+02   64 -.157999E+01 0.000000E+00
 0.103947E+02   65 -.151026E+01 0.000000E+00
 0.103947E+02   66 -.144053E+01 0.000000E+00
 0.103947E+02   67 -.137080E+01 0.000000E+00
 0.103947E+02   68 -.130107E+01 0.000000E+00
 0.103947E+02   69 -.123134E+01 0.000000E+00
 0.103947E+02   70 -.116161E+01 0.000000E+00
 0.103947E+02   71 -.109188E+01 0.000000E+00
 0.103947E+02   72 -.102215E+01 0.000000E+00
 0.103947E+02   73 -.952423E+00 0.000000E+00
 0.103947E+02   74 -.882693E+00 0.000000E+00
 0.103947E+02   75 -.812964E+00 0.000000E+00
 0.103947E+02   76 -.743235E+00 0.000000E+00
 0.103947E+02   77 -.673505E+00 0.000000E+00
 0.103947E+02   78 -.603776E+00 0.000000E+00
 0.103947E+02   79 -.534046E+00 0.000000E+00
 0.103947E+02   80 -.464317E+00 0.000000E+00
 0.103947E+02   81 -.394588E+00 0.000000E+00
 0.103947E+02   82 -.324858E+00 0.000000E+00
 0.103947E+02   83 -.255129E+00 0.000000E+00
 0.103947E+02   84 -.185399E+00 0.000000E+00
 0.103947E+02   85 -.115670E+00 0.000000E+00
 0.103947E+02   86 -.459407E-01 0.000000E+00
 0.103947E+02   87 0.237887E-01 0.000000E+00
 0.103947E+02   88 0.935180E-01 0.000000E+00
 0.103947E+02   89 0.163247E+00 0.000000E+00
 0.103947E+02   90 0.232977E+00 0.000000E+00
 0.103947E+02   91 0.302706E+00 0.000000E+00
 0.103947E+02   92 0.372436E+00 0.000000E+00
 0.103947E+02   93 0.442165E+00 0.000000E+00
 0.103947E+02   94 0.511894E+00 0.000000E+00
 0.103947E+02   95 0.581624E+00 0.000000E+00
 0.103947E+02   96 0.651353E+00 0.000000E+00
 0.103947E+02   97 0.721082E+00 0.000000E+00
 0.103947E+02   98 0.790812E+00 0.000000E+00
 0.103947E+02   99 0.860541E+00 0.000000E+00
 0.105789E+02    1 -.565940E+01 0.000000E+00
 0.105789E+02    2 -.559281E+01 0.000000E+00
 0.105789E+02    3 -.552621E+01 0.000000E+00
 0.105789E+02    4 -.545962E+01 0.000000E+00
 0.105789E+02    5 -.539302E+01 0.000000E+00
 0.105789E+02    6 -.532643E+01 0.000000E+00
 0.105789E+02    7 -.525984E+01 0.000000E+00
 0.105789E+02    8 -.519324E+01 0.000000E+00
 0.105789E+02    9 -.512665E+01 0.000000E+00
 0.105789E+02   10 -.506005E+01 0.000000E+00
 0.105789E+02   11 -.499346E+01 0.000000E+00
 0.105789E+02   12 -.492687E+01 0.000000E+00
 0.105789E+02   13 -.486027E+01 0.000000E+00
 0.105789E+02   14 -.479368E+01 0.000000E+00
 0.105789E+02   15 -.472708E+01 0.000000E+00
 0.105789E+02   16 -.466049E+01 0.000000E+00
 0.105789E+02   17 -.459390E+01 0.000000E+00
 0.105789E+02   18 -.452730E+01 0.000000E+00
 0.105789E+02   19 -.446071E+01 0.000000E+00
 0.105789E+02   20 -.439411E+01 0.000000E+00
 0.105789E+02   21 -.432752E+01 0.000000E+00
 0.105789E+02   22 -.426093E+01 0.000000E+00
 0.105789E+02   23 -.419433E+01 0.000000E+00
 0.105789E+02   24 -.412774E+01 0.000000E+00
 0.105789E+02   25 -.406114E+01 0.000000E+00
 0.105789E+02   26 -.399455E+01 0.000000E+00
 0.105789E+02   27 -.392796E+01 0.000000E+00
 0.105789E+02   28 -.386136E+01 0.000000E+00
 0.105789E+02   29 -.379477E+01 0.000000E+00
 0.105789E+02   30 -.372817E+01 0.000000E+00
 0.105789E+02   31 -.366158E+01 0.000000E+00
 0.105789E+02   32 -.359499E+01 0.000000E+00
 0.105789E+02   33 -.352839E+01 0.000000E+00
 0.105789E+02   34 -.346180E+01 0.000000E+00
 0.105789E+02   35 -.339520E+01 0.000000E+00
 0.105789E+02   36 -.332861E+01 0.000000E+00
 0.105789E+02   37 -.326202E+01 0.000000E+00
 0.105789E+02   38 -.319542E+01 0.000000E+00
 0.105789E+02   39 -.312883E+01 0.000000E+00
 0.105789E+02   40 -.306223E+01 0.000000E+00
 0.105789E+02   41 -.299564E+01 0.000000E+00
 0.105789E+02   42 -.292905E+01 0.000000E+00
 0.105789E+02   43 -.286245E+01 0.000000E+00
 0.105789E+02   44 -.279586E+01 0.000000E+00
 0.105789E+02   45 -.272926E+01 0.000000E+00
 0.105789E+02   46 -.266267E+01 0.000000E+00
 0.105789E+02   47 -.259608E+01 0.000000E+00
 0.105789E+02   48 -.252948E+01 0.373900E-03
 0.105789E+02   49 -.246289E+01 0.596536E-01
 0.105789E+02   50 -.239629E+01 0.474931E+00
 0.105789E+02   51 -.232970E+01 0.422633E+00
 0.105789E+02   52 -.226311E+01 0.422035E-01
 0.105789E+02   53 -.219651E+01 0.204700E-03
 0.105789E+02   54 -.212992E+01 0.000000E+00
 0.105789E+02   55 -.206332E+01 0.000000E+00
 0.105789E+02   56 -.199673E+01 0.000000E+00
 0.105789E+02   57 -.193014E+01 0.000000E+00
 0.105789E+02   58 -.186354E+01 0.000000E+00
 0.105789E+02   59 -.179695E+01 0.000000E+00
 0.105789E+02   60 -.173035E+01 0.000000E+00
 0.105789E+02   61 -.166376E+01 0.000000E+00
 0.105789E+02   62 -.159717E+01 0.000000E+00
 0.105789E+02   63 -.153057E+01 0.000000E+00
 0.105789E+02   64 -.146398E+01 0.000000E+00
 0.105789E+02   65 -.139738E+01 0.000000E+00
 0.105789E+02   66 -.133079E+01 0.000000E+00
 0.105789E+02   67 -.126420E+01 0.000000E+00
 0.105789E+02   68 -.119760E+01 0.000000E+00
 0.105789E+02   69 -.113101E+01 0.000000E+00
 0.105789E+02   70 -.106441E+01 0.000000E+00
 0.105789E+02   71 -.997820E+00 0.000000E+00
 0.105789E+02   72 -.931226E+00 0.000000E+00
 0.105789E+02   73 -.864632E+00 0.000000E+00
 0.105789E+02   74 -.798038E+00 0.000000E+00
 0.105789E+02   75 -.731444E+00 0.000000E+00
 0.105789E+02   76 -.664850E+00 0.000000E+00
 0.105789E+02   77 -.598256E+00 0.000000E+00
 0.105789E+02   78 -.531662E+00 0.000000E+00
 0.105789E+02   79 -.465068E+00 0.000000E+00
 0.105789E+02   80 -.398474E+00 0.000000E+00
 0.105789E+02   81 -.331880E+00 0.000000E+00
 0.105789E+02   82 -.265286E+00 0.000000E+00
 0.105789E+02   83 -.198692E+00 0.000000E+00
 0.105789E+02   84 -.132098E+00 0.000000E+00
 0.105789E+02   85 -.655040E-01 0.000000E+00
 0.105789E+02   86 0.109001E-02 0.000000E+00
 0.105789E+02   87 0.676840E-01 0.000000E+00
 0.105789E+02   88 0.134278E+00 0.000000E+00
 0.105789E+02   89 0.200872E+00 0.000000E+00
 0.105789E+02   90 0.267466E+00 0.000000E+00
 0.105789E+02   91 0.334060E+00 0.000000E+00
 0.105789E+02   92 0.400654E+00 0.000000E+00
 0.105789E+02   93 0.467248E+00 0.000000E+00
 0.105789E+02   94 0.533842E+00 0.000000E+00
 0.105789E+02   95 0.600436E+00 0.000000E+00
 0.105789E+02   96 0.667030E+00 0.000000E+00
 0.105789E+02   97 0.733624E+00 0.000000E+00
 0.105789E+02   98 0.800218E+00 0.000000E+00
 0.105789E+02   99 0.866812E+00 0.000000E+00
 0.107632E+02    1 -.565645E+01 0.000000E+00
 0.107632E+02    2 -.558989E+01 0.000000E+00
 0.107632E+02    3 -.552332E+01 0.000000E+00
 0.107632E+02    4 -.545676E+01 0.000000E+00
 0.107632E+02    5 -.539019E+01 0.000000E+00
 0.107632E+02    6 -.532363E+01 0.000000E+00
 0.107632E+02    7 -.525706E+01 0.000000E+00
 0.107632E+02    8 -.519050E+01 0.000000E+00
 0.107632E+02    9 -.512394E+01 0.000000E+00
 0.107632E+02   10 -.505737E+01 0.000000E+00
 0.107632E+02   11 -.499081E+01 0.000000E+00
 0.107632E+02   12 -.492424E+01 0.000000E+00
 0.107632E+02   13 -.485768E+01 0.000000E+00
 0.107632E+02   14 -.479111E+01 0.000000E+00
 0.107632E+02   15 -.472455E+01 0.000000E+00
 0.107632E+02   16 -.465798E+01 0.000000E+00
 0.107632E+02   17 -.459142E+01 0.000000E+00
 0.107632E+02   18 -.452485E+01 0.000000E+00
 0.107632E+02   19 -.445829E+01 0.000000E+00
 0.107632E+02   20 -.439173E+01 0.000000E+00
 0.107632E+02   21 -.432516E+01 0.000000E+00
 0.107632E+02   22 -.425860E+01 0.000000E+00
 0.107632E+02   23 -.419203E+01 0.000000E+00
 0.107632E+02   24 -.412547E+01 0.000000E+00
 0.107632E+02   25 -.405890E+01 0.000000E+00
 0.107632E+02   26 -.399234E+01 0.000000E+00
 0.107632E+02   27 -.392577E+01 0.000000E+00
 0.107632E+02   28 -.385921E+01 0.000000E+00
 0.107632E+02   29 -.379264E+01 0.000000E+00
 0.107632E+02   30 -.372608E+01 0.000000E+00
 0.107632E+02   31 -.365952E+01 0.000000E+00
 0.107632E+02   32 -.359295E+01 0.000000E+00
 0.107632E+02   33 -.352639E+01 0.000000E+00
 0.107632E+02   34 -.345982E+01 0.000000E+00
 0.107632E+02   35 -.339326E+01 0.000000E+00
 0.107632E+02   36 -.332669E+01 0.000000E+00
 0.107632E+02   37 -.326013E+01 0.000000E+00
 0.107632E+02   38 -.319356E+01 0.000000E+00
 0.107632E+02   39 -.312700E+01 0.000000E+00
 0.107632E+02   40 -.306044E+01 0.000000E+00
 0.107632E+02   41 -.299387E+01 0.000000E+00
 0.107632E+02   42 -.292731E+01 0.000000E+00
 0.107632E+02   43 -.286074E+01 0.000000E+00
 0.107632E+02   44 -.279418E+01 0.000000E+00
 0.107632E+02   45 -.272761E+01 0.000000E+00
 0.107632E+02   46 -.266105E+01 0.000000E+00
 0.107632E+02   47 -.259448E+01 0.300000E-06
 0.107632E+02   48 -.252792E+01 0.658500E-03
 0.107632E+02   49 -.246135E+01 0.612012E-01
 0.107632E+02   50 -.239479E+01 0.447899E+00
 0.107632E+02   51 -.232823E+01 0.431865E+00
 0.107632E+02   52 -.226166E+01 0.578504E-01
 0.107632E+02   53 -.219510E+01 0.525400E-03
 0.107632E+02   54 -.212853E+01 0.100000E-06
 0.107632E+02   55 -.206197E+01 0.000000E+00
 0.107632E+02   56 -.199540E+01 0.000000E+00
 0.107632E+02   57 -.192884E+01 0.000000E+00
 0.107632E+02   58 -.186227E+01 0.000000E+00
 0.107632E+02   59 -.179571E+01 0.000000E+00
 0.107632E+02   60 -.172914E+01 0.000000E+00
 0.107632E+02   61 -.166258E+01 0.000000E+00
 0.107632E+02   62 -.159602E+01 0.000000E+00
 0.107632E+02   63 -.152945E+01 0.000000E+00
 0.107632E+02   64 -.146289E+01 0.000000E+00
 0.107632E+02   65 -.139632E+01 0.000000E+00
 0.107632E+02   66 -.132976E+01 0.000000E+00
 0.107632E+02   67 -.126319E+01 0.000000E+00
 0.107632E+02   68 -.119663E+01 0.000000E+00
 0.107632E+02   69 -.113006E+01 0.000000E+00
 0.107632E+02   70 -.106350E+01 0.000000E+00
 0.107632E+02   71 -.996935E+00 0.000000E+00
 0.107632E+02   72 -.930371E+00 0.000000E+00
 0.107632E+02   73 -.863806E+00 0.000000E+00
 0.107632E+02   74 -.797242E+00 0.000000E+00
 0.107632E+02   75 -.730677E+00 0.000000E+00
 0.107632E+02   76 -.664113E+00 0.000000E+00
 0.107632E+02   77 -.597548E+00 0.000000E+00
 0.107632E+02   78 -.530984E+00 0.000000E+00
 0.107632E+02   79 -.464419E+00 0.000000E+00
 0.107632E+02   80 -.397855E+00 0.000000E+00
 0.107632E+02   81 -.331290E+00 0.000000E+00
 0.107632E+02   82 -.264726E+00 0.000000E+00
 0.107632E+02   83 -.198161E+00 0.000000E+00
 0.107632E+02   84 -.131597E+00 0.000000E+00
 0.107632E+02   85 -.650322E-01 0.000000E+00
 0.107632E+02   86 0.153233E-02 0.000000E+00
 0.107632E+02   87 0.680968E-01 0.000000E+00
 0.107632E+02   88 0.134661E+00 0.000000E+00
 0.107632E+02   89 0.201226E+00 0.000000E+00
 0.107632E+02   90 0.267790E+00 0.000000E+00
 0.107632E+02   91 0.334355E+00 0.000000E+00
 0.107632E+02   92 0.400919E+00 0.000000E+00
 0.107632E+02   93 0.467484E+00 0.000000E+00
 0.107632E+02   94 0.534048E+00 0.000000E+00
 0.107632E+02   95 0.600613E+00 0.000000E+00
 0.107632E+02   96 0.667177E+00 0.000000E+00
 0.107632E+02   97 0.733742E+00 0.000000E+00
 0.107632E+02   98 0.800306E+00 0.000000E+00
 0.107632E+02   99 0.866871E+00 0.000000E+00
 0.109474E+02    1 -.544598E+01 0.000000E+00
 0.109474E+02    2 -.538152E+01 0.000000E+00
 0.109474E+02    3 -.531706E+01 0.000000E+00
 0.109474E+02    4 -.525260E+01 0.000000E+00
 0.109474E+02    5 -.518814E+01 0.000000E+00
 0.109474E+02    6 -.512368E+01 0.000000E+00
 0.109474E+02    7 -.505922E+01 0.000000E+00
 0.109474E+02    8 -.499476E+01 0.000000E+00
 0.109474E+02    9 -.493030E+01 0.000000E+00
 0.109474E+02   10 -.486584E+01 0.000000E+00
 0.109474E+02   11 -.480138E+01 0.000000E+00
 0.109474E+02   12 -.473692E+01 0.000000E+00
 0.109474E+02   13 -.467246E+01 0.000000E+00
 0.109474E+02   14 -.460800E+01 0.000000E+00
 0.109474E+02   15 -.454354E+01 0.000000E+00
 0.109474E+02   16 -.447908E+01 0.000000E+00
 0.109474E+02   17 -.441462E+01 0.000000E+00
 0.109474E+02   18 -.435016E+01 0.000000E+00
 0.109474E+02   19 -.428570E+01 0.000000E+00
 0.109474E+02   20 -.422124E+01 0.000000E+00
 0.109474E+02   21 -.415678E+01 0.000000E+00
 0.109474E+02   22 -.409232E+01 0.000000E+00
 0.109474E+02   23 -.402786E+01 0.000000E+00
 0.109474E+02   24 -.396340E+01 0.000000E+00
 0.109474E+02   25 -.389894E+01 0.000000E+00
 0.109474E+02   26 -.383448E+01 0.000000E+00
 0.109474E+02   27 -.377002E+01 0.000000E+00
 0.109474E+02   28 -.370556E+01 0.000000E+00
 0.109474E+02   29 -.364110E+01 0.000000E+00
 0.109474E+02   30 -.357664E+01 0.000000E+00
 0.109474E+02   31 -.351219E+01 0.000000E+00
 0.109474E+02   32 -.344773E+01 0.000000E+00
 0.109474E+02   33 -.338327E+01 0.000000E+00
 0.109474E+02   34 -.331881E+01 0.000000E+00
 0.109474E+02   35 -.325435E+01 0.000000E+00
 0.109474E+02   36 -.318989E+01 0.000000E+00
 0.109474E+02   37 -.312543E+01 0.000000E+00
 0.109474E+02   38 -.306097E+01 0.000000E+00
 0.109474E+02   39 -.299651E+01 0.000000E+00
 0.109474E+02   40 -.293205E+01 0.000000E+00
 0.109474E+02   41 -.286759E+01 0.000000E+00
 0.109474E+02   42 -.280313E+01 0.000000E+00
 0.109474E+02   43 -.273867E+01 0.000000E+00
 0.109474E+02   44 -.267421E+01 0.000000E+00
 0.109474E+02   45 -.260975E+01 0.000000E+00
 0.109474E+02   46 -.254529E+01 0.000000E+00
 0.109474E+02   47 -.248083E+01 0.000000E+00
 0.109474E+02   48 -.241637E+01 0.686400E-03
 0.109474E+02   49 -.235191E+01 0.533531E-01
 0.109474E+02   50 -.228745E+01 0.395335E+00
 0.109474E+02   51 -.222299E+01 0.471946E+00
 0.109474E+02   52 -.215853E+01 0.777909E-01
 0.109474E+02   53 -.209407E+01 0.888200E-03
 0.109474E+02   54 -.202961E+01 0.100000E-06
 0.109474E+02   55 -.196515E+01 0.000000E+00
 0.109474E+02   56 -.190069E+01 0.000000E+00
 0.109474E+02   57 -.183623E+01 0.000000E+00
 0.109474E+02   58 -.177177E+01 0.000000E+00
 0.109474E+02   59 -.170731E+01 0.000000E+00
 0.109474E+02   60 -.164285E+01 0.000000E+00
 0.109474E+02   61 -.157839E+01 0.000000E+00
 0.109474E+02   62 -.151393E+01 0.000000E+00
 0.109474E+02   63 -.144947E+01 0.000000E+00
 0.109474E+02   64 -.138501E+01 0.000000E+00
 0.109474E+02   65 -.132055E+01 0.000000E+00
 0.109474E+02   66 -.125609E+01 0.000000E+00
 0.109474E+02   67 -.119163E+01 0.000000E+00
 0.109474E+02   68 -.112717E+01 0.000000E+00
 0.109474E+02   69 -.106271E+01 0.000000E+00
 0.109474E+02   70 -.998253E+00 0.000000E+00
 0.109474E+02   71 -.933794E+00 0.000000E+00
 0.109474E+02   72 -.869334E+00 0.000000E+00
 0.109474E+02   73 -.804874E+00 0.000000E+00
 0.109474E+02   74 -.740414E+00 0.000000E+00
 0.109474E+02   75 -.675954E+00 0.000000E+00
 0.109474E+02   76 -.611495E+00 0.000000E+00
 0.109474E+02   77 -.547035E+00 0.000000E+00
 0.109474E+02   78 -.482575E+00 0.000000E+00
 0.109474E+02   79 -.418115E+00 0.000000E+00
 0.109474E+02   80 -.353656E+00 0.000000E+00
 0.109474E+02   81 -.289196E+00 0.000000E+00
 0.109474E+02   82 -.224736E+00 0.000000E+00
 0.109474E+02   83 -.160276E+00 0.000000E+00
 0.109474E+02   84 -.958164E-01 0.000000E+00
 0.109474E+02   85 -.313566E-01 0.000000E+00
 0.109474E+02   86 0.331032E-01 0.000000E+00
 0.109474E+02   87 0.975630E-01 0.000000E+00
 0.109474E+02   88 0.162023E+00 0.000000E+00
 0.109474E+02   89 0.226483E+00 0.000000E+00
 0.109474E+02   90 0.290942E+00 0.000000E+00
 0.109474E+02   91 0.355402E+00 0.000000E+00
 0.109474E+02   92 0.419862E+00 0.000000E+00
 0.109474E+02   93 0.484322E+00 0.000000E+00
 0.109474E+02   94 0.548781E+00 0.000000E+00
 0.109474E+02   95 0.613241E+00 0.000000E+00
 0.109474E+02   96 0.677701E+00 0.000000E+00
 0.109474E+02   97 0.742161E+00 0.000000E+00
 0.109474E+02   98 0.806621E+00 0.000000E+00
 0.109474E+02   99 0.871080E+00 0.000000E+00
 0.111316E+02    1 -.527716E+01 0.000000E+00
 0.111316E+02    2 -.521438E+01 0.000000E+00
 0.111316E+02    3 -.515161E+01 0.000000E+00
 0.111316E+02    4 -.508884E+01 0.000000E+00
 0.111316E+02    5 -.502607E+01 0.000000E+00
 0.111316E+02    6 -.496330E+01 0.000000E+00
 0.111316E+02    7 -.490053E+01 0.000000E+00
 0.111316E+02    8 -.483775E+01 0.000000E+00
 0.111316E+02    9 -.477498E+01 0.000000E+00
 0.111316E+02   10 -.471221E+01 0.000000E+00
 0.111316E+02   11 -.464944E+01 0.000000E+00
 0.111316E+02   12 -.458667E+01 0.000000E+00
 0.111316E+02   13 -.452390E+01 0.000000E+00
 0.111316E+02   14 -.446113E+01 0.000000E+00
 0.111316E+02   15 -.439835E+01 0.000000E+00
 0.111316E+02   16 -.433558E+01 0.000000E+00
 0.111316E+02   17 -.427281E+01 0.000000E+00
 0.111316E+02   18 -.421004E+01 0.000000E+00
 0.111316E+02   19 -.414727E+01 0.000000E+00
 0.111316E+02   20 -.408450E+01 0.000000E+00
 0.111316E+02   21 -.402172E+01 0.000000E+00
 0.111316E+02   22 -.395895E+01 0.000000E+00
 0.111316E+02   23 -.389618E+01 0.000000E+00
 0.111316E+02   24 -.383341E+01 0.000000E+00
 0.111316E+02   25 -.377064E+01 0.000000E+00
 0.111316E+02   26 -.370787E+01 0.000000E+00
 0.111316E+02   27 -.364510E+01 0.000000E+00
 0.111316E+02   28 -.358232E+01 0.000000E+00
 0.111316E+02   29 -.351955E+01 0.000000E+00
 0.111316E+02   30 -.345678E+01 0.000000E+00
 0.111316E+02   31 -.339401E+01 0.000000E+00
 0.111316E+02   32 -.333124E+01 0.000000E+00
 0.111316E+02   33 -.326847E+01 0.000000E+00
 0.111316E+02   34 -.320569E+01 0.000000E+00
 0.111316E+02   35 -.314292E+01 0.000000E+00
 0.111316E+02   36 -.308015E+01 0.000000E+00
 0.111316E+02   37 -.301738E+01 0.000000E+00
 0.111316E+02   38 -.295461E+01 0.000000E+00
 0.111316E+02   39 -.289184E+01 0.000000E+00
 0.111316E+02   40 -.282906E+01 0.000000E+00
 0.111316E+02   41 -.276629E+01 0.000000E+00
 0.111316E+02   42 -.270352E+01 0.000000E+00
 0.111316E+02   43 -.264075E+01 0.000000E+00
 0.111316E+02   44 -.257798E+01 0.000000E+00
 0.111316E+02   45 -.251521E+01 0.000000E+00
 0.111316E+02   46 -.245244E+01 0.000000E+00
 0.111316E+02   47 -.238966E+01 0.560000E-05
 0.111316E+02   48 -.232689E+01 0.297200E-02
 0.111316E+02   49 -.226412E+01 0.962846E-01
 0.111316E+02   50 -.220135E+01 0.472412E+00
 0.111316E+02   51 -.213858E+01 0.385342E+00
 0.111316E+02   52 -.207581E+01 0.426169E-01
 0.111316E+02   53 -.201303E+01 0.366800E-03
 0.111316E+02   54 -.195026E+01 0.100000E-06
 0.111316E+02   55 -.188749E+01 0.000000E+00
 0.111316E+02   56 -.182472E+01 0.000000E+00
 0.111316E+02   57 -.176195E+01 0.000000E+00
 0.111316E+02   58 -.169918E+01 0.000000E+00
 0.111316E+02   59 -.163641E+01 0.000000E+00
 0.111316E+02   60 -.157363E+01 0.000000E+00
 0.111316E+02   61 -.151086E+01 0.000000E+00
 0.111316E+02   62 -.144809E+01 0.000000E+00
 0.111316E+02   63 -.138532E+01 0.000000E+00
 0.111316E+02   64 -.132255E+01 0.000000E+00
 0.111316E+02   65 -.125978E+01 0.000000E+00
 0.111316E+02   66 -.119700E+01 0.000000E+00
 0.111316E+02   67 -.113423E+01 0.000000E+00
 0.111316E+02   68 -.107146E+01 0.000000E+00
 0.111316E+02   69 -.100869E+01 0.000000E+00
 0.111316E+02   70 -.945918E+00 0.000000E+00
 0.111316E+02   71 -.883147E+00 0.000000E+00
 0.111316E+02   72 -.820375E+00 0.000000E+00
 0.111316E+02   73 -.757604E+00 0.000000E+00
 0.111316E+02   74 -.694832E+00 0.000000E+00
 0.111316E+02   75 -.632060E+00 0.000000E+00
 0.111316E+02   76 -.569289E+00 0.000000E+00
 0.111316E+02   77 -.506517E+00 0.000000E+00
 0.111316E+02   78 -.443746E+00 0.000000E+00
 0.111316E+02   79 -.380974E+00 0.000000E+00
 0.111316E+02   80 -.318203E+00 0.000000E+00
 0.111316E+02   81 -.255431E+00 0.000000E+00
 0.111316E+02   82 -.192660E+00 0.000000E+00
 0.111316E+02   83 -.129888E+00 0.000000E+00
 0.111316E+02   84 -.671165E-01 0.000000E+00
 0.111316E+02   85 -.434492E-02 0.000000E+00
 0.111316E+02   86 0.584266E-01 0.000000E+00
 0.111316E+02   87 0.121198E+00 0.000000E+00
 0.111316E+02   88 0.183970E+00 0.000000E+00
 0.111316E+02   89 0.246741E+00 0.000000E+00
 0.111316E+02   90 0.309513E+00 0.000000E+00
 0.111316E+02   91 0.372284E+00 0.000000E+00
 0.111316E+02   92 0.435056E+00 0.000000E+00
 0.111316E+02   93 0.497828E+00 0.000000E+00
 0.111316E+02   94 0.560599E+00 0.000000E+00
 0.111316E+02   95 0.623371E+00 0.000000E+00
 0.111316E+02   96 0.686142E+00 0.000000E+00
 0.111316E+02   97 0.748914E+00 0.000000E+00
 0.111316E+02   98 0.811685E+00 0.000000E+00
 0.111316E+02   99 0.874457E+00 0.000000E+00
 0.113158E+02    1 -.513328E+01 0.000000E+00
 0.113158E+02    2 -.507195E+01 0.000000E+00
 0.113158E+02    3 -.501061E+01 0.000000E+00
 0.113158E+02    4 -.494928E+01 0.000000E+00
 0.113158E+02    5 -.488795E+01 0.000000E+00
 0.113158E+02    6 -.482662E+01 0.000000E+00
 0.113158E+02    7 -.476528E+01 0.000000E+00
 0.113158E+02    8 -.470395E+01 0.000000E+00
 0.113158E+02    9 -.464262E+01 0.000000E+00
 0.113158E+02   10 -.458129E+01 0.000000E+00
 0.113158E+02   11 -.451995E+01 0.000000E+00
 0.113158E+02   12 -.445862E+01 0.000000E+00
 0.113158E+02   13 -.439729E+01 0.000000E+00
 0.113158E+02   14 -.433595E+01 0.000000E+00
 0.113158E+02   15 -.427462E+01 0.000000E+00
 0.113158E+02   16 -.421329E+01 0.000000E+00
 0.113158E+02   17 -.415196E+01 0.000000E+00
 0.113158E+02   18 -.409062E+01 0.000000E+00
 0.113158E+02   19 -.402929E+01 0.000000E+00
 0.113158E+02   20 -.396796E+01 0.000000E+00
 0.113158E+02   21 -.390662E+01 0.000000E+00
 0.113158E+02   22 -.384529E+01 0.000000E+00
 0.113158E+02   23 -.378396E+01 0.000000E+00
 0.113158E+02   24 -.372263E+01 0.000000E+00
 0.113158E+02   25 -.366129E+01 0.000000E+00
 0.113158E+02   26 -.359996E+01 0.000000E+00
 0.113158E+02   27 -.353863E+01 0.000000E+00
 0.113158E+02   28 -.347729E+01 0.000000E+00
 0.113158E+02   29 -.341596E+01 0.000000E+00
 0.113158E+02   30 -.335463E+01 0.000000E+00
 0.113158E+02   31 -.329330E+01 0.000000E+00
 0.113158E+02   32 -.323196E+01 0.000000E+00
 0.113158E+02   33 -.317063E+01 0.000000E+00
 0.113158E+02   34 -.310930E+01 0.000000E+00
 0.113158E+02   35 -.304797E+01 0.000000E+00
 0.113158E+02   36 -.298663E+01 0.000000E+00
 0.113158E+02   37 -.292530E+01 0.000000E+00
 0.113158E+02   38 -.286397E+01 0.000000E+00
 0.113158E+02   39 -.280263E+01 0.000000E+00
 0.113158E+02   40 -.274130E+01 0.000000E+00
 0.113158E+02   41 -.267997E+01 0.000000E+00
 0.113158E+02   42 -.261864E+01 0.000000E+00
 0.113158E+02   43 -.255730E+01 0.000000E+00
 0.113158E+02   44 -.249597E+01 0.000000E+00
 0.113158E+02   45 -.243464E+01 0.000000E+00
 0.113158E+02   46 -.237330E+01 0.000000E+00
 0.113158E+02   47 -.231197E+01 0.700000E-06
 0.113158E+02   48 -.225064E+01 0.935200E-03
 0.113158E+02   49 -.218931E+01 0.509454E-01
 0.113158E+02   50 -.212797E+01 0.382916E+00
 0.113158E+02   51 -.206664E+01 0.479804E+00
 0.113158E+02   52 -.200531E+01 0.840658E-01
 0.113158E+02   53 -.194397E+01 0.133200E-02
 0.113158E+02   54 -.188264E+01 0.110000E-05
 0.113158E+02   55 -.182131E+01 0.000000E+00
 0.113158E+02   56 -.175998E+01 0.000000E+00
 0.113158E+02   57 -.169864E+01 0.000000E+00
 0.113158E+02   58 -.163731E+01 0.000000E+00
 0.113158E+02   59 -.157598E+01 0.000000E+00
 0.113158E+02   60 -.151465E+01 0.000000E+00
 0.113158E+02   61 -.145331E+01 0.000000E+00
 0.113158E+02   62 -.139198E+01 0.000000E+00
 0.113158E+02   63 -.133065E+01 0.000000E+00
 0.113158E+02   64 -.126931E+01 0.000000E+00
 0.113158E+02   65 -.120798E+01 0.000000E+00
 0.113158E+02   66 -.114665E+01 0.000000E+00
 0.113158E+02   67 -.108532E+01 0.000000E+00
 0.113158E+02   68 -.102398E+01 0.000000E+00
 0.113158E+02   69 -.962650E+00 0.000000E+00
 0.113158E+02   70 -.901317E+00 0.000000E+00
 0.113158E+02   71 -.839984E+00 0.000000E+00
 0.113158E+02   72 -.778651E+00 0.000000E+00
 0.113158E+02   73 -.717319E+00 0.000000E+00
 0.113158E+02   74 -.655986E+00 0.000000E+00
 0.113158E+02   75 -.594653E+00 0.000000E+00
 0.113158E+02   76 -.533320E+00 0.000000E+00
 0.113158E+02   77 -.471987E+00 0.000000E+00
 0.113158E+02   78 -.410655E+00 0.000000E+00
 0.113158E+02   79 -.349322E+00 0.000000E+00
 0.113158E+02   80 -.287989E+00 0.000000E+00
 0.113158E+02   81 -.226656E+00 0.000000E+00
 0.113158E+02   82 -.165323E+00 0.000000E+00
 0.113158E+02   83 -.103991E+00 0.000000E+00
 0.113158E+02   84 -.426577E-01 0.000000E+00
 0.113158E+02   85 0.186751E-01 0.000000E+00
 0.113158E+02   86 0.800079E-01 0.000000E+00
 0.113158E+02   87 0.141341E+00 0.000000E+00
 0.113158E+02   88 0.202674E+00 0.000000E+00
 0.113158E+02   89 0.264006E+00 0.000000E+00
 0.113158E+02   90 0.325339E+00 0.000000E+00
 0.113158E+02   91 0.386672E+00 0.000000E+00
 0.113158E+02   92 0.448005E+00 0.000000E+00
 0.113158E+02   93 0.509338E+00 0.000000E+00
 0.113158E+02   94 0.570670E+00 0.000000E+00
 0.113158E+02   95 0.632003E+00 0.000000E+00
 0.113158E+02   96 0.693336E+00 0.000000E+00
 0.113158E+02   97 0.754669E+00 0.000000E+00
 0.113158E+02   98 0.816002E+00 0.000000E+00
 0.113158E+02   99 0.877334E+00 0.000000E+00
 0.115000E+02    1 -.504693E+01 0.000000E+00
 0.115000E+02    2 -.498646E+01 0.000000E+00
 0.115000E+02    3 -.492599E+01 0.000000E+00
 0.115000E+02    4 -.486552E+01 0.000000E+00
 0.115000E+02    5 -.480505E+01 0.000000E+00
 0.115000E+02    6 -.474458E+01 0.000000E+00
 0.115000E+02    7 -.468411E+01 0.000000E+00
 0.115000E+02    8 -.462365E+01 0.000000E+00
 0.115000E+02    9 -.456318E+01 0.000000E+00
 0.115000E+02   10 -.450271E+01 0.000000E+00
 0.115000E+02   11 -.444224E+01 0.000000E+00
 0.115000E+02   12 -.438177E+01 0.000000E+00
 0.115000E+02   13 -.432130E+01 0.000000E+00
 0.115000E+02   14 -.426083E+01 0.000000E+00
 0.115000E+02   15 -.420036E+01 0.000000E+00
 0.115000E+02   16 -.413989E+01 0.000000E+00
 0.115000E+02   17 -.407942E+01 0.000000E+00
 0.115000E+02   18 -.401895E+01 0.000000E+00
 0.115000E+02   19 -.395848E+01 0.000000E+00
 0.115000E+02   20 -.389801E+01 0.000000E+00
 0.115000E+02   21 -.383754E+01 0.000000E+00
 0.115000E+02   22 -.377708E+01 0.000000E+00
 0.115000E+02   23 -.371661E+01 0.000000E+00
 0.115000E+02   24 -.365614E+01 0.000000E+00
 0.115000E+02   25 -.359567E+01 0.000000E+00
 0.115000E+02   26 -.353520E+01 0.000000E+00
 0.115000E+02   27 -.347473E+01 0.000000E+00
 0.115000E+02   28 -.341426E+01 0.000000E+00
 0.115000E+02   29 -.335379E+01 0.000000E+00
 0.115000E+02   30 -.329332E+01 0.000000E+00
 0.115000E+02   31 -.323285E+01 0.000000E+00
 0.115000E+02   32 -.317238E+01 0.000000E+00
 0.115000E+02   33 -.311191E+01 0.000000E+00
 0.115000E+02   34 -.305144E+01 0.000000E+00
 0.115000E+02   35 -.299097E+01 0.000000E+00
 0.115000E+02   36 -.293050E+01 0.000000E+00
 0.115000E+02   37 -.287004E+01 0.000000E+00
 0.115000E+02   38 -.280957E+01 0.000000E+00
 0.115000E+02   39 -.274910E+01 0.000000E+00
 0.115000E+02   40 -.268863E+01 0.000000E+00
 0.115000E+02   41 -.262816E+01 0.000000E+00
 0.115000E+02   42 -.256769E+01 0.000000E+00
 0.115000E+02   43 -.250722E+01 0.000000E+00
 0.115000E+02   44 -.244675E+01 0.000000E+00
 0.115000E+02   45 -.238628E+01 0.000000E+00
 0.115000E+02   46 -.232581E+01 0.000000E+00
 0.115000E+02   47 -.226534E+01 0.000000E+00
 0.115000E+02   48 -.220487E+01 0.381100E-03
 0.115000E+02   49 -.214440E+01 0.548376E-01
 0.115000E+02   50 -.208393E+01 0.458839E+00
 0.115000E+02   51 -.202347E+01 0.433633E+00
 0.115000E+02   52 -.196300E+01 0.517242E-01
 0.115000E+02   53 -.190253E+01 0.584600E-03
 0.115000E+02   54 -.184206E+01 0.200000E-06
 0.115000E+02   55 -.178159E+01 0.000000E+00
 0.115000E+02   56 -.172112E+01 0.000000E+00
 0.115000E+02   57 -.166065E+01 0.000000E+00
 0.115000E+02   58 -.160018E+01 0.000000E+00
 0.115000E+02   59 -.153971E+01 0.000000E+00
 0.115000E+02   60 -.147924E+01 0.000000E+00
 0.115000E+02   61 -.141877E+01 0.000000E+00
 0.115000E+02   62 -.135830E+01 0.000000E+00
 0.115000E+02   63 -.129783E+01 0.000000E+00
 0.115000E+02   64 -.123736E+01 0.000000E+00
 0.115000E+02   65 -.117690E+01 0.000000E+00
 0.115000E+02   66 -.111643E+01 0.000000E+00
 0.115000E+02   67 -.105596E+01 0.000000E+00
 0.115000E+02   68 -.995487E+00 0.000000E+00
 0.115000E+02   69 -.935018E+00 0.000000E+00
 0.115000E+02   70 -.874549E+00 0.000000E+00
 0.115000E+02   71 -.814079E+00 0.000000E+00
 0.115000E+02   72 -.753610E+00 0.000000E+00
 0.115000E+02   73 -.693141E+00 0.000000E+00
 0.115000E+02   74 -.632671E+00 0.000000E+00
 0.115000E+02   75 -.572202E+00 0.000000E+00
 0.115000E+02   76 -.511733E+00 0.000000E+00
 0.115000E+02   77 -.451263E+00 0.000000E+00
 0.115000E+02   78 -.390794E+00 0.000000E+00
 0.115000E+02   79 -.330325E+00 0.000000E+00
 0.115000E+02   80 -.269855E+00 0.000000E+00
 0.115000E+02   81 -.209386E+00 0.000000E+00
 0.115000E+02   82 -.148917E+00 0.000000E+00
 0.115000E+02   83 -.884475E-01 0.000000E+00
 0.115000E+02   84 -.279782E-01 0.000000E+00
 0.115000E+02   85 0.324911E-01 0.000000E+00
 0.115000E+02   86 0.929604E-01 0.000000E+00
 0.115000E+02   87 0.153430E+00 0.000000E+00
 0.115000E+02   88 0.213899E+00 0.000000E+00
 0.115000E+02   89 0.274368E+00 0.000000E+00
 0.115000E+02   90 0.334838E+00 0.000000E+00
 0.115000E+02   91 0.395307E+00 0.000000E+00
 0.115000E+02   92 0.455776E+00 0.000000E+00
 0.115000E+02   93 0.516246E+00 0.000000E+00
 0.115000E+02   94 0.576715E+00 0.000000E+00
 0.115000E+02   95 0.637184E+00 0.000000E+00
 0.115000E+02   96 0.697653E+00 0.000000E+00
 0.115000E+02   97 0.758123E+00 0.000000E+00
 0.115000E+02   98 0.818592E+00 0.000000E+00
 0.115000E+02   99 0.879061E+00 0.000000E+00
