 program J1J2_6          
 spatial system size               14
 J1                         1.0000000000000000     
 deltaJ1                    0.0000000000000000     
 J2                        -1.0000000000000000     
 J3                         1.0000000000000000     
 phi, xi                        2.0000000000000000        3.0000000000000000     
 impurity conc.             0.0000000000000000     
 impurity mode           RAN
 start                   STR
 stripe axis             Y
 sampler mode            PT   
 update order            SEQ
 temperature protocol    INDEP
 PT start mode           COMMON
 PT ladder mode          LINEAR
 PT replicas                       20
 PT swap every                      5
 PT measure index                   1
 disorder configurations          100
 equilibration steps           100000
 measurement steps             100000
 RNG seed                         301
 ------------------------
 disorder configurations processed          100
    T      absstr    str2      str4      nem      Global.Strip.Binder      Strip.susc  Local.Strip.Binder     Local.Strip.Binder.Error      Strip.OP.error      stri.susc.error strx   strx2   strx4   Local.Strx.Binder    Local.Strx.Binder.Error  stry   stry2   stry4   Local.Stry.Binder    Local.Stry.Binder.Error absstrx_absstry  absstrx_absstry.Error  coex_angle  coex_angle.Error
 0.800000E+01 0.466474E+00 0.228536E+00 0.623749E-01 0.176525E+00 0.805734E+00 0.382054E+00 0.972664E+00 0.327555E-02 0.991181E-02 0.261823E-01 0.283518E+00 0.113717E+00 0.278400E-01 0.569514E+00 0.140799E-01 0.286645E+00 0.114819E+00 0.268350E-01 0.567774E+00 0.145382E-01 0.537916E-01 0.250316E-02 0.416452E+00 0.341408E-01
 0.818421E+01 0.446938E+00 0.211632E+00 0.548897E-01 0.166692E+00 0.774462E+00 0.421261E+00 0.965554E+00 0.421199E-02 0.103066E-01 0.282635E-01 0.269823E+00 0.105372E+00 0.248486E-01 0.556089E+00 0.152158E-01 0.272806E+00 0.106261E+00 0.238402E-01 0.554492E+00 0.154776E-01 0.475312E-01 0.232654E-02 0.399802E+00 0.339058E-01
 0.836842E+01 0.426872E+00 0.195067E+00 0.480212E-01 0.156479E+00 0.737983E+00 0.466785E+00 0.956292E+00 0.535593E-02 0.106881E-01 0.306795E-01 0.256150E+00 0.972485E-01 0.220486E-01 0.541716E+00 0.163143E-01 0.258739E+00 0.978185E-01 0.210284E-01 0.539940E+00 0.164438E-01 0.417562E-01 0.214688E-02 0.384480E+00 0.336189E-01
 0.855263E+01 0.406344E+00 0.178936E+00 0.417669E-01 0.145996E+00 0.695526E+00 0.519432E+00 0.944147E+00 0.676657E-02 0.110461E-01 0.342882E-01 0.242577E+00 0.893860E-01 0.194477E-01 0.526370E+00 0.174129E-01 0.244481E+00 0.895503E-01 0.184122E-01 0.523882E+00 0.173890E-01 0.364888E-01 0.196492E-02 0.371043E+00 0.333111E-01
 0.873684E+01 0.385287E+00 0.163217E+00 0.360717E-01 0.135268E+00 0.645953E+00 0.574466E+00 0.928397E+00 0.850803E-02 0.113763E-01 0.386517E-01 0.229014E+00 0.817366E-01 0.170298E-01 0.510331E+00 0.183882E-01 0.230079E+00 0.814809E-01 0.159862E-01 0.506578E+00 0.182757E-01 0.317021E-01 0.178144E-02 0.360206E+00 0.330201E-01
 0.892105E+01 0.363879E+00 0.148066E+00 0.309446E-01 0.124496E+00 0.588515E+00 0.625569E+00 0.908124E+00 0.107142E-01 0.116720E-01 0.420906E-01 0.215446E+00 0.743383E-01 0.148107E-01 0.492644E+00 0.193669E-01 0.215715E+00 0.737273E-01 0.137682E-01 0.487499E+00 0.192076E-01 0.273837E-01 0.159928E-02 0.352199E+00 0.327889E-01
 0.910526E+01 0.342393E+00 0.133618E+00 0.263660E-01 0.113875E+00 0.523216E+00 0.664052E+00 0.883455E+00 0.133092E-01 0.119084E-01 0.428971E-01 0.201935E+00 0.672160E-01 0.127870E-01 0.474498E+00 0.201358E-01 0.201647E+00 0.664017E-01 0.117663E-01 0.468149E+00 0.198849E-01 0.235310E-01 0.141892E-02 0.347224E+00 0.326403E-01
 0.928947E+01 0.321073E+00 0.119967E+00 0.223049E-01 0.103521E+00 0.450187E+00 0.690017E+00 0.854680E+00 0.161359E-01 0.120593E-01 0.408765E-01 0.188579E+00 0.604248E-01 0.109604E-01 0.455399E+00 0.207435E-01 0.188043E+00 0.595418E-01 0.996831E-02 0.446975E+00 0.206532E-01 0.201335E-01 0.124396E-02 0.345274E+00 0.326254E-01
 0.947368E+01 0.300045E+00 0.107131E+00 0.187182E-01 0.935073E-01 0.369058E+00 0.706932E+00 0.822012E+00 0.190477E-01 0.121089E-01 0.371227E-01 0.175392E+00 0.539818E-01 0.932108E-02 0.434613E+00 0.212659E-01 0.174986E+00 0.531487E-01 0.836285E-02 0.425737E+00 0.212398E-01 0.171456E-01 0.107636E-02 0.345764E+00 0.326983E-01
 0.965789E+01 0.279405E+00 0.950986E-01 0.155632E-01 0.838551E-01 0.279122E+00 0.721545E+00 0.786117E+00 0.217499E-01 0.120382E-01 0.338922E-01 0.162587E+00 0.479507E-01 0.786417E-02 0.413287E+00 0.216136E-01 0.162409E+00 0.471480E-01 0.692773E-02 0.403783E+00 0.217684E-01 0.145565E-01 0.920580E-03 0.348302E+00 0.328298E-01
 0.984211E+01 0.259119E+00 0.838379E-01 0.128093E-01 0.745824E-01 0.177602E+00 0.736438E+00 0.746237E+00 0.241953E-01 0.118548E-01 0.328294E-01 0.150172E+00 0.423233E-01 0.657684E-02 0.390614E+00 0.218431E-01 0.150240E+00 0.415147E-01 0.566165E-02 0.381073E+00 0.222352E-01 0.123190E-01 0.777719E-03 0.352812E+00 0.329864E-01
 0.100263E+02 0.239257E+00 0.733297E-01 0.104147E-01 0.657193E-01 0.631883E-01 0.751052E+00 0.702482E+00 0.262806E-01 0.115506E-01 0.347200E-01 0.138228E+00 0.371173E-01 0.544900E-02 0.367439E+00 0.218693E-01 0.138454E+00 0.362124E-01 0.454645E-02 0.358568E+00 0.225026E-01 0.103971E-01 0.649390E-03 0.358854E+00 0.331606E-01
 0.102105E+02 0.219846E+00 0.635862E-01 0.836023E-02 0.573136E-01 -.677213E-01 0.760228E+00 0.654204E+00 0.279759E-01 0.111468E-01 0.368623E-01 0.126774E+00 0.323103E-01 0.446561E-02 0.342623E+00 0.218514E-01 0.127057E+00 0.312759E-01 0.358795E-02 0.335017E+00 0.227049E-01 0.876057E-02 0.538478E-03 0.367775E+00 0.333648E-01
 0.103947E+02 0.201011E+00 0.546281E-01 0.661408E-02 0.494336E-01 -.216345E+00 0.761524E+00 0.600926E+00 0.293525E-01 0.106480E-01 0.378206E-01 0.115898E+00 0.279177E-01 0.361656E-02 0.317892E+00 0.215966E-01 0.116058E+00 0.267103E-01 0.277360E-02 0.311720E+00 0.226198E-01 0.737698E-02 0.444326E-03 0.379286E+00 0.335644E-01
 0.105789E+02 0.182895E+00 0.464748E-01 0.515136E-02 0.421436E-01 -.384988E+00 0.755760E+00 0.543449E+00 0.302951E-01 0.100552E-01 0.387553E-01 0.105599E+00 0.239134E-01 0.288680E-02 0.292978E+00 0.212017E-01 0.105588E+00 0.225614E-01 0.210101E-02 0.288779E+00 0.223008E-01 0.621561E-02 0.366433E-03 0.393725E+00 0.337260E-01
 0.107632E+02 0.165665E+00 0.391608E-01 0.394833E-02 0.355194E-01 -.574606E+00 0.741378E+00 0.481827E+00 0.307965E-01 0.938506E-02 0.399963E-01 0.959291E-01 0.203091E-01 0.226970E-02 0.268356E+00 0.205877E-01 0.956894E-01 0.188517E-01 0.155894E-02 0.265060E+00 0.218406E-01 0.523886E-02 0.302582E-03 0.410963E+00 0.338766E-01
 0.109474E+02 0.149356E+00 0.326424E-01 0.296813E-02 0.295571E-01 -.785609E+00 0.716258E+00 0.415511E+00 0.309705E-01 0.864730E-02 0.418750E-01 0.868532E-01 0.170773E-01 0.175157E-02 0.241561E+00 0.199477E-01 0.863938E-01 0.155651E-01 0.112900E-02 0.242149E+00 0.210770E-01 0.441640E-02 0.250103E-03 0.431648E+00 0.339538E-01
 0.111316E+02 0.134257E+00 0.269793E-01 0.219506E-02 0.243339E-01 -.101568E+01 0.680280E+00 0.347440E+00 0.304123E-01 0.787061E-02 0.423007E-01 0.785320E-01 0.142389E-01 0.132606E-02 0.217029E+00 0.189465E-01 0.778188E-01 0.127404E-01 0.804624E-03 0.218670E+00 0.201014E-01 0.373248E-02 0.207319E-03 0.454844E+00 0.338901E-01
 0.113158E+02 0.120599E+00 0.221701E-01 0.159611E-02 0.198775E-01 -.124732E+01 0.632691E+00 0.277899E+00 0.295957E-01 0.708305E-02 0.398117E-01 0.710127E-01 0.117909E-01 0.982606E-03 0.192331E+00 0.178660E-01 0.701052E-01 0.103793E-01 0.565919E-03 0.196169E+00 0.188857E-01 0.316584E-02 0.172335E-03 0.480230E+00 0.337019E-01
 0.115000E+02 0.108311E+00 0.180977E-01 0.113317E-02 0.160904E-01 -.145977E+01 0.580762E+00 0.210461E+00 0.282284E-01 0.627091E-02 0.373454E-01 0.642625E-01 0.968480E-02 0.706710E-03 0.169022E+00 0.166807E-01 0.631900E-01 0.841291E-02 0.391097E-03 0.173111E+00 0.174988E-01 0.269720E-02 0.143278E-03 0.507482E+00 0.333529E-01
