 program J1J2_6          
 spatial system size               56
 J1                         1.0000000000000000     
 deltaJ1                    0.0000000000000000     
 J2                        -1.0000000000000000     
 J3                         1.0000000000000000     
 phi, xi                        2.0000000000000000        3.0000000000000000     
 impurity conc.             0.0000000000000000     
 impurity mode           RAN
 start                   STR
 stripe axis             Y
 sampler mode            PT   
 update order            SEQ
 temperature protocol    INDEP
 PT start mode           COMMON
 PT ladder mode          LINEAR
 PT replicas                       64
 PT swap every                      5
 PT measure index                   1
 disorder configurations            2
 equilibration steps          1000000
 measurement steps             500000
 RNG seed                        9001
 ------------------------
 disorder configurations processed            2
    T      [<n>]      std.n/sqrt(iconf)      [<n^2>]      [<n^4>]      Global.Nematic.Binder      Nematic.Binder      Nematic.Binder.Error
 0.800000E+01 -.177893E-01 0.104608E+00 0.223166E-01 0.535828E-03 0.641370E+00 0.659415E+00 0.132055E-02
 0.805556E+01 -.175719E-01 0.103793E+00 0.219699E-01 0.519307E-03 0.641370E+00 0.659244E+00 0.134521E-02
 0.811111E+01 -.173871E-01 0.102960E+00 0.216200E-01 0.502985E-03 0.641308E+00 0.659081E+00 0.136828E-02
 0.816667E+01 -.171670E-01 0.102174E+00 0.212903E-01 0.487697E-03 0.641355E+00 0.658932E+00 0.139863E-02
 0.822222E+01 -.169239E-01 0.101389E+00 0.209627E-01 0.472678E-03 0.641451E+00 0.658787E+00 0.142230E-02
 0.827778E+01 -.166861E-01 0.100624E+00 0.206460E-01 0.458383E-03 0.641545E+00 0.658642E+00 0.144502E-02
 0.833333E+01 -.164340E-01 0.998649E-01 0.203341E-01 0.444504E-03 0.641652E+00 0.658479E+00 0.146681E-02
 0.838889E+01 -.162094E-01 0.990952E-01 0.200206E-01 0.430805E-03 0.641733E+00 0.658349E+00 0.148475E-02
 0.844444E+01 -.159756E-01 0.982865E-01 0.196942E-01 0.416814E-03 0.641786E+00 0.658193E+00 0.149034E-02
 0.850000E+01 -.158295E-01 0.974685E-01 0.193696E-01 0.403315E-03 0.641671E+00 0.658035E+00 0.152119E-02
 0.855556E+01 -.157086E-01 0.965824E-01 0.190221E-01 0.389199E-03 0.641462E+00 0.657863E+00 0.154724E-02
 0.861111E+01 -.156199E-01 0.956515E-01 0.186615E-01 0.374884E-03 0.641176E+00 0.657676E+00 0.160197E-02
 0.866667E+01 -.156159E-01 0.946901E-01 0.182961E-01 0.360896E-03 0.640627E+00 0.657448E+00 0.163018E-02
 0.872222E+01 -.155525E-01 0.937105E-01 0.179257E-01 0.346836E-03 0.640207E+00 0.657185E+00 0.172144E-02
 0.877778E+01 -.155687E-01 0.927168E-01 0.175560E-01 0.333243E-03 0.639599E+00 0.656943E+00 0.178798E-02
 0.883333E+01 -.156196E-01 0.917148E-01 0.171884E-01 0.320073E-03 0.638875E+00 0.656690E+00 0.184507E-02
 0.888889E+01 -.156309E-01 0.907202E-01 0.168259E-01 0.307220E-03 0.638279E+00 0.656447E+00 0.194854E-02
 0.894444E+01 -.156803E-01 0.896890E-01 0.164557E-01 0.294499E-03 0.637484E+00 0.656173E+00 0.199544E-02
 0.900000E+01 -.157059E-01 0.887119E-01 0.161078E-01 0.282711E-03 0.636800E+00 0.655932E+00 0.206008E-02
 0.905556E+01 -.156727E-01 0.877034E-01 0.157509E-01 0.270747E-03 0.636224E+00 0.655697E+00 0.210433E-02
 0.911111E+01 -.156463E-01 0.867642E-01 0.154222E-01 0.259976E-03 0.635651E+00 0.655465E+00 0.214512E-02
 0.916667E+01 -.156168E-01 0.857451E-01 0.150694E-01 0.248638E-03 0.635033E+00 0.655226E+00 0.218995E-02
 0.922222E+01 -.155416E-01 0.848179E-01 0.147507E-01 0.238539E-03 0.634561E+00 0.654985E+00 0.222707E-02
 0.927778E+01 -.154746E-01 0.838380E-01 0.144179E-01 0.228242E-03 0.634012E+00 0.654720E+00 0.226994E-02
 0.933333E+01 -.153384E-01 0.828695E-01 0.140907E-01 0.218211E-03 0.633655E+00 0.654472E+00 0.229574E-02
 0.938889E+01 -.152306E-01 0.818827E-01 0.137617E-01 0.208384E-03 0.633226E+00 0.654235E+00 0.233321E-02
 0.944444E+01 -.150684E-01 0.809142E-01 0.134410E-01 0.198945E-03 0.632931E+00 0.653997E+00 0.234342E-02
 0.950000E+01 -.148634E-01 0.799473E-01 0.131234E-01 0.189739E-03 0.632763E+00 0.653741E+00 0.238081E-02
 0.955556E+01 -.146673E-01 0.789593E-01 0.128034E-01 0.180730E-03 0.632502E+00 0.653445E+00 0.240080E-02
 0.961111E+01 -.144525E-01 0.779522E-01 0.124808E-01 0.171825E-03 0.632312E+00 0.653157E+00 0.243896E-02
 0.966667E+01 -.142277E-01 0.769484E-01 0.121628E-01 0.163251E-03 0.632151E+00 0.652886E+00 0.245373E-02
 0.972222E+01 -.139960E-01 0.759343E-01 0.118458E-01 0.154924E-03 0.631980E+00 0.652592E+00 0.246230E-02
 0.977778E+01 -.137567E-01 0.748921E-01 0.115246E-01 0.146721E-03 0.631774E+00 0.652213E+00 0.252346E-02
 0.983333E+01 -.134954E-01 0.738656E-01 0.112119E-01 0.138915E-03 0.631645E+00 0.651849E+00 0.256374E-02
 0.988889E+01 -.132374E-01 0.728342E-01 0.109017E-01 0.131367E-03 0.631551E+00 0.651555E+00 0.256558E-02
 0.994444E+01 -.129368E-01 0.718077E-01 0.105965E-01 0.124116E-03 0.631547E+00 0.651197E+00 0.258784E-02
 0.100000E+02 -.126876E-01 0.707915E-01 0.102999E-01 0.117319E-03 0.631381E+00 0.650801E+00 0.264114E-02
 0.100556E+02 -.124154E-01 0.697898E-01 0.100114E-01 0.110876E-03 0.631259E+00 0.650373E+00 0.268462E-02
 0.101111E+02 -.121796E-01 0.687914E-01 0.972818E-02 0.104734E-03 0.631104E+00 0.650014E+00 0.272935E-02
 0.101667E+02 -.119279E-01 0.678340E-01 0.945991E-02 0.990561E-04 0.631034E+00 0.649651E+00 0.278560E-02
 0.102222E+02 -.117185E-01 0.668988E-01 0.920277E-02 0.938118E-04 0.630768E+00 0.649204E+00 0.285730E-02
 0.102778E+02 -.115346E-01 0.659951E-01 0.895789E-02 0.889604E-04 0.630457E+00 0.648809E+00 0.288426E-02
 0.103333E+02 -.113373E-01 0.651125E-01 0.872149E-02 0.843805E-04 0.630224E+00 0.648401E+00 0.294820E-02
 0.103889E+02 -.111442E-01 0.642836E-01 0.850210E-02 0.802279E-04 0.630043E+00 0.648036E+00 0.299502E-02
 0.104444E+02 -.109792E-01 0.634730E-01 0.829055E-02 0.763348E-04 0.629801E+00 0.647695E+00 0.303793E-02
 0.105000E+02 -.108443E-01 0.626785E-01 0.808677E-02 0.727054E-04 0.629408E+00 0.647292E+00 0.308730E-02
 0.105556E+02 -.106813E-01 0.619008E-01 0.788910E-02 0.692453E-04 0.629136E+00 0.646887E+00 0.315334E-02
 0.106111E+02 -.105284E-01 0.611487E-01 0.769965E-02 0.659938E-04 0.628943E+00 0.646634E+00 0.314606E-02
 0.106667E+02 -.103738E-01 0.604091E-01 0.751602E-02 0.629254E-04 0.628696E+00 0.646238E+00 0.323493E-02
 0.107222E+02 -.101822E-01 0.596667E-01 0.733326E-02 0.599285E-04 0.628535E+00 0.645855E+00 0.325038E-02
 0.107778E+02 -.100103E-01 0.589278E-01 0.715407E-02 0.570682E-04 0.628323E+00 0.645431E+00 0.333731E-02
 0.108333E+02 -.980122E-02 0.582380E-01 0.698734E-02 0.544331E-04 0.628364E+00 0.645149E+00 0.334269E-02
 0.108889E+02 -.961442E-02 0.575068E-01 0.681392E-02 0.517890E-04 0.628189E+00 0.644718E+00 0.340214E-02
 0.109444E+02 -.941795E-02 0.568080E-01 0.664947E-02 0.493210E-04 0.628176E+00 0.644383E+00 0.345832E-02
 0.110000E+02 -.922925E-02 0.560938E-01 0.648433E-02 0.469287E-04 0.627962E+00 0.643936E+00 0.345744E-02
 0.110556E+02 -.903933E-02 0.553772E-01 0.632002E-02 0.445897E-04 0.627886E+00 0.643609E+00 0.345849E-02
 0.111111E+02 -.887802E-02 0.546865E-01 0.616462E-02 0.424526E-04 0.627634E+00 0.643136E+00 0.353761E-02
 0.111667E+02 -.869838E-02 0.539858E-01 0.600878E-02 0.403587E-04 0.627399E+00 0.642614E+00 0.362207E-02
 0.112222E+02 -.854224E-02 0.532834E-01 0.585443E-02 0.383360E-04 0.627164E+00 0.642244E+00 0.361013E-02
 0.112778E+02 -.840596E-02 0.525950E-01 0.570566E-02 0.364446E-04 0.626836E+00 0.641790E+00 0.367141E-02
 0.113333E+02 -.825701E-02 0.519010E-01 0.555756E-02 0.346073E-04 0.626510E+00 0.641281E+00 0.375231E-02
 0.113889E+02 -.812281E-02 0.511986E-01 0.540948E-02 0.328160E-04 0.626188E+00 0.640883E+00 0.376063E-02
 0.114444E+02 -.800381E-02 0.505150E-01 0.526793E-02 0.311629E-04 0.625686E+00 0.640354E+00 0.377251E-02
 0.115000E+02 -.789100E-02 0.498494E-01 0.513185E-02 0.296054E-04 0.625285E+00 0.639833E+00 0.392283E-02
