 # ix iy layer isite phi
       0       0       0  -0.337717396366E+00
       1       0       0   0.416893276022E+00
       2       0       0   0.545715441718E+00
       3       0       0  -0.284028766822E+00
       4       0       0  -0.162006756834E+00
       5       0       0   0.161360898562E+01
       6       0       0   0.241877885083E+00
       7       0       0   0.108037767524E+01
       8       0       0   0.706993717289E+00
       9       0       0   0.840307969639E+00
       0       1       0   0.156339249563E+01
       1       1       0   0.306529807575E+00
       2       1       0  -0.141326495552E-01
       3       1       0  -0.877487044827E+00
       4       1       0   0.129633114537E+01
       5       1       0   0.149852193143E+01
       6       1       0   0.978732244936E+00
       7       1       0   0.174206529575E+00
       8       1       0   0.110891606097E+01
       9       1       0   0.789747409087E+00
       0       2       0   0.132981474685E+01
       1       2       0  -0.112431241309E+01
       2       2       0  -0.277622000603E+00
       3       2       0  -0.418795802988E-01
       4       2       0   0.163063369371E+01
       5       2       0   0.192553828936E+01
       6       2       0   0.190756111960E+01
       7       2       0   0.156107081704E+01
       8       2       0   0.125007638784E+01
       9       2       0   0.479145510329E+00
       0       3       0  -0.139564590067E+01
       1       3       0  -0.157992486139E+01
       2       3       0  -0.914079589561E-02
       3       3       0   0.673267662984E+00
       4       3       0   0.151892392497E+01
       5       3       0   0.199882416802E+01
       6       3       0   0.198547490578E+01
       7       3       0   0.197845595987E+01
       8       3       0   0.168856544734E+01
       9       3       0   0.833382691004E+00
       0       4       0  -0.169814861404E+01
       1       4       0  -0.179037938737E+01
       2       4       0  -0.900905755409E+00
       3       4       0   0.350412421114E+00
       4       4       0   0.147491607845E+01
       5       4       0   0.198415297559E+01
       6       4       0   0.197568651729E+01
       7       4       0   0.199960678326E+01
       8       4       0   0.195077511394E+01
       9       4       0   0.183701909289E+01
       0       5       0  -0.257298302565E+00
       1       5       0  -0.128726502325E+01
       2       5       0   0.112042118538E+00
       3       5       0  -0.139772422508E+01
       4       5       0   0.561864423857E+00
       5       5       0   0.658640290705E+00
       6       5       0   0.166741362574E+01
       7       5       0   0.197774592891E+01
       8       5       0   0.192975180177E+01
       9       5       0   0.101092534676E+01
       0       6       0   0.127785429417E+01
       1       6       0  -0.533389023678E+00
       2       6       0   0.112023132588E+01
       3       6       0   0.199373232320E+00
       4       6       0   0.109678024869E+01
       5       6       0   0.105474796628E+01
       6       6       0   0.183936049369E+01
       7       6       0   0.198900936028E+01
       8       6       0   0.190197623891E+01
       9       6       0   0.177373028451E+01
       0       7       0   0.162998610906E+01
       1       7       0   0.129971728617E+01
       2       7       0   0.731345200751E+00
       3       7       0   0.790828498374E+00
       4       7       0  -0.361021129175E+00
       5       7       0   0.169269032282E+01
       6       7       0   0.164278127477E+01
       7       7       0   0.366559732618E+00
       8       7       0   0.183076415652E+01
       9       7       0   0.106265851730E+01
       0       8       0   0.964508157932E-01
       1       8       0   0.806088139993E+00
       2       8       0   0.132629429604E+01
       3       8       0  -0.914322792312E+00
       4       8       0   0.110880108623E+01
       5       8       0   0.141961971249E+01
       6       8       0   0.659900469019E+00
       7       8       0  -0.171711779070E+01
       8       8       0   0.350630320693E+00
       9       8       0   0.201006889313E-01
       0       9       0   0.152255371075E+01
       1       9       0   0.625757085103E+00
       2       9       0   0.193575366962E+01
       3       9       0   0.114169675546E+01
       4       9       0   0.640499733455E+00
       5       9       0   0.870786331898E+00
       6       9       0  -0.273204852052E+00
       7       9       0  -0.157761202724E+01
       8       9       0  -0.150002465487E+01
       9       9       0  -0.245371520069E+00
       0       0       1   0.358041518149E+00
       1       0       1   0.108556994329E+01
       2       0       1  -0.925448286843E-01
       3       0       1  -0.705217513263E+00
       4       0       1   0.141140174522E+01
       5       0       1  -0.855396538347E+00
       6       0       1   0.917292680974E+00
       7       0       1   0.164711466985E+00
       8       0       1  -0.114047169554E+00
       9       0       1   0.916191275885E+00
       0       1       1   0.148042275813E+01
       1       1       1   0.100073408945E+01
       2       1       1  -0.312539391182E+00
       3       1       1  -0.953174139393E+00
       4       1       1   0.247254845771E+00
       5       1       1   0.186021841915E+00
       6       1       1  -0.539400888808E+00
       7       1       1  -0.308516248775E+00
       8       1       1  -0.257363732278E+00
       9       1       1   0.688880600352E+00
       0       2       1   0.832938157657E+00
       1       2       1  -0.651570689882E+00
       2       2       1  -0.461536883464E+00
       3       2       1   0.840497725764E+00
       4       2       1   0.131231800014E+01
       5       2       1   0.176094983447E+01
       6       2       1   0.184613020431E+01
       7       2       1   0.165742236516E+01
       8       2       1   0.103915067485E+01
       9       2       1   0.137829240100E+01
       0       3       1  -0.643875012608E+00
       1       3       1  -0.295094644123E+00
       2       3       1  -0.533352826873E+00
       3       3       1  -0.185816790974E+00
       4       3       1   0.159259156170E+01
       5       3       1   0.199103526526E+01
       6       3       1   0.199768687973E+01
       7       3       1   0.198014980030E+01
       8       3       1   0.180036229523E+01
       9       3       1   0.193279752476E+01
       0       4       1  -0.125367489663E+01
       1       4       1  -0.103462283437E+01
       2       4       1  -0.808342498531E+00
       3       4       1   0.698951167329E+00
       4       4       1   0.179757615830E+01
       5       4       1   0.198756961135E+01
       6       4       1   0.199994339862E+01
       7       4       1   0.199833291285E+01
       8       4       1   0.189819716339E+01
       9       4       1   0.149083697965E+01
       0       5       1  -0.864622801713E+00
       1       5       1  -0.144704014210E+01
       2       5       1  -0.147896832696E+01
       3       5       1  -0.740800339107E+00
       4       5       1   0.593649578371E+00
       5       5       1   0.141920570877E+01
       6       5       1   0.192588998973E+01
       7       5       1   0.195581472016E+01
       8       5       1   0.185686807538E+01
       9       5       1   0.136922758701E+01
       0       6       1   0.740161046995E+00
       1       6       1  -0.943937367631E+00
       2       6       1  -0.258520944804E+00
       3       6       1  -0.133478271364E+01
       4       6       1   0.744376741999E+00
       5       6       1   0.103251439765E+01
       6       6       1   0.180432831230E+01
       7       6       1   0.191535101287E+01
       8       6       1   0.182620630554E+01
       9       6       1   0.184812903025E+01
       0       7       1   0.844833060196E+00
       1       7       1  -0.793890383747E+00
       2       7       1  -0.200011377241E+00
       3       7       1  -0.517882507514E+00
       4       7       1  -0.346599814487E+00
       5       7       1   0.222390117536E+00
       6       7       1   0.125611717770E+01
       7       7       1   0.144814496354E+01
       8       7       1   0.181265433825E+01
       9       7       1  -0.138963979952E+01
       0       8       1   0.142978239205E+01
       1       8       1  -0.316706205153E+00
       2       8       1   0.271797602439E+00
       3       8       1   0.108505108551E+01
       4       8       1   0.493392655243E-01
       5       8       1   0.132395833079E+01
       6       8       1   0.160670813319E+01
       7       8       1   0.171167792090E+01
       8       8       1   0.120478850840E-03
       9       8       1   0.584766071502E+00
       0       9       1   0.187350308157E+01
       1       9       1   0.137351516964E+01
       2       9       1   0.133607930349E+01
       3       9       1   0.130773798462E+01
       4       9       1   0.131026646268E+01
       5       9       1   0.125702625918E+01
       6       9       1   0.139081483452E+01
       7       9       1   0.160849027159E+01
       8       9       1   0.118790868991E+01
       9       9       1   0.174471090887E+01
       0       0       2   0.110128386368E+01
       1       0       2  -0.902156465857E+00
       2       0       2  -0.110540534169E+01
       3       0       2  -0.441438102728E+00
       4       0       2  -0.134503527849E+00
       5       0       2  -0.764870773956E+00
       6       0       2   0.174967037476E+01
       7       0       2   0.156747413078E+01
       8       0       2   0.196509378469E+01
       9       0       2   0.199864529508E+01
       0       1       2  -0.629207562574E+00
       1       1       2  -0.139358223203E+01
       2       1       2  -0.830169692971E+00
       3       1       2  -0.157005079709E+01
       4       1       2  -0.912815443356E+00
       5       1       2  -0.373215955212E+00
       6       1       2   0.122516299531E+01
       7       1       2   0.103894812593E+01
       8       1       2   0.651833880944E+00
       9       1       2   0.141277137544E+01
       0       2       2   0.634397355364E+00
       1       2       2  -0.609156333219E+00
       2       2       2  -0.694814964634E+00
       3       2       2  -0.123936334730E+00
       4       2       2   0.122215687950E+01
       5       2       2   0.143298002356E+01
       6       2       2   0.175059842265E+01
       7       2       2   0.746187846235E+00
       8       2       2   0.540800407824E+00
       9       2       2  -0.406211218981E+00
       0       3       2   0.404150494706E+00
       1       3       2   0.112470302733E+01
       2       3       2   0.125900460749E+01
       3       3       2   0.151359670506E+01
       4       3       2   0.181396706224E+01
       5       3       2   0.187104276513E+01
       6       3       2   0.178086764602E+01
       7       3       2   0.102882358317E+01
       8       3       2   0.350245152306E+00
       9       3       2   0.760306922936E+00
       0       4       2   0.894982850102E+00
       1       4       2   0.723056854514E+00
       2       4       2   0.167338466898E+01
       3       4       2   0.188414946105E+01
       4       4       2   0.182623802714E+01
       5       4       2   0.192174849041E+01
       6       4       2   0.130856470469E+01
       7       4       2  -0.406007477924E+00
       8       4       2  -0.533483029486E+00
       9       4       2   0.111991141588E+01
       0       5       2   0.568301552829E+00
       1       5       2  -0.331175657235E+00
       2       5       2  -0.442850671787E-01
       3       5       2   0.771990871270E+00
       4       5       2   0.136710633221E+01
       5       5       2   0.157113906521E+01
       6       5       2   0.220924958946E+00
       7       5       2  -0.387725884619E+00
       8       5       2  -0.850693624781E+00
       9       5       2  -0.177142658291E+01
       0       6       2   0.742637893212E+00
       1       6       2   0.143020420339E+01
       2       6       2   0.152109996095E+01
       3       6       2   0.213529766976E+00
       4       6       2   0.152957128532E+01
       5       6       2   0.133061583591E+01
       6       6       2   0.935748466327E+00
       7       6       2   0.930425948964E+00
       8       6       2  -0.144635813114E+01
       9       6       2  -0.836449166718E+00
       0       7       2   0.488722937195E+00
       1       7       2  -0.755686024337E-01
       2       7       2   0.461091076374E+00
       3       7       2  -0.464162265290E+00
       4       7       2   0.287624033623E+00
       5       7       2   0.542505071190E+00
       6       7       2   0.168017150092E+01
       7       7       2   0.195780708395E+01
       8       7       2   0.177881997155E+01
       9       7       2   0.184061615749E+01
       0       8       2  -0.142301143759E+01
       1       8       2  -0.659666101043E+00
       2       8       2  -0.218992405798E+00
       3       8       2  -0.135048748488E+01
       4       8       2  -0.128895362321E+01
       5       8       2   0.666855592336E+00
       6       8       2   0.167507771754E+01
       7       8       2   0.195167081302E+01
       8       8       2   0.158630924934E+01
       9       8       2   0.185984131441E+01
       0       9       2  -0.833552780771E+00
       1       9       2  -0.126808183052E+01
       2       9       2  -0.788531161654E+00
       3       9       2  -0.687696504145E+00
       4       9       2   0.319993516006E+00
       5       9       2   0.106172993156E+01
       6       9       2   0.172104170701E+01
       7       9       2   0.183328152486E+01
       8       9       2   0.125759457261E+01
       9       9       2   0.347397255261E+00
       0       0       3  -0.153791018208E+01
       1       0       3  -0.113599345024E+01
       2       0       3  -0.148858164054E+01
       3       0       3  -0.188936978587E+01
       4       0       3  -0.141005923058E+01
       5       0       3  -0.578185046212E+00
       6       0       3  -0.492426751899E-01
       7       0       3  -0.935333460129E+00
       8       0       3  -0.127150318552E+01
       9       0       3  -0.440702442922E+00
       0       1       3  -0.182973628527E+01
       1       1       3  -0.157125066632E+01
       2       1       3  -0.189702987630E+01
       3       1       3  -0.191562353255E+01
       4       1       3  -0.888501524130E+00
       5       1       3  -0.608309393752E+00
       6       1       3   0.611568515939E+00
       7       1       3  -0.113728769618E+01
       8       1       3  -0.504718957884E+00
       9       1       3  -0.669876398773E+00
       0       2       3  -0.198280805481E+01
       1       2       3  -0.158477145969E+01
       2       2       3  -0.189373432417E+01
       3       2       3  -0.193661942410E+01
       4       2       3  -0.114216382454E+01
       5       2       3   0.172728116687E+00
       6       2       3   0.290538617263E+00
       7       2       3  -0.130190989280E+01
       8       2       3   0.354516005241E-01
       9       2       3   0.388578825666E+00
       0       3       3  -0.166823192084E+01
       1       3       3  -0.108409076323E+01
       2       3       3  -0.918748140520E+00
       3       3       3  -0.185167877251E+01
       4       3       3   0.361048283959E+00
       5       3       3  -0.169098064830E+00
       6       3       3   0.465703818918E+00
       7       3       3  -0.419090452267E+00
       8       3       3   0.729437804628E+00
       9       3       3   0.423689808541E+00
       0       4       3  -0.818253658900E+00
       1       4       3   0.147627945821E+00
       2       4       3   0.127365929421E+01
       3       4       3   0.772119952604E+00
       4       4       3   0.177363113610E+01
       5       4       3   0.171520301848E+01
       6       4       3   0.910331913315E+00
       7       4       3   0.136677369764E+01
       8       4       3   0.890418653868E+00
       9       4       3   0.123506094820E+01
       0       5       3  -0.726782688472E+00
       1       5       3  -0.676652678907E+00
       2       5       3   0.171957186677E+01
       3       5       3   0.547043179132E+00
       4       5       3   0.197471284531E+01
       5       5       3   0.194384987327E+01
       6       5       3   0.195899722949E+01
       7       5       3   0.655319775451E+00
       8       5       3   0.150047985245E+01
       9       5       3  -0.946502872440E+00
       0       6       3   0.122515666896E+01
       1       6       3   0.163597884839E+01
       2       6       3   0.183037690799E+01
       3       6       3   0.179611164539E+01
       4       6       3   0.129590187989E+01
       5       6       3  -0.397774147652E+00
       6       6       3  -0.171852928754E+01
       7       6       3  -0.198086426686E+01
       8       6       3  -0.180672689327E+01
       9       6       3  -0.172892401407E+01
       0       7       3   0.353208515525E+00
       1       7       3   0.350702514956E-01
       2       7       3   0.197142580867E+00
       3       7       3   0.849658532720E+00
       4       7       3  -0.571158331869E+00
       5       7       3  -0.459845356491E+00
       6       7       3  -0.134494331303E+01
       7       7       3  -0.183105370410E+01
       8       7       3  -0.162541041702E+01
       9       7       3  -0.164724276785E+01
       0       8       3   0.151252139211E+01
       1       8       3   0.185716244737E+01
       2       8       3   0.465625854966E+00
       3       8       3  -0.949065462150E+00
       4       8       3  -0.141188142740E+01
       5       8       3  -0.496318933694E+00
       6       8       3  -0.132762337759E+00
       7       8       3  -0.126228739635E+01
       8       8       3  -0.147588243277E+01
       9       8       3  -0.872449954989E+00
       0       9       3   0.211669759739E+00
       1       9       3   0.183572189893E+00
       2       9       3  -0.360247803328E+00
       3       9       3  -0.178806431487E+00
       4       9       3  -0.132414761883E+01
       5       9       3  -0.119715661908E+01
       6       9       3  -0.125735365841E+01
       7       9       3  -0.439124481733E+00
       8       9       3  -0.161991204369E+01
       9       9       3  -0.575346597205E+00
       0       0       4  -0.156962166424E+01
       1       0       4   0.841212279636E+00
       2       0       4   0.665511967694E+00
       3       0       4   0.626277097442E+00
       4       0       4  -0.861189691861E+00
       5       0       4  -0.118945229458E+01
       6       0       4  -0.120499225698E+01
       7       0       4  -0.167174083134E+00
       8       0       4  -0.248992284838E-01
       9       0       4  -0.477491562325E+00
       0       1       4   0.318895402150E+00
       1       1       4   0.104870086923E+01
       2       1       4   0.174470810231E+01
       3       1       4   0.184633753107E+01
       4       1       4  -0.151882577868E+01
       5       1       4  -0.163239585547E+01
       6       1       4  -0.918619634584E+00
       7       1       4  -0.615824682087E+00
       8       1       4  -0.288337580520E+00
       9       1       4  -0.583931855631E+00
       0       2       4   0.113016210058E+01
       1       2       4   0.142390649555E+01
       2       2       4   0.176896748402E+01
       3       2       4   0.195790854038E+01
       4       2       4  -0.564877408500E-01
       5       2       4  -0.114859660327E+01
       6       2       4  -0.954394935782E+00
       7       2       4  -0.706418859008E+00
       8       2       4  -0.154770176539E+01
       9       2       4  -0.347853201228E+00
       0       3       4   0.192391756878E+01
       1       3       4   0.191662086577E+01
       2       3       4   0.160723710536E+01
       3       3       4   0.154391820577E+01
       4       3       4  -0.149770432121E+00
       5       3       4   0.141844431192E+01
       6       3       4   0.479553422958E+00
       7       3       4  -0.888910973550E+00
       8       3       4   0.293155434757E-01
       9       3       4  -0.144363044298E+00
       0       4       4   0.135455707397E+01
       1       4       4   0.148063131891E+01
       2       4       4   0.142295450607E+01
       3       4       4   0.171942093325E+01
       4       4       4   0.127597755503E+01
       5       4       4   0.995791569043E-01
       6       4       4  -0.939040558200E+00
       7       4       4  -0.952969570338E+00
       8       4       4  -0.311038909410E+00
       9       4       4  -0.283143303378E+00
       0       5       4   0.225513635351E+00
       1       5       4   0.145823372304E+01
       2       5       4   0.154585237071E+01
       3       5       4   0.165860544406E+01
       4       5       4   0.130293956173E+01
       5       5       4  -0.118526095294E+01
       6       5       4  -0.862721618773E+00
       7       5       4  -0.698080741008E+00
       8       5       4  -0.115182179001E+01
       9       5       4  -0.116963577955E+01
       0       6       4   0.340467856557E+00
       1       6       4   0.129038404644E+01
       2       6       4   0.158660425244E+01
       3       6       4   0.111859442963E+01
       4       6       4  -0.836608102744E+00
       5       6       4  -0.505523491868E+00
       6       6       4  -0.181733854128E+01
       7       6       4  -0.190782734599E+01
       8       6       4  -0.160223288989E+01
       9       6       4  -0.148332797324E+01
       0       7       4   0.131815789114E+01
       1       7       4   0.555568795890E+00
       2       7       4   0.848806638238E-02
       3       7       4   0.372842316360E+00
       4       7       4  -0.167439781248E+01
       5       7       4  -0.152520975366E+01
       6       7       4  -0.175176274536E+01
       7       7       4  -0.189867578633E+01
       8       7       4  -0.194740707018E+01
       9       7       4  -0.172327333268E+01
       0       8       4  -0.355758965373E+00
       1       8       4   0.136611551533E+01
       2       8       4   0.104766976964E+01
       3       8       4   0.132597368196E+00
       4       8       4  -0.181384398600E+01
       5       8       4  -0.197839595873E+01
       6       8       4  -0.193637526430E+01
       7       8       4  -0.130678338264E+01
       8       8       4  -0.938563344110E+00
       9       8       4  -0.153386152338E+01
       0       9       4  -0.123752277330E+01
       1       9       4  -0.741298809990E+00
       2       9       4  -0.299674317171E+00
       3       9       4  -0.535707610356E+00
       4       9       4  -0.163752674496E+01
       5       9       4  -0.180096649363E+01
       6       9       4  -0.195736935914E+01
       7       9       4  -0.611495068307E+00
       8       9       4   0.638934087242E+00
       9       9       4  -0.922738334253E+00
       0       0       5  -0.607510359795E+00
       1       0       5  -0.974420826159E-01
       2       0       5   0.582117095386E+00
       3       0       5   0.262269482828E+00
       4       0       5   0.647724137348E+00
       5       0       5  -0.950643802807E+00
       6       0       5  -0.802223101196E+00
       7       0       5   0.574953842947E+00
       8       0       5   0.757611771580E+00
       9       0       5  -0.763479524648E+00
       0       1       5   0.349170779840E+00
       1       1       5   0.601356567778E+00
       2       1       5   0.935287917027E-01
       3       1       5   0.308734475214E+00
       4       1       5  -0.502730315424E+00
       5       1       5   0.819757457169E-01
       6       1       5  -0.109792057444E+01
       7       1       5  -0.595887791720E+00
       8       1       5   0.594333081663E+00
       9       1       5   0.446827496847E+00
       0       2       5   0.963091453709E+00
       1       2       5   0.139889729327E+01
       2       2       5   0.163462346307E+01
       3       2       5   0.156814804718E+01
       4       2       5  -0.758797700337E+00
       5       2       5  -0.126945916002E+01
       6       2       5  -0.760768929374E+00
       7       2       5   0.156345321339E+00
       8       2       5  -0.488655592375E+00
       9       2       5  -0.847134458541E+00
       0       3       5   0.171724437965E+01
       1       3       5   0.156970497317E+01
       2       3       5   0.963406441091E+00
       3       3       5  -0.184349160198E+00
       4       3       5   0.776865473841E+00
       5       3       5   0.177258094016E+01
       6       3       5   0.515277107794E+00
       7       3       5   0.345506423288E-02
       8       3       5   0.172425714130E+00
       9       3       5  -0.900861739903E+00
       0       4       5   0.128074464473E+01
       1       4       5   0.686171655223E+00
       2       4       5   0.611118493224E+00
       3       4       5  -0.280743093403E+00
       4       4       5  -0.245911350590E+00
       5       4       5   0.122159896536E+01
       6       4       5   0.410033658277E+00
       7       4       5  -0.154501112163E+01
       8       4       5  -0.782967764264E+00
       9       4       5  -0.137119646404E+01
       0       5       5  -0.142807133782E+01
       1       5       5  -0.569369334031E+00
       2       5       5   0.873125412246E+00
       3       5       5   0.113198702256E+01
       4       5       5   0.303924203255E+00
       5       5       5   0.160902923809E+00
       6       5       5  -0.537738360954E+00
       7       5       5  -0.171905863012E+01
       8       5       5   0.473417963087E+00
       9       5       5  -0.167392898614E+00
       0       6       5  -0.130604699287E+00
       1       6       5   0.162731655020E+00
       2       6       5  -0.335342543331E+00
       3       6       5   0.687064027108E+00
       4       6       5   0.336779878551E+00
       5       6       5  -0.594190296978E+00
       6       6       5  -0.140735811971E+01
       7       6       5  -0.159842900626E+01
       8       6       5  -0.173992956584E+01
       9       6       5   0.439266315188E+00
       0       7       5  -0.182613534383E+01
       1       7       5  -0.410469053938E+00
       2       7       5   0.948643216134E-01
       3       7       5  -0.766574178311E+00
       4       7       5  -0.993386803696E+00
       5       7       5  -0.557139245048E+00
       6       7       5  -0.986079973427E+00
       7       7       5  -0.156247914810E+01
       8       7       5  -0.152119776189E+01
       9       7       5  -0.709112581583E+00
       0       8       5  -0.183584161222E+01
       1       8       5  -0.132727588325E+01
       2       8       5   0.269975028136E+00
       3       8       5  -0.396908373928E+00
       4       8       5  -0.139652925464E+01
       5       8       5  -0.194581858001E+01
       6       8       5  -0.188937376995E+01
       7       8       5  -0.152952626798E+01
       8       8       5  -0.120479666733E+01
       9       8       5  -0.186000348530E+01
       0       9       5  -0.160080360292E+01
       1       9       5  -0.125604658699E+01
       2       9       5  -0.779096923380E+00
       3       9       5  -0.568748531462E+00
       4       9       5  -0.124894998198E+01
       5       9       5  -0.158858754147E+01
       6       9       5  -0.157663070735E+01
       7       9       5  -0.435410453948E+00
       8       9       5  -0.189045143340E+01
       9       9       5  -0.188720352506E+01
       0       0       6  -0.149562427219E+01
       1       0       6  -0.112595574434E+01
       2       0       6  -0.442290152618E+00
       3       0       6   0.663283109986E+00
       4       0       6   0.251708385881E+00
       5       0       6   0.107099142435E+01
       6       0       6  -0.926758709774E+00
       7       0       6   0.715830868491E+00
       8       0       6   0.913363846091E+00
       9       0       6   0.535834610454E+00
       0       1       6   0.385763212055E+00
       1       1       6   0.802554844515E+00
       2       1       6   0.156150551374E+00
       3       1       6  -0.359199133771E+00
       4       1       6   0.119218145801E+01
       5       1       6   0.883086525298E+00
       6       1       6   0.125659139674E+01
       7       1       6   0.958728968509E+00
       8       1       6   0.106244330495E+01
       9       1       6   0.726949018367E+00
       0       2       6   0.997642164801E+00
       1       2       6  -0.509744428866E+00
       2       2       6  -0.210052438513E+00
       3       2       6   0.757824131849E+00
       4       2       6  -0.140204818385E+01
       5       2       6   0.132798628134E+01
       6       2       6   0.120766801762E+01
       7       2       6   0.688779699530E+00
       8       2       6   0.813072482008E+00
       9       2       6  -0.700110759925E-01
       0       3       6   0.341435727941E+00
       1       3       6   0.254689338236E+00
       2       3       6  -0.419302888066E+00
       3       3       6  -0.117740840071E+01
       4       3       6  -0.115204271946E+01
       5       3       6   0.130476842493E+01
       6       3       6   0.754170296360E+00
       7       3       6  -0.882215296233E+00
       8       3       6   0.834614233033E+00
       9       3       6   0.113098349306E+01
       0       4       6   0.396892220976E+00
       1       4       6  -0.156572207456E+01
       2       4       6  -0.375299000815E+00
       3       4       6  -0.900338237653E+00
       4       4       6  -0.107554787247E+01
       5       4       6   0.142263608184E+01
       6       4       6   0.135730140471E+01
       7       4       6  -0.317528171063E+00
       8       4       6   0.328633614950E+00
       9       4       6   0.535943633000E+00
       0       5       6  -0.122990723584E+01
       1       5       6  -0.887205066751E+00
       2       5       6   0.118951993847E+00
       3       5       6   0.268293326348E-01
       4       5       6   0.174570274276E+00
       5       5       6   0.781760931254E+00
       6       5       6  -0.690637627145E+00
       7       5       6  -0.789052805172E+00
       8       5       6   0.164020306876E-01
       9       5       6   0.181757964667E+00
       0       6       6  -0.191629142619E+00
       1       6       6  -0.837672366441E+00
       2       6       6  -0.404853134362E+00
       3       6       6  -0.110401717332E+01
       4       6       6  -0.795044513644E+00
       5       6       6  -0.505435026586E+00
       6       6       6  -0.109490042164E+01
       7       6       6  -0.642221211147E+00
       8       6       6  -0.537481163116E+00
       9       6       6   0.112713913881E+01
       0       7       6  -0.154956412127E+01
       1       7       6  -0.444729534123E+00
       2       7       6  -0.946761114979E-03
       3       7       6   0.728868114782E+00
       4       7       6   0.264892918794E+00
       5       7       6   0.684611530018E+00
       6       7       6  -0.672629031966E+00
       7       7       6  -0.961604097682E+00
       8       7       6  -0.177896598398E+00
       9       7       6  -0.139733679423E+01
       0       8       6  -0.195211044459E+01
       1       8       6  -0.304643134994E+00
       2       8       6  -0.177597498288E+00
       3       8       6  -0.884885607941E+00
       4       8       6  -0.794941542246E+00
       5       8       6  -0.129669415176E+00
       6       8       6   0.414444837539E-01
       7       8       6  -0.114288411491E+01
       8       8       6  -0.126561469405E+01
       9       8       6  -0.168572809932E+01
       0       9       6  -0.197241630541E+01
       1       9       6  -0.134560937233E+01
       2       9       6  -0.206890264410E+00
       3       9       6  -0.817934525326E+00
       4       9       6  -0.156418119539E+01
       5       9       6  -0.121251193330E+01
       6       9       6  -0.174013113010E+01
       7       9       6   0.295600092305E+00
       8       9       6  -0.115386091896E+01
       9       9       6  -0.170603933664E+01
       0       0       7  -0.254088185996E+00
       1       0       7   0.797307214989E-01
       2       0       7  -0.104932474233E+01
       3       0       7   0.107946932105E+01
       4       0       7   0.786079787119E+00
       5       0       7   0.948309440549E+00
       6       0       7  -0.891984055072E+00
       7       0       7   0.781482720404E-01
       8       0       7   0.987298580691E+00
       9       0       7   0.172509076834E+01
       0       1       7  -0.136019509223E+01
       1       1       7  -0.867044262472E+00
       2       1       7   0.127119558589E+01
       3       1       7   0.706843766750E+00
       4       1       7   0.125329236190E+01
       5       1       7   0.125721971882E+01
       6       1       7   0.215437868874E+00
       7       1       7   0.768692063481E+00
       8       1       7   0.164916612949E+01
       9       1       7   0.147517124549E+01
       0       2       7  -0.226094563629E+00
       1       2       7  -0.122067750769E+01
       2       2       7  -0.150984996049E+00
       3       2       7  -0.697913134133E+00
       4       2       7  -0.160328450210E+01
       5       2       7  -0.308268474160E+00
       6       2       7   0.169423645405E+01
       7       2       7   0.235858033652E+00
       8       2       7  -0.912251455811E-01
       9       2       7   0.120614822847E+01
       0       3       7  -0.608943600205E-01
       1       3       7  -0.102390128360E+01
       2       3       7  -0.180242465286E+01
       3       3       7  -0.170934257600E+01
       4       3       7  -0.177743219646E+01
       5       3       7   0.282137851969E+00
       6       3       7   0.176417324172E+01
       7       3       7   0.509868163844E-01
       8       3       7   0.864030034044E+00
       9       3       7   0.130436460966E+01
       0       4       7  -0.747901763247E+00
       1       4       7  -0.351599800184E+00
       2       4       7  -0.125923200617E+01
       3       4       7  -0.751618599367E+00
       4       4       7  -0.147029681746E+00
       5       4       7  -0.220924958156E-01
       6       4       7   0.733406791437E+00
       7       4       7   0.774756845005E+00
       8       4       7   0.660861631961E+00
       9       4       7   0.166524628681E+01
       0       5       7  -0.116841899589E+01
       1       5       7  -0.109174072312E+00
       2       5       7   0.317078981992E+00
       3       5       7  -0.270328623926E+00
       4       5       7  -0.531052598901E+00
       5       5       7  -0.122186062452E+00
       6       5       7   0.128316847727E+00
       7       5       7  -0.273356893559E+00
       8       5       7   0.996015956378E+00
       9       5       7  -0.357899514015E+00
       0       6       7   0.148936748322E+00
       1       6       7  -0.136058436840E+01
       2       6       7   0.353603584785E+00
       3       6       7   0.110341091539E+01
       4       6       7   0.904453733566E+00
       5       6       7   0.115024339456E+01
       6       6       7  -0.262392649768E+00
       7       6       7   0.205112423367E+00
       8       6       7   0.146856489255E+00
       9       6       7  -0.153363677716E+01
       0       7       7  -0.922738388756E+00
       1       7       7  -0.149618447223E+01
       2       7       7  -0.119206594999E+00
       3       7       7   0.175703137511E+01
       4       7       7   0.108126614785E+01
       5       7       7   0.678072711071E+00
       6       7       7   0.116581251257E+00
       7       7       7  -0.173981279152E+00
       8       7       7  -0.975598811379E-01
       9       7       7  -0.215525853583E+00
       0       8       7  -0.898724138092E+00
       1       8       7   0.613025433471E-01
       2       8       7   0.428740143110E+00
       3       8       7   0.784709919083E+00
       4       8       7  -0.486175082093E+00
       5       8       7  -0.841639932197E+00
       6       8       7   0.146343711100E-01
       7       8       7   0.273843453817E+00
       8       8       7  -0.202873674665E+00
       9       8       7  -0.157831685940E+01
       0       9       7  -0.163504861955E+01
       1       9       7  -0.109132952884E+01
       2       9       7  -0.261136748440E-01
       3       9       7  -0.168109661823E+00
       4       9       7  -0.680267508903E+00
       5       9       7  -0.161169762308E+01
       6       9       7  -0.915523945355E+00
       7       9       7  -0.155755376630E+01
       8       9       7  -0.181951148173E+01
       9       9       7  -0.187969847086E+01
       0       0       8  -0.370489226765E+00
       1       0       8  -0.993857487046E+00
       2       0       8  -0.881538368400E-01
       3       0       8   0.114995742296E+01
       4       0       8   0.248033447848E+00
       5       0       8  -0.452621687659E+00
       6       0       8  -0.162176504009E+01
       7       0       8   0.213641161523E-01
       8       0       8   0.635098807364E+00
       9       0       8   0.569366890806E+00
       0       1       8  -0.909731007105E+00
       1       1       8  -0.111221628120E+00
       2       1       8   0.103910756310E+01
       3       1       8   0.290845056700E+00
       4       1       8  -0.514339037972E+00
       5       1       8   0.647090684381E+00
       6       1       8   0.110286026340E+00
       7       1       8   0.480567659709E+00
       8       1       8   0.140909855787E+01
       9       1       8   0.907276915606E+00
       0       2       8  -0.245158667548E-02
       1       2       8   0.309977034653E-01
       2       2       8  -0.109890269222E+01
       3       2       8  -0.934989099399E+00
       4       2       8  -0.578143699195E+00
       5       2       8  -0.127082777340E+01
       6       2       8   0.256964155351E+00
       7       2       8   0.167232149219E+01
       8       2       8   0.187426346060E+01
       9       2       8   0.179411871192E+01
       0       3       8  -0.619192905936E+00
       1       3       8   0.659177718650E-01
       2       3       8  -0.165385234420E+01
       3       3       8  -0.185788412213E+01
       4       3       8  -0.124868080875E+01
       5       3       8   0.418015309465E+00
       6       3       8   0.490155046976E+00
       7       3       8   0.122304523672E+01
       8       3       8   0.443198113986E+00
       9       3       8   0.627994741510E+00
       0       4       8  -0.130526498560E+01
       1       4       8  -0.803010924149E-01
       2       4       8  -0.559592206048E+00
       3       4       8  -0.193346372837E+01
       4       4       8  -0.656732893720E+00
       5       4       8  -0.782068278923E-02
       6       4       8   0.702489564692E+00
       7       4       8  -0.209016970952E+00
       8       4       8   0.120805330909E+01
       9       4       8   0.880056965645E+00
       0       5       8  -0.177219105536E+00
       1       5       8  -0.663820876536E+00
       2       5       8  -0.113839762172E+01
       3       5       8  -0.124327463363E+01
       4       5       8  -0.118833147384E+01
       5       5       8  -0.161070727601E+01
       6       5       8  -0.148058539014E+01
       7       5       8  -0.145103296510E+01
       8       5       8   0.107405558779E+01
       9       5       8   0.216217760015E+00
       0       6       8  -0.100326596603E+01
       1       6       8  -0.115237714632E+01
       2       6       8  -0.131303211828E+01
       3       6       8  -0.769545099235E+00
       4       6       8   0.583095109235E-01
       5       6       8  -0.790061530727E+00
       6       6       8   0.137041319114E+00
       7       6       8   0.511916836163E+00
       8       6       8  -0.659527852700E+00
       9       6       8  -0.122834256530E+01
       0       7       8  -0.167618736854E+01
       1       7       8  -0.188429665186E+01
       2       7       8  -0.152650488627E+00
       3       7       8  -0.442485673770E-01
       4       7       8   0.154776433057E+01
       5       7       8  -0.559734058038E+00
       6       7       8   0.757841981261E+00
       7       7       8   0.246887932107E+00
       8       7       8  -0.721902053283E+00
       9       7       8  -0.128881209266E+01
       0       8       8  -0.101383973862E+01
       1       8       8  -0.130785442698E+01
       2       8       8   0.147455030049E+01
       3       8       8   0.377629596765E+00
       4       8       8   0.436781224074E+00
       5       8       8  -0.136777079438E+01
       6       8       8   0.625995637849E-02
       7       8       8  -0.114696988068E+01
       8       8       8  -0.123630942390E+01
       9       8       8  -0.123412792306E+00
       0       9       8   0.156325228413E+00
       1       9       8  -0.155378690773E+01
       2       9       8  -0.142897120492E+01
       3       9       8  -0.107756154461E+01
       4       9       8   0.924006876492E+00
       5       9       8   0.185492391730E+01
       6       9       8   0.943105853612E+00
       7       9       8   0.209913591756E-01
       8       9       8   0.128176132055E+01
       9       9       8  -0.255498319331E+00
       0       0       9   0.908403749392E+00
       1       0       9  -0.222731175693E+00
       2       0       9  -0.263400783591E-02
       3       0       9  -0.301606323869E+00
       4       0       9   0.584384009496E+00
       5       0       9   0.425604011949E+00
       6       0       9   0.764551021959E+00
       7       0       9   0.131260746631E+01
       8       0       9   0.140980465501E+01
       9       0       9   0.338571406597E+00
       0       1       9  -0.567780173975E+00
       1       1       9  -0.180905968133E+00
       2       1       9   0.440465376011E+00
       3       1       9  -0.323853356359E+00
       4       1       9  -0.739892065329E+00
       5       1       9  -0.128492619796E+01
       6       1       9  -0.507855447975E-01
       7       1       9   0.154839019752E+01
       8       1       9   0.375579775029E+00
       9       1       9   0.120050422352E+01
       0       2       9   0.355038438106E+00
       1       2       9   0.256585900951E+00
       2       2       9   0.101211435216E+01
       3       2       9   0.789630362830E+00
       4       2       9  -0.655165958801E+00
       5       2       9   0.892961527141E-01
       6       2       9  -0.870253231749E+00
       7       2       9  -0.179231709110E-01
       8       2       9   0.933524816650E+00
       9       2       9   0.138451814782E+01
       0       3       9  -0.420044179127E+00
       1       3       9   0.297735331807E+00
       2       3       9   0.160726858241E+01
       3       3       9   0.180082878503E+01
       4       3       9   0.135994360634E+01
       5       3       9   0.185221618317E+00
       6       3       9  -0.132088052213E+01
       7       3       9   0.439302120994E+00
       8       3       9   0.123582157496E+01
       9       3       9   0.146175308843E+01
       0       4       9  -0.758078193102E+00
       1       4       9   0.150623456032E+01
       2       4       9   0.177121452552E+01
       3       4       9   0.122969387991E+01
       4       4       9   0.846102937626E+00
       5       4       9   0.159571078521E+01
       6       4       9  -0.381058182440E+00
       7       4       9   0.136899311191E+01
       8       4       9   0.112030833754E+01
       9       4       9   0.174789167574E+01
       0       5       9  -0.122396724016E+01
       1       5       9  -0.938586422496E+00
       2       5       9  -0.881551561548E+00
       3       5       9   0.867414785694E+00
       4       5       9   0.363313243715E+00
       5       5       9   0.135709155329E+01
       6       5       9   0.940028590696E+00
       7       5       9   0.778006822069E+00
       8       5       9   0.890482014224E+00
       9       5       9   0.127876757545E+01
       0       6       9  -0.629223773030E+00
       1       6       9  -0.418850001533E+00
       2       6       9   0.108890931049E+01
       3       6       9   0.535207284775E+00
       4       6       9   0.134366866249E+01
       5       6       9   0.482068002757E+00
       6       6       9   0.125964550839E+01
       7       6       9   0.678806102836E+00
       8       6       9   0.592563576547E+00
       9       6       9   0.135310929663E+01
       0       7       9  -0.697361561366E+00
       1       7       9   0.303125898347E+00
       2       7       9   0.175944103321E+01
       3       7       9   0.937978977889E+00
       4       7       9   0.977310265524E+00
       5       7       9  -0.452518288539E+00
       6       7       9  -0.109557366840E+01
       7       7       9  -0.158779077049E+01
       8       7       9  -0.714491789551E+00
       9       7       9   0.837632403824E+00
       0       8       9   0.493536537831E+00
       1       8       9  -0.532413696257E+00
       2       8       9   0.994284373294E+00
       3       8       9  -0.296674008590E+00
       4       8       9   0.117132467474E+01
       5       8       9  -0.167117893000E+00
       6       8       9  -0.185872633707E+01
       7       8       9  -0.151926606806E+01
       8       8       9  -0.107496922491E+01
       9       8       9   0.494734409888E+00
       0       9       9  -0.142239709895E+01
       1       9       9  -0.165625237919E+01
       2       9       9  -0.150360203136E+00
       3       9       9  -0.495141677278E+00
       4       9       9   0.169328148865E-01
       5       9       9  -0.151570544980E+01
       6       9       9  -0.194244248728E+01
       7       9       9  -0.185900733211E+01
       8       9       9  -0.140606584918E+01
       9       9       9   0.149197283878E+00
