# Temperature =   0.8000000000000000E+01
# disorder configuration = 1
# stripe magnitudes =   0.4149774399999845E+00   0.7104755999999973E-01
# expected mean locnem =  -0.6686340797079486E+00
# measured mean locnem =  -0.9289005600000000E+00
# ix iy iz isite occu <s(isite)> <locnem(isite)>
     0      0      0      0   1  -0.3600000000E-03  -0.1376220000E+01
     1      0      0      1   1  -0.3280000000E-02  -0.1135760000E+01
     2      0      0      2   1   0.1200000000E-02  -0.2033280000E+01
     3      0      0      3   1  -0.1820000000E-02  -0.2612280000E+01
     4      0      0      4   1  -0.2380000000E-02  -0.3045400000E+01
     5      0      0      5   1   0.1660000000E-02  -0.3029400000E+01
     6      0      0      6   1  -0.2880000000E-02  -0.2999760000E+01
     7      0      0      7   1   0.1460000000E-02  -0.2642820000E+01
     8      0      0      8   1  -0.2260000000E-02  -0.2158120000E+01
     9      0      0      9   1  -0.2260000000E-02  -0.1603420000E+01
     0      1      0     10   1  -0.6000000000E-04  -0.2790680000E+01
     1      1      0     11   1   0.2000000000E-03  -0.3143840000E+01
     2      1      0     12   1  -0.4400000000E-03  -0.3294780000E+01
     3      1      0     13   1  -0.1880000000E-02  -0.3474020000E+01
     4      1      0     14   1  -0.1220000000E-02  -0.3551560000E+01
     5      1      0     15   1   0.1020000000E-02  -0.3454860000E+01
     6      1      0     16   1  -0.1800000000E-03  -0.3417240000E+01
     7      1      0     17   1  -0.1200000000E-03  -0.2969500000E+01
     8      1      0     18   1   0.2900000000E-02  -0.1949980000E+01
     9      1      0     19   1  -0.4880000000E-02  -0.2058860000E+01
     0      2      0     20   1   0.2560000000E-02  -0.3178580000E+01
     1      2      0     21   1   0.1060000000E-02  -0.3673440000E+01
     2      2      0     22   1  -0.9000000000E-03  -0.3722280000E+01
     3      2      0     23   1   0.1800000000E-03  -0.3737240000E+01
     4      2      0     24   1  -0.1320000000E-02  -0.3747640000E+01
     5      2      0     25   1   0.1200000000E-03  -0.3676020000E+01
     6      2      0     26   1  -0.1420000000E-02  -0.3554640000E+01
     7      2      0     27   1   0.1200000000E-02  -0.2745980000E+01
     8      2      0     28   1   0.4800000000E-03  -0.1100020000E+01
     9      2      0     29   1  -0.3640000000E-02  -0.1577900000E+01
     0      3      0     30   1  -0.4200000000E-03  -0.2771940000E+01
     1      3      0     31   1   0.8200000000E-03  -0.3612380000E+01
     2      3      0     32   1  -0.1920000000E-02  -0.3774620000E+01
     3      3      0     33   1   0.1740000000E-02  -0.3787720000E+01
     4      3      0     34   1  -0.2400000000E-03  -0.3724640000E+01
     5      3      0     35   1  -0.1000000000E-03  -0.3544820000E+01
     6      3      0     36   1  -0.6600000000E-03  -0.3375500000E+01
     7      3      0     37   1  -0.2320000000E-02  -0.2406000000E+01
     8      3      0     38   1   0.1440000000E-02  -0.3782800000E+00
     9      3      0     39   1  -0.1100000000E-02  -0.5293600000E+00
     0      4      0     40   1   0.1800000000E-03  -0.1629160000E+01
     1      4      0     41   1   0.2100000000E-02  -0.3188760000E+01
     2      4      0     42   1  -0.1360000000E-02  -0.3590660000E+01
     3      4      0     43   1   0.1400000000E-03  -0.3570380000E+01
     4      4      0     44   1   0.8400000000E-03  -0.3407260000E+01
     5      4      0     45   1  -0.1600000000E-03  -0.2602740000E+01
     6      4      0     46   1  -0.5020000000E-02  -0.2567500000E+01
     7      4      0     47   1   0.1740000000E-02  -0.1600920000E+01
     8      4      0     48   1  -0.4780000000E-02   0.8244000000E-01
     9      4      0     49   1  -0.5540000000E-02   0.4787000000E+00
     0      5      0     50   1  -0.6200000000E-03  -0.1560400000E+00
     1      5      0     51   1   0.3720000000E-02  -0.2371260000E+01
     2      5      0     52   1  -0.1100000000E-02  -0.3101180000E+01
     3      5      0     53   1  -0.1320000000E-02  -0.2956700000E+01
     4      5      0     54   1  -0.1680000000E-02  -0.2263480000E+01
     5      5      0     55   1   0.2500000000E-02  -0.2486400000E+00
     6      5      0     56   1  -0.1380000000E-02   0.1772000000E+00
     7      5      0     57   1   0.3040000000E-02   0.1000300000E+01
     8      5      0     58   1  -0.4000000000E-03   0.1578780000E+01
     9      5      0     59   1   0.4360000000E-02   0.1407100000E+01
     0      6      0     60   1  -0.2660000000E-02   0.1890000000E+00
     1      6      0     61   1   0.4320000000E-02  -0.2231260000E+01
     2      6      0     62   1   0.6000000000E-04  -0.3200880000E+01
     3      6      0     63   1   0.1460000000E-02  -0.3104920000E+01
     4      6      0     64   1  -0.9800000000E-03  -0.2327300000E+01
     5      6      0     65   1   0.1340000000E-02  -0.2232800000E+00
     6      6      0     66   1   0.1160000000E-02   0.1406720000E+01
     7      6      0     67   1   0.2100000000E-02   0.2097420000E+01
     8      6      0     68   1   0.1400000000E-02   0.2311980000E+01
     9      6      0     69   1  -0.4020000000E-02   0.1851580000E+01
     0      7      0     70   1  -0.3120000000E-02   0.5731200000E+00
     1      7      0     71   1  -0.2380000000E-02  -0.1962580000E+01
     2      7      0     72   1   0.1360000000E-02  -0.2953100000E+01
     3      7      0     73   1   0.1720000000E-02  -0.2930840000E+01
     4      7      0     74   1  -0.2060000000E-02  -0.2472800000E+01
     5      7      0     75   1   0.1520000000E-02  -0.1461480000E+01
     6      7      0     76   1  -0.2300000000E-02   0.1532800000E+00
     7      7      0     77   1  -0.8600000000E-03   0.1383060000E+01
     8      7      0     78   1   0.1400000000E-03   0.1756080000E+01
     9      7      0     79   1   0.5720000000E-02   0.1968220000E+01
     0      8      0     80   1  -0.4720000000E-02   0.1464220000E+01
     1      8      0     81   1  -0.6780000000E-02  -0.4047600000E+00
     2      8      0     82   1   0.7000000000E-03  -0.1810280000E+01
     3      8      0     83   1   0.3560000000E-02  -0.1720620000E+01
     4      8      0     84   1  -0.2740000000E-02  -0.1631060000E+01
     5      8      0     85   1   0.1860000000E-02  -0.1526640000E+01
     6      8      0     86   1   0.2180000000E-02  -0.1301700000E+01
     7      8      0     87   1  -0.1200000000E-02   0.1063000000E+00
     8      8      0     88   1  -0.8200000000E-03   0.1001260000E+01
     9      8      0     89   1  -0.5700000000E-02   0.1845180000E+01
     0      9      0     90   1   0.6200000000E-03   0.1275680000E+01
     1      9      0     91   1   0.7040000000E-02   0.1142700000E+01
     2      9      0     92   1   0.2820000000E-02  -0.2397200000E+00
     3      9      0     93   1   0.2540000000E-02  -0.7412200000E+00
     4      9      0     94   1  -0.2580000000E-02  -0.1546940000E+01
     5      9      0     95   1   0.3840000000E-02  -0.1915240000E+01
     6      9      0     96   1   0.4600000000E-03  -0.1934980000E+01
     7      9      0     97   1   0.2000000000E-03  -0.1080700000E+01
     8      9      0     98   1   0.2620000000E-02  -0.1620000000E-01
     9      9      0     99   1   0.6200000000E-02   0.1245880000E+01
     0      0      1    100   1  -0.8200000000E-03  -0.1641800000E+01
     1      0      1    101   1   0.8600000000E-03  -0.2243680000E+01
     2      0      1    102   1  -0.8000000000E-04  -0.3211820000E+01
     3      0      1    103   1   0.2200000000E-03  -0.3656000000E+01
     4      0      1    104   1   0.2200000000E-03  -0.3782100000E+01
     5      0      1    105   1   0.2000000000E-04  -0.3439300000E+01
     6      0      1    106   1  -0.5400000000E-03  -0.2726340000E+01
     7      0      1    107   1   0.1700000000E-02  -0.2738600000E+01
     8      0      1    108   1  -0.2680000000E-02  -0.2396260000E+01
     9      0      1    109   1  -0.1160000000E-02  -0.2000880000E+01
     0      1      1    110   1  -0.2140000000E-02  -0.2933660000E+01
     1      1      1    111   1  -0.7000000000E-03  -0.3384060000E+01
     2      1      1    112   1  -0.2560000000E-02  -0.3635960000E+01
     3      1      1    113   1   0.7400000000E-03  -0.3768660000E+01
     4      1      1    114   1   0.6000000000E-04  -0.3795400000E+01
     5      1      1    115   1  -0.6400000000E-03  -0.3702060000E+01
     6      1      1    116   1  -0.2120000000E-02  -0.3441140000E+01
     7      1      1    117   1   0.2720000000E-02  -0.3205640000E+01
     8      1      1    118   1   0.7800000000E-03  -0.2417620000E+01
     9      1      1    119   1  -0.2060000000E-02  -0.2086940000E+01
     0      2      1    120   1  -0.1560000000E-02  -0.2668160000E+01
     1      2      1    121   1   0.3620000000E-02  -0.3162580000E+01
     2      2      1    122   1  -0.3200000000E-03  -0.3382040000E+01
     3      2      1    123   1   0.1780000000E-02  -0.3661460000E+01
     4      2      1    124   1  -0.4000000000E-04  -0.3731820000E+01
     5      2      1    125   1   0.1500000000E-02  -0.3690380000E+01
     6      2      1    126   1  -0.1240000000E-02  -0.3660340000E+01
     7      2      1    127   1   0.3240000000E-02  -0.3314220000E+01
     8      2      1    128   1  -0.2840000000E-02  -0.2092960000E+01
     9      2      1    129   1  -0.7660000000E-02  -0.1039940000E+01
     0      3      1    130   1  -0.8200000000E-03  -0.1770600000E+01
     1      3      1    131   1  -0.2400000000E-03  -0.2166300000E+01
     2      3      1    132   1  -0.8000000000E-04  -0.2475560000E+01
     3      3      1    133   1   0.4800000000E-03  -0.3225720000E+01
     4      3      1    134   1  -0.9200000000E-03  -0.3451160000E+01
     5      3      1    135   1   0.1020000000E-02  -0.3387380000E+01
     6      3      1    136   1  -0.1040000000E-02  -0.3383400000E+01
     7      3      1    137   1   0.1540000000E-02  -0.3008320000E+01
     8      3      1    138   1   0.2600000000E-02  -0.1370340000E+01
     9      3      1    139   1   0.5920000000E-02   0.5440000000E-01
     0      4      1    140   1  -0.2160000000E-02  -0.1532720000E+01
     1      4      1    141   1  -0.3300000000E-02  -0.2039880000E+01
     2      4      1    142   1  -0.1000000000E-02  -0.2072420000E+01
     3      4      1    143   1  -0.1300000000E-02  -0.2621680000E+01
     4      4      1    144   1   0.1060000000E-02  -0.2538520000E+01
     5      4      1    145   1  -0.1600000000E-02  -0.1912040000E+01
     6      4      1    146   1  -0.9600000000E-03  -0.2201800000E+01
     7      4      1    147   1   0.1640000000E-02  -0.1690120000E+01
     8      4      1    148   1   0.6800000000E-03  -0.3370600000E+00
     9      4      1    149   1  -0.2800000000E-02   0.3761800000E+00
     0      5      1    150   1   0.2120000000E-02  -0.9933200000E+00
     1      5      1    151   1   0.1520000000E-02  -0.1820680000E+01
     2      5      1    152   1   0.2020000000E-02  -0.1776740000E+01
     3      5      1    153   1  -0.3540000000E-02  -0.2276040000E+01
     4      5      1    154   1  -0.3220000000E-02  -0.1756200000E+01
     5      5      1    155   1   0.2800000000E-03   0.2017600000E+00
     6      5      1    156   1  -0.1480000000E-02   0.4060600000E+00
     7      5      1    157   1  -0.2300000000E-02   0.1299000000E+01
     8      5      1    158   1   0.1700000000E-02   0.1817400000E+01
     9      5      1    159   1   0.1460000000E-02   0.1431260000E+01
     0      6      1    160   1   0.1780000000E-02  -0.4841000000E+00
     1      6      1    161   1   0.9600000000E-03  -0.1878800000E+01
     2      6      1    162   1  -0.8000000000E-03  -0.1781820000E+01
     3      6      1    163   1  -0.1220000000E-02  -0.2029520000E+01
     4      6      1    164   1  -0.1320000000E-02  -0.1803660000E+01
     5      6      1    165   1   0.3340000000E-02   0.3888000000E+00
     6      6      1    166   1  -0.1720000000E-02   0.1496040000E+01
     7      6      1    167   1  -0.7800000000E-03   0.2450520000E+01
     8      6      1    168   1  -0.2440000000E-02   0.2779760000E+01
     9      6      1    169   1  -0.3400000000E-02   0.2090380000E+01
     0      7      1    170   1   0.3700000000E-02   0.2728800000E+00
     1      7      1    171   1   0.5820000000E-02  -0.1859880000E+01
     2      7      1    172   1  -0.2600000000E-03  -0.2430060000E+01
     3      7      1    173   1   0.3020000000E-02  -0.2626860000E+01
     4      7      1    174   1   0.8800000000E-03  -0.2885900000E+01
     5      7      1    175   1  -0.5600000000E-03  -0.1405640000E+01
     6      7      1    176   1  -0.1480000000E-02   0.5360200000E+00
     7      7      1    177   1   0.9800000000E-03   0.1919860000E+01
     8      7      1    178   1   0.1560000000E-02   0.2028640000E+01
     9      7      1    179   1   0.2300000000E-02   0.2028600000E+01
     0      8      1    180   1  -0.2380000000E-02   0.3118800000E+00
     1      8      1    181   1   0.4400000000E-03  -0.1218620000E+01
     2      8      1    182   1   0.1500000000E-02  -0.2266580000E+01
     3      8      1    183   1   0.1380000000E-02  -0.2676640000E+01
     4      8      1    184   1  -0.1400000000E-02  -0.3239360000E+01
     5      8      1    185   1   0.1020000000E-02  -0.2779060000E+01
     6      8      1    186   1  -0.3800000000E-02  -0.1800480000E+01
     7      8      1    187   1  -0.3200000000E-03  -0.5306000000E+00
     8      8      1    188   1   0.5600000000E-03  -0.1220000000E-01
     9      8      1    189   1  -0.2220000000E-02   0.6329200000E+00
     0      9      1    190   1   0.3840000000E-02   0.2171200000E+00
     1      9      1    191   1   0.3200000000E-03  -0.3178400000E+00
     2      9      1    192   1   0.4060000000E-02  -0.1964020000E+01
     3      9      1    193   1   0.1320000000E-02  -0.2993780000E+01
     4      9      1    194   1  -0.3120000000E-02  -0.3569280000E+01
     5      9      1    195   1   0.1620000000E-02  -0.3351700000E+01
     6      9      1    196   1  -0.5460000000E-02  -0.2852980000E+01
     7      9      1    197   1  -0.1820000000E-02  -0.2378780000E+01
     8      9      1    198   1   0.1000000000E-03  -0.1777700000E+01
     9      9      1    199   1   0.2920000000E-02  -0.9800400000E+00
     0      0      2    200   1  -0.1540000000E-02  -0.2524340000E+01
     1      0      2    201   1   0.2380000000E-02  -0.3266780000E+01
     2      0      2    202   1  -0.1800000000E-03  -0.3296200000E+01
     3      0      2    203   1   0.1400000000E-03  -0.3720500000E+01
     4      0      2    204   1  -0.2800000000E-03  -0.3823620000E+01
     5      0      2    205   1  -0.1040000000E-02  -0.3624640000E+01
     6      0      2    206   1  -0.2600000000E-02  -0.3233840000E+01
     7      0      2    207   1   0.4520000000E-02  -0.2103540000E+01
     8      0      2    208   1   0.8400000000E-03   0.7084000000E-01
     9      0      2    209   1   0.2460000000E-02  -0.3011600000E+00
     0      1      2    210   1  -0.6000000000E-04  -0.1761380000E+01
     1      1      2    211   1  -0.3600000000E-03  -0.2863840000E+01
     2      1      2    212   1   0.2200000000E-03  -0.2710640000E+01
     3      1      2    213   1   0.5200000000E-03  -0.3554100000E+01
     4      1      2    214   1   0.8200000000E-03  -0.3791860000E+01
     5      1      2    215   1  -0.1600000000E-03  -0.3649180000E+01
     6      1      2    216   1  -0.4200000000E-03  -0.3357700000E+01
     7      1      2    217   1  -0.1240000000E-02  -0.2395660000E+01
     8      1      2    218   1   0.4880000000E-02   0.1802400000E+00
     9      1      2    219   1   0.2120000000E-02   0.8608000000E+00
     0      2      2    220   1   0.5200000000E-03  -0.3160600000E+00
     1      2      2    221   1  -0.8200000000E-03  -0.1420140000E+01
     2      2      2    222   1  -0.1260000000E-02  -0.1934900000E+01
     3      2      2    223   1   0.1400000000E-02  -0.3192540000E+01
     4      2      2    224   1   0.1300000000E-02  -0.3573720000E+01
     5      2      2    225   1   0.3800000000E-03  -0.3413980000E+01
     6      2      2    226   1   0.2200000000E-03  -0.2979560000E+01
     7      2      2    227   1   0.4200000000E-02  -0.2143340000E+01
     8      2      2    228   1  -0.2560000000E-02   0.1641400000E+00
     9      2      2    229   1  -0.4000000000E-04   0.1410080000E+01
     0      3      2    230   1  -0.6660000000E-02   0.5162200000E+00
     1      3      2    231   1  -0.4160000000E-02   0.4847200000E+00
     2      3      2    232   1   0.1020000000E-02  -0.6061600000E+00
     3      3      2    233   1   0.2580000000E-02  -0.2162620000E+01
     4      3      2    234   1   0.5600000000E-03  -0.2676660000E+01
     5      3      2    235   1  -0.7000000000E-03  -0.2332980000E+01
     6      3      2    236   1   0.1240000000E-02  -0.1852840000E+01
     7      3      2    237   1   0.3520000000E-02  -0.1592440000E+01
     8      3      2    238   1   0.1140000000E-02   0.3778200000E+00
     9      3      2    239   1  -0.2960000000E-02   0.1551060000E+01
     0      4      2    240   1  -0.7980000000E-02   0.3642200000E+00
     1      4      2    241   1   0.2380000000E-02   0.7902600000E+00
     2      4      2    242   1   0.6000000000E-03   0.8654600000E+00
     3      4      2    243   1   0.2720000000E-02   0.1415400000E+00
     4      4      2    244   1  -0.1880000000E-02  -0.7156200000E+00
     5      4      2    245   1   0.2360000000E-02  -0.5131200000E+00
     6      4      2    246   1  -0.4280000000E-02  -0.3621800000E+00
     7      4      2    247   1   0.3400000000E-03  -0.9055000000E+00
     8      4      2    248   1   0.6200000000E-03  -0.2793800000E+00
     9      4      2    249   1  -0.6200000000E-03   0.1114880000E+01
     0      5      2    250   1   0.1520000000E-02   0.9176000000E-01
     1      5      2    251   1   0.2680000000E-02   0.8872200000E+00
     2      5      2    252   1  -0.7400000000E-03   0.9773000000E+00
     3      5      2    253   1   0.4000000000E-04  -0.1119600000E+00
     4      5      2    254   1  -0.8740000000E-02  -0.8661800000E+00
     5      5      2    255   1   0.9800000000E-03   0.4426000000E+00
     6      5      2    256   1   0.8000000000E-04   0.1180660000E+01
     7      5      2    257   1   0.3800000000E-02   0.5631000000E+00
     8      5      2    258   1   0.2240000000E-02   0.9660000000E-02
     9      5      2    259   1  -0.1600000000E-03   0.6785600000E+00
     0      6      2    260   1  -0.9220000000E-02   0.3218400000E+00
     1      6      2    261   1  -0.1300000000E-02   0.6061800000E+00
     2      6      2    262   1  -0.2200000000E-03   0.1842800000E+00
     3      6      2    263   1  -0.3680000000E-02  -0.9036800000E+00
     4      6      2    264   1  -0.3720000000E-02  -0.1400880000E+01
     5      6      2    265   1   0.1460000000E-02   0.2784800000E+00
     6      6      2    266   1   0.1520000000E-02   0.1660640000E+01
     7      6      2    267   1  -0.2120000000E-02   0.1855840000E+01
     8      6      2    268   1  -0.4160000000E-02   0.1876260000E+01
     9      6      2    269   1  -0.5300000000E-02   0.1392640000E+01
     0      7      2    270   1   0.3200000000E-02  -0.7454200000E+00
     1      7      2    271   1  -0.1460000000E-02  -0.7997200000E+00
     2      7      2    272   1   0.1360000000E-02  -0.9591600000E+00
     3      7      2    273   1   0.3020000000E-02  -0.1996080000E+01
     4      7      2    274   1  -0.1200000000E-02  -0.2764040000E+01
     5      7      2    275   1  -0.2000000000E-04  -0.1554620000E+01
     6      7      2    276   1   0.6780000000E-02   0.4134200000E+00
     7      7      2    277   1   0.3960000000E-02   0.1382160000E+01
     8      7      2    278   1   0.4000000000E-02   0.1655800000E+01
     9      7      2    279   1  -0.7400000000E-03   0.4942800000E+00
     0      8      2    280   1   0.4280000000E-02  -0.1391520000E+01
     1      8      2    281   1  -0.3460000000E-02  -0.1911540000E+01
     2      8      2    282   1  -0.2100000000E-02  -0.1809680000E+01
     3      8      2    283   1   0.1960000000E-02  -0.2669800000E+01
     4      8      2    284   1  -0.2400000000E-03  -0.3342480000E+01
     5      8      2    285   1   0.2380000000E-02  -0.2959940000E+01
     6      8      2    286   1  -0.7200000000E-03  -0.2009800000E+01
     7      8      2    287   1  -0.2260000000E-02  -0.9258000000E+00
     8      8      2    288   1   0.1380000000E-02   0.5490000000E-01
     9      8      2    289   1  -0.2780000000E-02  -0.2158600000E+00
     0      9      2    290   1   0.1080000000E-02  -0.2309820000E+01
     1      9      2    291   1  -0.1900000000E-02  -0.2850300000E+01
     2      9      2    292   1   0.1100000000E-02  -0.2805980000E+01
     3      9      2    293   1   0.2400000000E-03  -0.3349140000E+01
     4      9      2    294   1   0.6000000000E-04  -0.3704280000E+01
     5      9      2    295   1   0.9200000000E-03  -0.3552980000E+01
     6      9      2    296   1  -0.1220000000E-02  -0.3191420000E+01
     7      9      2    297   1  -0.6200000000E-03  -0.2348020000E+01
     8      9      2    298   1   0.4460000000E-02  -0.8703000000E+00
     9      9      2    299   1  -0.1340000000E-02  -0.9725800000E+00
     0      0      3    300   1   0.6000000000E-03  -0.2944820000E+01
     1      0      3    301   1   0.1400000000E-03  -0.3562500000E+01
     2      0      3    302   1  -0.2000000000E-03  -0.3695480000E+01
     3      0      3    303   1  -0.4200000000E-03  -0.3759260000E+01
     4      0      3    304   1   0.8800000000E-03  -0.3694120000E+01
     5      0      3    305   1  -0.1160000000E-02  -0.3480180000E+01
     6      0      3    306   1   0.6000000000E-04  -0.3211140000E+01
     7      0      3    307   1   0.6400000000E-03  -0.2751880000E+01
     8      0      3    308   1   0.3200000000E-02  -0.2066180000E+01
     9      0      3    309   1  -0.1920000000E-02  -0.1809860000E+01
     0      1      3    310   1   0.2280000000E-02  -0.1845940000E+01
     1      1      3    311   1   0.1800000000E-03  -0.2987860000E+01
     2      1      3    312   1   0.4400000000E-03  -0.3308400000E+01
     3      1      3    313   1   0.4800000000E-03  -0.3658100000E+01
     4      1      3    314   1  -0.2020000000E-02  -0.3634760000E+01
     5      1      3    315   1  -0.2680000000E-02  -0.3406240000E+01
     6      1      3    316   1  -0.1400000000E-03  -0.2876400000E+01
     7      1      3    317   1   0.2060000000E-02  -0.2233100000E+01
     8      1      3    318   1   0.3180000000E-02  -0.1150080000E+01
     9      1      3    319   1  -0.7480000000E-02  -0.7393800000E+00
     0      2      3    320   1   0.2000000000E-02   0.3798200000E+00
     1      2      3    321   1  -0.1080000000E-02  -0.1369720000E+01
     2      2      3    322   1  -0.2600000000E-03  -0.2083960000E+01
     3      2      3    323   1  -0.7400000000E-03  -0.3151960000E+01
     4      2      3    324   1  -0.1880000000E-02  -0.3515380000E+01
     5      2      3    325   1  -0.8000000000E-04  -0.3362340000E+01
     6      2      3    326   1  -0.1160000000E-02  -0.2617780000E+01
     7      2      3    327   1  -0.4300000000E-02  -0.1427220000E+01
     8      2      3    328   1  -0.3380000000E-02   0.4857800000E+00
     9      2      3    329   1   0.4040000000E-02   0.1166720000E+01
     0      3      3    330   1  -0.3500000000E-02   0.5301400000E+00
     1      3      3    331   1  -0.1320000000E-02  -0.2936600000E+00
     2      3      3    332   1  -0.3220000000E-02  -0.5429000000E+00
     3      3      3    333   1   0.3000000000E-03  -0.1664060000E+01
     4      3      3    334   1  -0.3140000000E-02  -0.2732620000E+01
     5      3      3    335   1   0.1660000000E-02  -0.2807420000E+01
     6      3      3    336   1  -0.2340000000E-02  -0.2092960000E+01
     7      3      3    337   1   0.3340000000E-02  -0.1445040000E+01
     8      3      3    338   1   0.3800000000E-03   0.1089000000E+00
     9      3      3    339   1  -0.4220000000E-02   0.1298760000E+01
     0      4      3    340   1   0.1480000000E-02  -0.4635200000E+00
     1      4      3    341   1   0.3460000000E-02  -0.4790400000E+00
     2      4      3    342   1  -0.7000000000E-03   0.3923200000E+00
     3      4      3    343   1  -0.1000000000E-02   0.5849200000E+00
     4      4      3    344   1   0.3260000000E-02  -0.6119200000E+00
     5      4      3    345   1  -0.7000000000E-03  -0.9391000000E+00
     6      4      3    346   1   0.1400000000E-02  -0.3694600000E+00
     7      4      3    347   1  -0.1180000000E-02  -0.7633600000E+00
     8      4      3    348   1  -0.1200000000E-03  -0.8062600000E+00
     9      4      3    349   1  -0.2720000000E-02   0.3682200000E+00
     0      5      3    350   1  -0.3200000000E-02  -0.4270200000E+00
     1      5      3    351   1   0.8200000000E-03  -0.3752800000E+00
     2      5      3    352   1   0.3000000000E-02   0.7762400000E+00
     3      5      3    353   1   0.2900000000E-02   0.9020000000E+00
     4      5      3    354   1   0.2320000000E-02   0.3137800000E+00
     5      5      3    355   1  -0.1340000000E-02   0.7040000000E+00
     6      5      3    356   1   0.4880000000E-02   0.1609300000E+01
     7      5      3    357   1   0.4600000000E-03   0.1097660000E+01
     8      5      3    358   1   0.2140000000E-02  -0.3908200000E+00
     9      5      3    359   1   0.1800000000E-02  -0.7774000000E-01
     0      6      3    360   1  -0.3360000000E-02   0.7201200000E+00
     1      6      3    361   1  -0.6060000000E-02   0.2848400000E+00
     2      6      3    362   1  -0.2220000000E-02   0.4095200000E+00
     3      6      3    363   1  -0.6800000000E-03  -0.5525000000E+00
     4      6      3    364   1  -0.2760000000E-02  -0.7557000000E+00
     5      6      3    365   1  -0.6740000000E-02   0.1105400000E+00
     6      6      3    366   1  -0.2000000000E-04   0.2019040000E+01
     7      6      3    367   1  -0.1780000000E-02   0.1969180000E+01
     8      6      3    368   1  -0.7200000000E-03   0.4916200000E+00
     9      6      3    369   1  -0.6080000000E-02   0.7343000000E+00
     0      7      3    370   1   0.2540000000E-02   0.7163200000E+00
     1      7      3    371   1   0.1880000000E-02  -0.6263000000E+00
     2      7      3    372   1   0.1700000000E-02  -0.1888700000E+01
     3      7      3    373   1  -0.5400000000E-03  -0.2773000000E+01
     4      7      3    374   1   0.4800000000E-03  -0.2759700000E+01
     5      7      3    375   1  -0.1500000000E-02  -0.1790920000E+01
     6      7      3    376   1   0.3560000000E-02   0.9543000000E+00
     7      7      3    377   1   0.3940000000E-02   0.1549660000E+01
     8      7      3    378   1   0.2820000000E-02   0.1269300000E+01
     9      7      3    379   1   0.7020000000E-02   0.9510200000E+00
     0      8      3    380   1  -0.5020000000E-02  -0.2133600000E+00
     1      8      3    381   1  -0.7200000000E-03  -0.2005080000E+01
     2      8      3    382   1  -0.1800000000E-03  -0.3212240000E+01
     3      8      3    383   1  -0.1260000000E-02  -0.3541280000E+01
     4      8      3    384   1   0.1820000000E-02  -0.3530720000E+01
     5      8      3    385   1  -0.6200000000E-03  -0.2969640000E+01
     6      8      3    386   1   0.3320000000E-02  -0.1383680000E+01
     7      8      3    387   1   0.1000000000E-03  -0.7405200000E+00
     8      8      3    388   1  -0.6200000000E-03   0.1800600000E+00
     9      8      3    389   1   0.1000000000E-03   0.7940000000E-01
     0      9      3    390   1  -0.2160000000E-02  -0.2386760000E+01
     1      9      3    391   1  -0.3200000000E-03  -0.3272900000E+01
     2      9      3    392   1  -0.8000000000E-03  -0.3543560000E+01
     3      9      3    393   1  -0.1980000000E-02  -0.3620080000E+01
     4      9      3    394   1   0.2000000000E-03  -0.3573960000E+01
     5      9      3    395   1   0.2000000000E-03  -0.3314980000E+01
     6      9      3    396   1  -0.1240000000E-02  -0.2915180000E+01
     7      9      3    397   1  -0.1920000000E-02  -0.2501620000E+01
     8      9      3    398   1   0.1880000000E-02  -0.1802920000E+01
     9      9      3    399   1  -0.2140000000E-02  -0.1779700000E+01
     0      0      4    400   1   0.8000000000E-03  -0.3088440000E+01
     1      0      4    401   1   0.3600000000E-03  -0.3610800000E+01
     2      0      4    402   1   0.6600000000E-03  -0.3764220000E+01
     3      0      4    403   1   0.2200000000E-03  -0.3698040000E+01
     4      0      4    404   1  -0.6000000000E-04  -0.3322640000E+01
     5      0      4    405   1  -0.1280000000E-02  -0.2766340000E+01
     6      0      4    406   1   0.3560000000E-02  -0.2316500000E+01
     7      0      4    407   1  -0.2080000000E-02  -0.2272580000E+01
     8      0      4    408   1   0.0000000000E+00  -0.2046800000E+01
     9      0      4    409   1  -0.1220000000E-02  -0.2076660000E+01
     0      1      4    410   1  -0.4200000000E-03  -0.2718960000E+01
     1      1      4    411   1   0.1520000000E-02  -0.2982360000E+01
     2      1      4    412   1   0.2800000000E-03  -0.3339860000E+01
     3      1      4    413   1   0.1420000000E-02  -0.3495860000E+01
     4      1      4    414   1   0.1560000000E-02  -0.2845480000E+01
     5      1      4    415   1   0.7000000000E-03  -0.1923280000E+01
     6      1      4    416   1  -0.8000000000E-03  -0.1927060000E+01
     7      1      4    417   1   0.2520000000E-02  -0.2439700000E+01
     8      1      4    418   1  -0.1300000000E-02  -0.2026940000E+01
     9      1      4    419   1  -0.4340000000E-02  -0.2032420000E+01
     0      2      4    420   1  -0.3900000000E-02  -0.1188340000E+01
     1      2      4    421   1  -0.1800000000E-03  -0.1107800000E+01
     2      2      4    422   1  -0.1980000000E-02  -0.1698880000E+01
     3      2      4    423   1   0.3600000000E-03  -0.2952940000E+01
     4      2      4    424   1  -0.8600000000E-03  -0.3144880000E+01
     5      2      4    425   1  -0.1000000000E-02  -0.2775140000E+01
     6      2      4    426   1  -0.2080000000E-02  -0.2658900000E+01
     7      2      4    427   1   0.3600000000E-03  -0.2470980000E+01
     8      2      4    428   1  -0.6800000000E-03  -0.1246760000E+01
     9      2      4    429   1   0.4000000000E-03  -0.1376980000E+01
     0      3      4    430   1   0.1700000000E-02   0.2245000000E+00
     1      3      4    431   1   0.3880000000E-02  -0.1092000000E-01
     2      3      4    432   1  -0.2700000000E-02  -0.7592000000E-01
     3      3      4    433   1   0.1080000000E-02  -0.1543000000E+01
     4      3      4    434   1   0.1880000000E-02  -0.2746880000E+01
     5      3      4    435   1  -0.1580000000E-02  -0.2593260000E+01
     6      3      4    436   1   0.1260000000E-02  -0.1930740000E+01
     7      3      4    437   1  -0.2420000000E-02  -0.1994480000E+01
     8      3      4    438   1  -0.6600000000E-03  -0.7501600000E+00
     9      3      4    439   1   0.5620000000E-02  -0.2960000000E+00
     0      4      4    440   1   0.1660000000E-02   0.7469200000E+00
     1      4      4    441   1   0.4420000000E-02   0.1089480000E+01
     2      4      4    442   1  -0.2000000000E-04   0.1345440000E+01
     3      4      4    443   1  -0.3260000000E-02   0.1991200000E+00
     4      4      4    444   1  -0.7200000000E-03  -0.1741000000E+01
     5      4      4    445   1  -0.1720000000E-02  -0.1720020000E+01
     6      4      4    446   1   0.3900000000E-02  -0.2192800000E+00
     7      4      4    447   1  -0.1840000000E-02  -0.7437000000E+00
     8      4      4    448   1  -0.1320000000E-02  -0.1584000000E+00
     9      4      4    449   1   0.3440000000E-02   0.3380800000E+00
     0      5      4    450   1   0.3800000000E-02   0.2989600000E+00
     1      5      4    451   1  -0.1600000000E-02   0.1880000000E+00
     2      5      4    452   1   0.6100000000E-02   0.7487000000E+00
     3      5      4    453   1   0.4980000000E-02   0.1160000000E+00
     4      5      4    454   1   0.2380000000E-02  -0.1135860000E+01
     5      5      4    455   1   0.3980000000E-02  -0.5796000000E+00
     6      5      4    456   1   0.1780000000E-02   0.9659200000E+00
     7      5      4    457   1  -0.3000000000E-03  -0.3217600000E+00
     8      5      4    458   1   0.2660000000E-02  -0.3278000000E+00
     9      5      4    459   1   0.1600000000E-02   0.6653200000E+00
     0      6      4    460   1   0.3800000000E-03  -0.1742400000E+00
     1      6      4    461   1  -0.2160000000E-02  -0.6318600000E+00
     2      6      4    462   1   0.8200000000E-03   0.2642000000E-01
     3      6      4    463   1  -0.1460000000E-02  -0.2974600000E+00
     4      6      4    464   1  -0.6000000000E-04  -0.1326580000E+01
     5      6      4    465   1   0.6000000000E-03  -0.8433000000E+00
     6      6      4    466   1  -0.3420000000E-02   0.6880000000E+00
     7      6      4    467   1   0.3080000000E-02  -0.1615200000E+00
     8      6      4    468   1   0.5780000000E-02  -0.2479600000E+00
     9      6      4    469   1   0.4380000000E-02   0.8804600000E+00
     0      7      4    470   1   0.3460000000E-02  -0.4225000000E+00
     1      7      4    471   1   0.1780000000E-02  -0.1685300000E+01
     2      7      4    472   1   0.3060000000E-02  -0.2219720000E+01
     3      7      4    473   1   0.2360000000E-02  -0.2220820000E+01
     4      7      4    474   1  -0.3660000000E-02  -0.2559620000E+01
     5      7      4    475   1   0.1000000000E-02  -0.1852340000E+01
     6      7      4    476   1  -0.2860000000E-02   0.3488000000E-01
     7      7      4    477   1   0.7400000000E-03  -0.2180000000E-02
     8      7      4    478   1   0.2880000000E-02  -0.4237000000E+00
     9      7      4    479   1   0.3000000000E-03   0.5744000000E-01
     0      8      4    480   1  -0.4000000000E-03  -0.1516440000E+01
     1      8      4    481   1  -0.1700000000E-02  -0.2740680000E+01
     2      8      4    482   1   0.8800000000E-03  -0.3276680000E+01
     3      8      4    483   1   0.2680000000E-02  -0.3140900000E+01
     4      8      4    484   1  -0.1600000000E-03  -0.3236540000E+01
     5      8      4    485   1   0.8200000000E-03  -0.2739740000E+01
     6      8      4    486   1   0.1920000000E-02  -0.1077780000E+01
     7      8      4    487   1   0.2240000000E-02  -0.4849200000E+00
     8      8      4    488   1   0.1800000000E-02  -0.1114600000E+01
     9      8      4    489   1  -0.6000000000E-03  -0.1395380000E+01
     0      9      4    490   1  -0.2120000000E-02  -0.2448220000E+01
     1      9      4    491   1   0.1400000000E-03  -0.3367260000E+01
     2      9      4    492   1   0.1280000000E-02  -0.3678180000E+01
     3      9      4    493   1  -0.8200000000E-03  -0.3624240000E+01
     4      9      4    494   1   0.8600000000E-03  -0.3550060000E+01
     5      9      4    495   1   0.1620000000E-02  -0.3155620000E+01
     6      9      4    496   1  -0.1780000000E-02  -0.1928880000E+01
     7      9      4    497   1  -0.3060000000E-02  -0.8627800000E+00
     8      9      4    498   1  -0.4240000000E-02  -0.9823000000E+00
     9      9      4    499   1   0.1600000000E-03  -0.1550980000E+01
     0      0      5    500   1  -0.1300000000E-02  -0.3008960000E+01
     1      0      5    501   1  -0.9400000000E-03  -0.3619780000E+01
     2      0      5    502   1  -0.8000000000E-04  -0.3748260000E+01
     3      0      5    503   1   0.2200000000E-03  -0.3750700000E+01
     4      0      5    504   1   0.7400000000E-03  -0.3589800000E+01
     5      0      5    505   1  -0.2480000000E-02  -0.2928960000E+01
     6      0      5    506   1   0.2740000000E-02  -0.2268180000E+01
     7      0      5    507   1   0.1220000000E-02  -0.1906040000E+01
     8      0      5    508   1  -0.4400000000E-03  -0.8094600000E+00
     9      0      5    509   1   0.2400000000E-03  -0.1390400000E+01
     0      1      5    510   1   0.2400000000E-03  -0.2739340000E+01
     1      1      5    511   1  -0.1200000000E-03  -0.2813840000E+01
     2      1      5    512   1   0.4000000000E-04  -0.2793640000E+01
     3      1      5    513   1  -0.7200000000E-03  -0.3240080000E+01
     4      1      5    514   1  -0.8200000000E-03  -0.3384180000E+01
     5      1      5    515   1   0.1520000000E-02  -0.2796720000E+01
     6      1      5    516   1  -0.6000000000E-04  -0.2194840000E+01
     7      1      5    517   1   0.1160000000E-02  -0.2062960000E+01
     8      1      5    518   1  -0.3940000000E-02  -0.1256920000E+01
     9      1      5    519   1  -0.1200000000E-02  -0.2050280000E+01
     0      2      5    520   1  -0.1760000000E-02  -0.1118040000E+01
     1      2      5    521   1  -0.2700000000E-02  -0.4089400000E+00
     2      2      5    522   1  -0.7400000000E-02  -0.2549200000E+00
     3      2      5    523   1  -0.8000000000E-03  -0.1753940000E+01
     4      2      5    524   1  -0.1200000000E-03  -0.2782440000E+01
     5      2      5    525   1   0.5200000000E-03  -0.2277780000E+01
     6      2      5    526   1   0.1260000000E-02  -0.1948820000E+01
     7      2      5    527   1   0.1340000000E-02  -0.2097920000E+01
     8      2      5    528   1   0.2800000000E-02  -0.2175980000E+01
     9      2      5    529   1   0.1700000000E-02  -0.2333820000E+01
     0      3      5    530   1  -0.3920000000E-02   0.6923000000E+00
     1      3      5    531   1   0.1540000000E-02   0.1074080000E+01
     2      3      5    532   1   0.2140000000E-02   0.4556400000E+00
     3      3      5    533   1   0.5820000000E-02  -0.1257000000E+01
     4      3      5    534   1  -0.8200000000E-03  -0.2040460000E+01
     5      3      5    535   1  -0.4360000000E-02  -0.9139600000E+00
     6      3      5    536   1   0.5400000000E-03  -0.5030800000E+00
     7      3      5    537   1  -0.1980000000E-02  -0.1076380000E+01
     8      3      5    538   1  -0.3600000000E-03  -0.2042900000E+01
     9      3      5    539   1  -0.5400000000E-03  -0.1661240000E+01
     0      4      5    540   1  -0.1380000000E-02   0.7320600000E+00
     1      4      5    541   1   0.2520000000E-02   0.6945200000E+00
     2      4      5    542   1   0.1680000000E-02  -0.7192600000E+00
     3      4      5    543   1  -0.1240000000E-02  -0.2295800000E+01
     4      4      5    544   1   0.2400000000E-03  -0.2603140000E+01
     5      4      5    545   1   0.3280000000E-02  -0.1052980000E+01
     6      4      5    546   1   0.9920000000E-02   0.4315000000E+00
     7      4      5    547   1   0.3180000000E-02   0.3482600000E+00
     8      4      5    548   1   0.3300000000E-02  -0.9212200000E+00
     9      4      5    549   1  -0.1000000000E-03  -0.9565600000E+00
     0      5      5    550   1   0.6000000000E-03  -0.5539800000E+00
     1      5      5    551   1   0.2000000000E-03  -0.4232400000E+00
     2      5      5    552   1   0.1600000000E-02  -0.1740680000E+01
     3      5      5    553   1   0.8200000000E-03  -0.2791420000E+01
     4      5      5    554   1   0.4000000000E-03  -0.2550920000E+01
     5      5      5    555   1  -0.3220000000E-02  -0.7889800000E+00
     6      5      5    556   1  -0.1420000000E-02   0.3091400000E+00
     7      5      5    557   1  -0.6580000000E-02   0.3869000000E+00
     8      5      5    558   1  -0.5740000000E-02  -0.5168400000E+00
     9      5      5    559   1  -0.3140000000E-02  -0.8457800000E+00
     0      6      5    560   1   0.1460000000E-02  -0.7412000000E-01
     1      6      5    561   1   0.1600000000E-03  -0.1046360000E+01
     2      6      5    562   1   0.3860000000E-02  -0.2135940000E+01
     3      6      5    563   1  -0.1000000000E-03  -0.2804800000E+01
     4      6      5    564   1  -0.4400000000E-03  -0.2492120000E+01
     5      6      5    565   1  -0.1440000000E-02  -0.7576400000E+00
     6      6      5    566   1   0.3900000000E-02  -0.2069000000E+00
     7      6      5    567   1  -0.2040000000E-02   0.6378000000E-01
     8      6      5    568   1  -0.2340000000E-02   0.1203600000E+00
     9      6      5    569   1  -0.2460000000E-02   0.5241000000E+00
     0      7      5    570   1   0.3820000000E-02  -0.5194400000E+00
     1      7      5    571   1  -0.7200000000E-03  -0.1905740000E+01
     2      7      5    572   1   0.3280000000E-02  -0.2823800000E+01
     3      7      5    573   1  -0.9200000000E-03  -0.3137560000E+01
     4      7      5    574   1  -0.3400000000E-03  -0.3056320000E+01
     5      7      5    575   1   0.5520000000E-02  -0.1756740000E+01
     6      7      5    576   1   0.1320000000E-02  -0.7807600000E+00
     7      7      5    577   1   0.2640000000E-02  -0.7780000000E-01
     8      7      5    578   1   0.2400000000E-03   0.4811400000E+00
     9      7      5    579   1   0.2600000000E-02   0.2698200000E+00
     0      8      5    580   1   0.3800000000E-03  -0.1850100000E+01
     1      8      5    581   1   0.3600000000E-03  -0.3182160000E+01
     2      8      5    582   1   0.9800000000E-03  -0.3537740000E+01
     3      8      5    583   1  -0.8000000000E-04  -0.3447020000E+01
     4      8      5    584   1   0.3600000000E-03  -0.3281540000E+01
     5      8      5    585   1  -0.2040000000E-02  -0.2451780000E+01
     6      8      5    586   1   0.2140000000E-02  -0.1912380000E+01
     7      8      5    587   1   0.4680000000E-02  -0.1442160000E+01
     8      8      5    588   1   0.1600000000E-03  -0.4770400000E+00
     9      8      5    589   1  -0.4200000000E-03  -0.4152000000E+00
     0      9      5    590   1   0.1660000000E-02  -0.2550420000E+01
     1      9      5    591   1  -0.4000000000E-04  -0.3633620000E+01
     2      9      5    592   1   0.2000000000E-04  -0.3805500000E+01
     3      9      5    593   1  -0.8000000000E-04  -0.3738000000E+01
     4      9      5    594   1  -0.5200000000E-03  -0.3616580000E+01
     5      9      5    595   1   0.6000000000E-03  -0.3045740000E+01
     6      9      5    596   1   0.5800000000E-03  -0.2431060000E+01
     7      9      5    597   1   0.3020000000E-02  -0.1689900000E+01
     8      9      5    598   1   0.1500000000E-02  -0.5132400000E+00
     9      9      5    599   1   0.4540000000E-02  -0.5581400000E+00
     0      0      6    600   1  -0.2640000000E-02  -0.2062320000E+01
     1      0      6    601   1  -0.1640000000E-02  -0.3137300000E+01
     2      0      6    602   1   0.9200000000E-03  -0.3317660000E+01
     3      0      6    603   1  -0.2600000000E-03  -0.3463860000E+01
     4      0      6    604   1  -0.1060000000E-02  -0.3129600000E+01
     5      0      6    605   1  -0.2480000000E-02  -0.2197340000E+01
     6      0      6    606   1   0.3960000000E-02  -0.6637000000E+00
     7      0      6    607   1  -0.4240000000E-02  -0.5230200000E+00
     8      0      6    608   1  -0.2200000000E-02   0.5117400000E+00
     9      0      6    609   1   0.7200000000E-03   0.4293400000E+00
     0      1      6    610   1  -0.1360000000E-02  -0.1666180000E+01
     1      1      6    611   1  -0.3000000000E-03  -0.2168580000E+01
     2      1      6    612   1   0.2360000000E-02  -0.1956480000E+01
     3      1      6    613   1  -0.2640000000E-02  -0.2598140000E+01
     4      1      6    614   1   0.1860000000E-02  -0.2340160000E+01
     5      1      6    615   1  -0.2560000000E-02  -0.7918000000E+00
     6      1      6    616   1  -0.5200000000E-03   0.9622200000E+00
     7      1      6    617   1  -0.3200000000E-02  -0.3694800000E+00
     8      1      6    618   1   0.2100000000E-02  -0.3563000000E+00
     9      1      6    619   1   0.1740000000E-02  -0.5180800000E+00
     0      2      6    620   1   0.2780000000E-02  -0.8667600000E+00
     1      2      6    621   1   0.2000000000E-04  -0.3614200000E+00
     2      2      6    622   1  -0.6380000000E-02   0.1755400000E+00
     3      2      6    623   1  -0.3300000000E-02  -0.5738000000E+00
     4      2      6    624   1   0.2000000000E-04  -0.1092160000E+01
     5      2      6    625   1   0.4100000000E-02  -0.3067000000E+00
     6      2      6    626   1  -0.2000000000E-04   0.5000000000E+00
     7      2      6    627   1   0.3100000000E-02  -0.1392480000E+01
     8      2      6    628   1  -0.1320000000E-02  -0.1693300000E+01
     9      2      6    629   1   0.2540000000E-02  -0.1344960000E+01
     0      3      6    630   1   0.3440000000E-02  -0.1507400000E+00
     1      3      6    631   1   0.5160000000E-02   0.6971800000E+00
     2      3      6    632   1   0.9380000000E-02   0.5161800000E+00
     3      3      6    633   1   0.8600000000E-02   0.6089200000E+00
     4      3      6    634   1   0.9000000000E-03  -0.8392000000E-01
     5      3      6    635   1   0.2860000000E-02   0.4966600000E+00
     6      3      6    636   1   0.6240000000E-02   0.1001640000E+01
     7      3      6    637   1   0.3780000000E-02  -0.1077580000E+01
     8      3      6    638   1  -0.2840000000E-02  -0.1945280000E+01
     9      3      6    639   1   0.1360000000E-02  -0.1443960000E+01
     0      4      6    640   1  -0.9200000000E-03  -0.6759200000E+00
     1      4      6    641   1  -0.9000000000E-03   0.1487400000E+00
     2      4      6    642   1  -0.4000000000E-03  -0.5343000000E+00
     3      4      6    643   1  -0.7800000000E-03  -0.6936800000E+00
     4      4      6    644   1  -0.4400000000E-02  -0.1664220000E+01
     5      4      6    645   1   0.3900000000E-02  -0.1012160000E+01
     6      4      6    646   1  -0.2420000000E-02   0.1356400000E+00
     7      4      6    647   1   0.3600000000E-03  -0.7315200000E+00
     8      4      6    648   1  -0.2860000000E-02  -0.1672620000E+01
     9      4      6    649   1   0.4940000000E-02  -0.1521720000E+01
     0      5      6    650   1   0.3320000000E-02  -0.8841200000E+00
     1      5      6    651   1   0.6260000000E-02  -0.2781800000E+00
     2      5      6    652   1   0.2080000000E-02  -0.9920400000E+00
     3      5      6    653   1   0.2440000000E-02  -0.1503800000E+01
     4      5      6    654   1  -0.1760000000E-02  -0.2048040000E+01
     5      5      6    655   1   0.5000000000E-02  -0.1274460000E+01
     6      5      6    656   1  -0.1140000000E-02  -0.4097800000E+00
     7      5      6    657   1   0.3060000000E-02  -0.7071800000E+00
     8      5      6    658   1  -0.4800000000E-03  -0.1025320000E+01
     9      5      6    659   1   0.2020000000E-02  -0.1033320000E+01
     0      6      6    660   1  -0.2200000000E-02  -0.1639800000E+00
     1      6      6    661   1   0.5040000000E-02   0.3166800000E+00
     2      6      6    662   1  -0.3220000000E-02  -0.7203600000E+00
     3      6      6    663   1   0.1540000000E-02  -0.1807540000E+01
     4      6      6    664   1  -0.1600000000E-03  -0.1939500000E+01
     5      6      6    665   1  -0.3020000000E-02  -0.1118680000E+01
     6      6      6    666   1  -0.7000000000E-03  -0.5895000000E+00
     7      6      6    667   1   0.8000000000E-03  -0.8645800000E+00
     8      6      6    668   1   0.4600000000E-03  -0.1070580000E+01
     9      6      6    669   1  -0.5800000000E-03  -0.8590800000E+00
     0      7      6    670   1   0.8800000000E-03   0.3866800000E+00
     1      7      6    671   1  -0.1200000000E-03   0.5986600000E+00
     2      7      6    672   1   0.1400000000E-03  -0.8573000000E+00
     3      7      6    673   1   0.1720000000E-02  -0.2366240000E+01
     4      7      6    674   1   0.8200000000E-03  -0.2428460000E+01
     5      7      6    675   1   0.2140000000E-02  -0.1725700000E+01
     6      7      6    676   1  -0.1940000000E-02  -0.1249720000E+01
     7      7      6    677   1  -0.4800000000E-03  -0.1212780000E+01
     8      7      6    678   1  -0.2240000000E-02  -0.1139060000E+01
     9      7      6    679   1   0.3440000000E-02  -0.5188600000E+00
     0      8      6    680   1   0.4800000000E-03  -0.8977600000E+00
     1      8      6    681   1  -0.3000000000E-02  -0.1774760000E+01
     2      8      6    682   1  -0.2000000000E-03  -0.2512280000E+01
     3      8      6    683   1   0.2420000000E-02  -0.3098440000E+01
     4      8      6    684   1  -0.4000000000E-04  -0.2985360000E+01
     5      8      6    685   1   0.9600000000E-03  -0.2430060000E+01
     6      8      6    686   1  -0.1000000000E-02  -0.1865960000E+01
     7      8      6    687   1  -0.4760000000E-02  -0.1753980000E+01
     8      8      6    688   1  -0.1680000000E-02  -0.1274520000E+01
     9      8      6    689   1   0.1600000000E-03  -0.2229600000E+00
     0      9      6    690   1   0.1840000000E-02  -0.1728160000E+01
     1      9      6    691   1  -0.1600000000E-02  -0.3039680000E+01
     2      9      6    692   1   0.3200000000E-03  -0.3288880000E+01
     3      9      6    693   1   0.1040000000E-02  -0.3406120000E+01
     4      9      6    694   1   0.2040000000E-02  -0.3031980000E+01
     5      9      6    695   1  -0.1720000000E-02  -0.2535820000E+01
     6      9      6    696   1  -0.2260000000E-02  -0.1886780000E+01
     7      9      6    697   1   0.4460000000E-02  -0.1674820000E+01
     8      9      6    698   1   0.9200000000E-03  -0.7265400000E+00
     9      9      6    699   1  -0.3280000000E-02   0.2888000000E+00
     0      0      7    700   1   0.5800000000E-03  -0.1916260000E+01
     1      0      7    701   1   0.1140000000E-02  -0.2628380000E+01
     2      0      7    702   1   0.1780000000E-02  -0.2658560000E+01
     3      0      7    703   1  -0.2860000000E-02  -0.2317320000E+01
     4      0      7    704   1  -0.9400000000E-03  -0.9538000000E+00
     5      0      7    705   1  -0.7400000000E-03   0.1478740000E+01
     6      0      7    706   1  -0.1860000000E-02   0.1872140000E+01
     7      0      7    707   1   0.3840000000E-02   0.1235240000E+01
     8      0      7    708   1   0.5720000000E-02   0.5902200000E+00
     9      0      7    709   1  -0.1680000000E-02  -0.2850800000E+00
     0      1      7    710   1  -0.6800000000E-03  -0.2085400000E+01
     1      1      7    711   1   0.2800000000E-03  -0.2586780000E+01
     2      1      7    712   1  -0.3500000000E-02  -0.2301460000E+01
     3      1      7    713   1  -0.1800000000E-03  -0.1762680000E+01
     4      1      7    714   1   0.2140000000E-02  -0.2298000000E+00
     5      1      7    715   1  -0.8200000000E-03   0.1989920000E+01
     6      1      7    716   1  -0.4180000000E-02   0.2529560000E+01
     7      1      7    717   1  -0.1760000000E-02   0.1850240000E+01
     8      1      7    718   1  -0.3720000000E-02  -0.4544000000E-01
     9      1      7    719   1  -0.4460000000E-02  -0.1203200000E+01
     0      2      7    720   1   0.2800000000E-03  -0.2048360000E+01
     1      2      7    721   1   0.9800000000E-03  -0.2189060000E+01
     2      2      7    722   1   0.1740000000E-02  -0.1009080000E+01
     3      2      7    723   1   0.3740000000E-02   0.5368600000E+00
     4      2      7    724   1  -0.3580000000E-02   0.1446340000E+01
     5      2      7    725   1  -0.3260000000E-02   0.2127200000E+01
     6      2      7    726   1  -0.1600000000E-03   0.2257360000E+01
     7      2      7    727   1   0.1460000000E-02   0.1845020000E+01
     8      2      7    728   1   0.2460000000E-02  -0.7716000000E-01
     9      2      7    729   1   0.5600000000E-03  -0.9830600000E+00
     0      3      7    730   1  -0.1780000000E-02  -0.1460460000E+01
     1      3      7    731   1  -0.1520000000E-02  -0.9358800000E+00
     2      3      7    732   1  -0.6000000000E-04  -0.1034200000E+00
     3      3      7    733   1  -0.1920000000E-02   0.1545280000E+01
     4      3      7    734   1  -0.2000000000E-03   0.2149620000E+01
     5      3      7    735   1   0.3480000000E-02   0.1918520000E+01
     6      3      7    736   1   0.2820000000E-02   0.1870980000E+01
     7      3      7    737   1   0.1160000000E-02   0.1411000000E+01
     8      3      7    738   1  -0.3340000000E-02   0.6962000000E-01
     9      3      7    739   1   0.1780000000E-02  -0.5851200000E+00
     0      4      7    740   1   0.6400000000E-03  -0.8266600000E+00
     1      4      7    741   1   0.5400000000E-03   0.3220000000E-01
     2      4      7    742   1  -0.1560000000E-02   0.2981200000E+00
     3      4      7    743   1   0.4400000000E-03   0.8311600000E+00
     4      4      7    744   1  -0.1680000000E-02   0.1207980000E+01
     5      4      7    745   1   0.4800000000E-03   0.5695200000E+00
     6      4      7    746   1  -0.4980000000E-02   0.7215800000E+00
     7      4      7    747   1  -0.3460000000E-02  -0.1278600000E+00
     8      4      7    748   1  -0.5060000000E-02  -0.1313720000E+01
     9      4      7    749   1   0.2120000000E-02  -0.1211280000E+01
     0      5      7    750   1   0.7400000000E-03   0.1650000000E-01
     1      5      7    751   1   0.2840000000E-02  -0.1746200000E+00
     2      5      7    752   1   0.2400000000E-03  -0.5597000000E+00
     3      5      7    753   1   0.4480000000E-02  -0.6251800000E+00
     4      5      7    754   1   0.1980000000E-02  -0.2522800000E+00
     5      5      7    755   1   0.3700000000E-02  -0.7859400000E+00
     6      5      7    756   1  -0.6000000000E-04  -0.9571800000E+00
     7      5      7    757   1   0.6000000000E-04  -0.9812200000E+00
     8      5      7    758   1  -0.1240000000E-02  -0.1107860000E+01
     9      5      7    759   1  -0.3160000000E-02  -0.6366400000E+00
     0      6      7    760   1  -0.4820000000E-02   0.1459360000E+01
     1      6      7    761   1  -0.2740000000E-02   0.1206560000E+01
     2      6      7    762   1  -0.3100000000E-02   0.2990200000E+00
     3      6      7    763   1   0.1520000000E-02  -0.2470000000E-01
     4      6      7    764   1  -0.1060000000E-02  -0.6073200000E+00
     5      6      7    765   1   0.1000000000E-03  -0.1302120000E+01
     6      6      7    766   1   0.2840000000E-02  -0.1040920000E+01
     7      6      7    767   1  -0.1140000000E-02   0.3728000000E-01
     8      6      7    768   1  -0.4820000000E-02   0.8224600000E+00
     9      6      7    769   1  -0.4220000000E-02   0.7352200000E+00
     0      7      7    770   1   0.4900000000E-02   0.2216620000E+01
     1      7      7    771   1  -0.6800000000E-03   0.1765600000E+01
     2      7      7    772   1   0.3600000000E-03   0.1003560000E+01
     3      7      7    773   1   0.3580000000E-02   0.1222800000E+00
     4      7      7    774   1   0.7000000000E-02  -0.1217780000E+01
     5      7      7    775   1   0.5240000000E-02  -0.1421880000E+01
     6      7      7    776   1   0.4460000000E-02   0.6750000000E-01
     7      7      7    777   1   0.1080000000E-02   0.9826800000E+00
     8      7      7    778   1  -0.6000000000E-04   0.1683220000E+01
     9      7      7    779   1   0.3340000000E-02   0.1666780000E+01
     0      8      7    780   1  -0.4020000000E-02   0.1661020000E+01
     1      8      7    781   1  -0.2680000000E-02   0.4544000000E-01
     2      8      7    782   1   0.2640000000E-02  -0.5506200000E+00
     3      8      7    783   1   0.5240000000E-02  -0.7008200000E+00
     4      8      7    784   1  -0.1060000000E-02  -0.1491780000E+01
     5      8      7    785   1  -0.2520000000E-02  -0.1293120000E+01
     6      8      7    786   1   0.1860000000E-02   0.5406000000E-01
     7      8      7    787   1   0.6200000000E-03   0.8727400000E+00
     8      8      7    788   1  -0.2780000000E-02   0.1577780000E+01
     9      8      7    789   1  -0.8160000000E-02   0.1957140000E+01
     0      9      7    790   1  -0.1280000000E-02  -0.4220600000E+00
     1      9      7    791   1   0.8200000000E-03  -0.1852040000E+01
     2      9      7    792   1   0.4540000000E-02  -0.2083580000E+01
     3      9      7    793   1   0.2260000000E-02  -0.1938020000E+01
     4      9      7    794   1  -0.6140000000E-02  -0.1796660000E+01
     5      9      7    795   1  -0.4080000000E-02  -0.6822600000E+00
     6      9      7    796   1  -0.6000000000E-04   0.1422000000E-01
     7      9      7    797   1   0.3660000000E-02   0.3377800000E+00
     8      9      7    798   1  -0.1700000000E-02   0.6562000000E+00
     9      9      7    799   1  -0.1600000000E-02   0.9102200000E+00
     0      0      8    800   1  -0.1600000000E-02  -0.8351800000E+00
     1      0      8    801   1   0.2340000000E-02  -0.1633020000E+01
     2      0      8    802   1  -0.9200000000E-03  -0.1312740000E+01
     3      0      8    803   1   0.2200000000E-03  -0.1110540000E+01
     4      0      8    804   1  -0.4400000000E-02  -0.5333800000E+00
     5      0      8    805   1  -0.7040000000E-02   0.1245580000E+01
     6      0      8    806   1  -0.2220000000E-02   0.1942500000E+01
     7      0      8    807   1  -0.3660000000E-02   0.1653400000E+01
     8      0      8    808   1  -0.2320000000E-02   0.1814800000E+01
     9      0      8    809   1  -0.7460000000E-02   0.1373060000E+01
     0      1      8    810   1  -0.2840000000E-02  -0.1592840000E+01
     1      1      8    811   1  -0.1560000000E-02  -0.2290160000E+01
     2      1      8    812   1   0.1380000000E-02  -0.8014600000E+00
     3      1      8    813   1   0.1160000000E-02   0.1712400000E+00
     4      1      8    814   1   0.5480000000E-02   0.6763800000E+00
     5      1      8    815   1   0.3920000000E-02   0.1730060000E+01
     6      1      8    816   1   0.2660000000E-02   0.2573700000E+01
     7      1      8    817   1   0.1280000000E-02   0.2335740000E+01
     8      1      8    818   1   0.1120000000E-02   0.2068360000E+01
     9      1      8    819   1   0.2500000000E-02   0.1101100000E+01
     0      2      8    820   1  -0.4200000000E-03  -0.2601820000E+01
     1      2      8    821   1   0.1120000000E-02  -0.2821700000E+01
     2      2      8    822   1  -0.1800000000E-03  -0.1350620000E+01
     3      2      8    823   1   0.5200000000E-03   0.6391400000E+00
     4      2      8    824   1   0.1460000000E-02   0.1487720000E+01
     5      2      8    825   1  -0.1120000000E-02   0.1322700000E+01
     6      2      8    826   1   0.6400000000E-03   0.2546140000E+01
     7      2      8    827   1  -0.1540000000E-02   0.2813760000E+01
     8      2      8    828   1  -0.1620000000E-02   0.1837720000E+01
     9      2      8    829   1  -0.8800000000E-03  -0.4267400000E+00
     0      3      8    830   1  -0.2580000000E-02  -0.2670300000E+01
     1      3      8    831   1   0.1340000000E-02  -0.2609880000E+01
     2      3      8    832   1   0.1440000000E-02  -0.4442400000E+00
     3      3      8    833   1   0.3620000000E-02   0.1857520000E+01
     4      3      8    834   1  -0.1280000000E-02   0.2513100000E+01
     5      3      8    835   1  -0.1320000000E-02   0.2017120000E+01
     6      3      8    836   1   0.5000000000E-03   0.2465720000E+01
     7      3      8    837   1   0.4340000000E-02   0.2391120000E+01
     8      3      8    838   1   0.4260000000E-02   0.8633400000E+00
     9      3      8    839   1   0.3320000000E-02  -0.1281220000E+01
     0      4      8    840   1  -0.5060000000E-02  -0.2493240000E+01
     1      4      8    841   1   0.8600000000E-03  -0.1708660000E+01
     2      4      8    842   1   0.4780000000E-02   0.5722400000E+00
     3      4      8    843   1  -0.8800000000E-03   0.2196400000E+01
     4      4      8    844   1   0.2620000000E-02   0.2709240000E+01
     5      4      8    845   1   0.2600000000E-03   0.2458920000E+01
     6      4      8    846   1  -0.2180000000E-02   0.1751080000E+01
     7      4      8    847   1   0.2300000000E-02   0.9261800000E+00
     8      4      8    848   1  -0.5380000000E-02  -0.5261200000E+00
     9      4      8    849   1   0.2460000000E-02  -0.1939440000E+01
     0      5      8    850   1  -0.3740000000E-02  -0.1391700000E+01
     1      5      8    851   1  -0.5120000000E-02  -0.7746600000E+00
     2      5      8    852   1   0.1940000000E-02   0.3239000000E+00
     3      5      8    853   1   0.1180000000E-02   0.1517320000E+01
     4      5      8    854   1  -0.7800000000E-03   0.1985100000E+01
     5      5      8    855   1  -0.4000000000E-04   0.1371960000E+01
     6      5      8    856   1  -0.5500000000E-02   0.4676600000E+00
     7      5      8    857   1   0.1200000000E-02   0.7488000000E-01
     8      5      8    858   1  -0.4540000000E-02  -0.5776000000E+00
     9      5      8    859   1   0.3160000000E-02  -0.1747580000E+01
     0      6      8    860   1   0.1040000000E-02   0.8237800000E+00
     1      6      8    861   1   0.1160000000E-02   0.6970200000E+00
     2      6      8    862   1  -0.2000000000E-04  -0.2734000000E-01
     3      6      8    863   1   0.5000000000E-02   0.7112400000E+00
     4      6      8    864   1   0.3800000000E-03   0.6361400000E+00
     5      6      8    865   1  -0.2980000000E-02  -0.5708000000E+00
     6      6      8    866   1  -0.2360000000E-02  -0.6957200000E+00
     7      6      8    867   1   0.1620000000E-02   0.1162000000E-01
     8      6      8    868   1  -0.3100000000E-02   0.3726000000E+00
     9      6      8    869   1   0.8560000000E-02  -0.2951200000E+00
     0      7      8    870   1   0.7480000000E-02   0.1776660000E+01
     1      7      8    871   1   0.4840000000E-02   0.1311960000E+01
     2      7      8    872   1   0.4920000000E-02  -0.9248000000E+00
     3      7      8    873   1   0.2000000000E-04  -0.9900000000E+00
     4      7      8    874   1   0.1900000000E-02  -0.9614200000E+00
     5      7      8    875   1  -0.1400000000E-03  -0.1238260000E+01
     6      7      8    876   1   0.1900000000E-02  -0.4768000000E+00
     7      7      8    877   1  -0.1200000000E-03   0.5452600000E+00
     8      7      8    878   1   0.1640000000E-02   0.1199040000E+01
     9      7      8    879   1   0.3140000000E-02   0.8011800000E+00
     0      8      8    880   1  -0.6800000000E-02   0.1808200000E+01
     1      8      8    881   1  -0.5840000000E-02   0.1180500000E+01
     2      8      8    882   1   0.7200000000E-03  -0.1235340000E+01
     3      8      8    883   1  -0.8200000000E-03  -0.1783480000E+01
     4      8      8    884   1  -0.9600000000E-03  -0.1941840000E+01
     5      8      8    885   1   0.2760000000E-02  -0.1813320000E+01
     6      8      8    886   1  -0.5000000000E-03  -0.7144600000E+00
     7      8      8    887   1  -0.4060000000E-02   0.6466400000E+00
     8      8      8    888   1  -0.7600000000E-03   0.1116080000E+01
     9      8      8    889   1  -0.4420000000E-02   0.1275020000E+01
     0      9      8    890   1   0.4060000000E-02   0.3118600000E+00
     1      9      8    891   1   0.4780000000E-02  -0.3641600000E+00
     2      9      8    892   1  -0.1520000000E-02  -0.1766160000E+01
     3      9      8    893   1   0.4600000000E-03  -0.2164400000E+01
     4      9      8    894   1  -0.1160000000E-02  -0.1945820000E+01
     5      9      8    895   1   0.1600000000E-02  -0.9951400000E+00
     6      9      8    896   1   0.4600000000E-03  -0.2427400000E+00
     7      9      8    897   1   0.1300000000E-02   0.4822600000E+00
     8      9      8    898   1   0.6880000000E-02   0.7204200000E+00
     9      9      8    899   1   0.2240000000E-02   0.7940200000E+00
     0      0      9    900   1  -0.2200000000E-02  -0.5631200000E+00
     1      0      9    901   1  -0.4000000000E-04  -0.7944000000E-01
     2      0      9    902   1  -0.2480000000E-02   0.7609400000E+00
     3      0      9    903   1  -0.2660000000E-02   0.1085060000E+01
     4      0      9    904   1  -0.1200000000E-02   0.1574440000E+01
     5      0      9    905   1  -0.3080000000E-02   0.1724200000E+01
     6      0      9    906   1  -0.2380000000E-02   0.2069480000E+01
     7      0      9    907   1  -0.4480000000E-02   0.1515420000E+01
     8      0      9    908   1  -0.1028000000E-01   0.1226280000E+01
     9      0      9    909   1  -0.5040000000E-02   0.2014600000E+00
     0      1      9    910   1  -0.2900000000E-02  -0.1778540000E+01
     1      1      9    911   1   0.1600000000E-02  -0.1435840000E+01
     2      1      9    912   1   0.3600000000E-03   0.2884600000E+00
     3      1      9    913   1   0.7600000000E-03   0.2123620000E+01
     4      1      9    914   1   0.1260000000E-02   0.2865000000E+01
     5      1      9    915   1   0.1800000000E-02   0.2927040000E+01
     6      1      9    916   1   0.2380000000E-02   0.2957420000E+01
     7      1      9    917   1   0.2500000000E-02   0.2762240000E+01
     8      1      9    918   1   0.2200000000E-02   0.2180460000E+01
     9      1      9    919   1  -0.2480000000E-02   0.3701400000E+00
     0      2      9    920   1  -0.3180000000E-02  -0.2969040000E+01
     1      2      9    921   1   0.3100000000E-02  -0.2232660000E+01
     2      2      9    922   1  -0.1900000000E-02   0.5733000000E+00
     3      2      9    923   1  -0.3460000000E-02   0.2544520000E+01
     4      2      9    924   1  -0.6800000000E-03   0.3064920000E+01
     5      2      9    925   1  -0.2640000000E-02   0.3128500000E+01
     6      2      9    926   1  -0.2140000000E-02   0.3106680000E+01
     7      2      9    927   1  -0.1940000000E-02   0.2801640000E+01
     8      2      9    928   1  -0.1080000000E-02   0.1509880000E+01
     9      2      9    929   1   0.1200000000E-02  -0.1177360000E+01
     0      3      9    930   1  -0.8000000000E-03  -0.3220380000E+01
     1      3      9    931   1   0.3260000000E-02  -0.2499300000E+01
     2      3      9    932   1  -0.2940000000E-02   0.4866200000E+00
     3      3      9    933   1   0.5800000000E-03   0.2416120000E+01
     4      3      9    934   1  -0.1560000000E-02   0.2893520000E+01
     5      3      9    935   1   0.3600000000E-03   0.2803020000E+01
     6      3      9    936   1   0.7600000000E-03   0.2408600000E+01
     7      3      9    937   1   0.1080000000E-02   0.1903420000E+01
     8      3      9    938   1   0.5400000000E-03  -0.3814400000E+00
     9      3      9    939   1   0.1340000000E-02  -0.2530780000E+01
     0      4      9    940   1  -0.2000000000E-03  -0.2988480000E+01
     1      4      9    941   1  -0.1740000000E-02  -0.2385040000E+01
     2      4      9    942   1  -0.1320000000E-02  -0.2234000000E-01
     3      4      9    943   1  -0.2480000000E-02   0.1762460000E+01
     4      4      9    944   1  -0.2180000000E-02   0.2128380000E+01
     5      4      9    945   1   0.3400000000E-03   0.1760520000E+01
     6      4      9    946   1   0.4200000000E-03   0.1135360000E+01
     7      4      9    947   1   0.1260000000E-02   0.5226400000E+00
     8      4      9    948   1  -0.2980000000E-02  -0.1481940000E+01
     9      4      9    949   1   0.7600000000E-03  -0.2641280000E+01
     0      5      9    950   1  -0.2740000000E-02  -0.1657340000E+01
     1      5      9    951   1   0.1740000000E-02  -0.1242900000E+01
     2      5      9    952   1   0.3100000000E-02   0.5475600000E+00
     3      5      9    953   1   0.1740000000E-02   0.1615240000E+01
     4      5      9    954   1  -0.1960000000E-02   0.1590960000E+01
     5      5      9    955   1   0.2920000000E-02   0.1600960000E+01
     6      5      9    956   1   0.4640000000E-02   0.1081540000E+01
     7      5      9    957   1   0.1200000000E-03  -0.1038800000E+00
     8      5      9    958   1  -0.3500000000E-02  -0.1096200000E+01
     9      5      9    959   1   0.5680000000E-02  -0.1633460000E+01
     0      6      9    960   1  -0.4000000000E-03   0.1536860000E+01
     1      6      9    961   1  -0.1200000000E-03   0.1289400000E+01
     2      6      9    962   1  -0.3120000000E-02   0.8575200000E+00
     3      6      9    963   1  -0.4200000000E-03   0.8558200000E+00
     4      6      9    964   1  -0.8400000000E-03   0.7965400000E+00
     5      6      9    965   1  -0.3140000000E-02   0.6479000000E+00
     6      6      9    966   1  -0.4080000000E-02  -0.6592000000E-01
     7      6      9    967   1   0.4240000000E-02  -0.5105800000E+00
     8      6      9    968   1  -0.2580000000E-02   0.9874000000E-01
     9      6      9    969   1  -0.3260000000E-02   0.8082400000E+00
     0      7      9    970   1   0.5260000000E-02   0.1971940000E+01
     1      7      9    971   1  -0.3400000000E-03   0.1968420000E+01
     2      7      9    972   1  -0.1120000000E-02   0.7583400000E+00
     3      7      9    973   1  -0.9600000000E-03   0.4764000000E-01
     4      7      9    974   1  -0.3140000000E-02   0.6904000000E-01
     5      7      9    975   1  -0.5400000000E-03  -0.4986000000E+00
     6      7      9    976   1   0.1860000000E-02  -0.1081980000E+01
     7      7      9    977   1   0.4280000000E-02  -0.2542000000E+00
     8      7      9    978   1  -0.3000000000E-03   0.5203600000E+00
     9      7      9    979   1   0.7340000000E-02   0.1029560000E+01
     0      8      9    980   1  -0.7140000000E-02   0.1934020000E+01
     1      8      9    981   1  -0.5000000000E-02   0.1461920000E+01
     2      8      9    982   1  -0.4120000000E-02   0.2385600000E+00
     3      8      9    983   1   0.8000000000E-03  -0.4916000000E+00
     4      8      9    984   1  -0.3460000000E-02  -0.7355600000E+00
     5      8      9    985   1   0.2140000000E-02  -0.1148900000E+01
     6      8      9    986   1   0.4520000000E-02  -0.7813800000E+00
     7      8      9    987   1  -0.5600000000E-02  -0.2671400000E+00
     8      8      9    988   1   0.1720000000E-02  -0.1064800000E+00
     9      8      9    989   1  -0.3060000000E-02   0.5512200000E+00
     0      9      9    990   1   0.1170000000E-01   0.1382440000E+01
     1      9      9    991   1   0.8640000000E-02   0.9824200000E+00
     2      9      9    992   1   0.1600000000E-03   0.1568200000E+00
     3      9      9    993   1   0.1060000000E-02  -0.8246200000E+00
     4      9      9    994   1  -0.4000000000E-04  -0.1148300000E+01
     5      9      9    995   1   0.5300000000E-02  -0.1078120000E+01
     6      9      9    996   1   0.3780000000E-02   0.2670000000E-01
     7      9      9    997   1  -0.2740000000E-02  -0.1871800000E+00
     8      9      9    998   1   0.9080000000E-02   0.1101200000E+00
     9      9      9    999   1   0.1006000000E-01   0.5000400000E+00
