# Temperature =   0.8000000000000000E+01
# disorder configuration = 1
# stripe magnitudes =   0.4141017999999488E-01   0.5634109399999903E+00
# expected mean locnem =   0.1262868337216162E+01
# measured mean locnem =   0.1547635760000000E+01
# ix iy iz isite occu <s(isite)> <locnem(isite)>
     0      0      0      0   1   0.1978000000E-01   0.3496340000E+01
     1      0      0      1   1   0.1786000000E-01   0.3543380000E+01
     2      0      0      2   1   0.1954000000E-01   0.3473640000E+01
     3      0      0      3   1   0.1866000000E-01   0.3398000000E+01
     4      0      0      4   1   0.1794000000E-01   0.3118120000E+01
     5      0      0      5   1   0.1740000000E-01   0.2984840000E+01
     6      0      0      6   1   0.1654000000E-01   0.2728860000E+01
     7      0      0      7   1   0.1724000000E-01   0.2554040000E+01
     8      0      0      8   1   0.1836000000E-01   0.2752340000E+01
     9      0      0      9   1   0.1924000000E-01   0.2887240000E+01
     0      1      0     10   1  -0.1848000000E-01   0.3721560000E+01
     1      1      0     11   1  -0.1766000000E-01   0.3604400000E+01
     2      1      0     12   1  -0.1750000000E-01   0.3526460000E+01
     3      1      0     13   1  -0.2018000000E-01   0.3561700000E+01
     4      1      0     14   1  -0.1918000000E-01   0.3490520000E+01
     5      1      0     15   1  -0.1952000000E-01   0.3614220000E+01
     6      1      0     16   1  -0.2026000000E-01   0.3700960000E+01
     7      1      0     17   1  -0.1942000000E-01   0.3763720000E+01
     8      1      0     18   1  -0.1942000000E-01   0.3741480000E+01
     9      1      0     19   1  -0.1860000000E-01   0.3689500000E+01
     0      2      0     20   1   0.2028000000E-01   0.3725680000E+01
     1      2      0     21   1   0.1968000000E-01   0.3606640000E+01
     2      2      0     22   1   0.1960000000E-01   0.3694480000E+01
     3      2      0     23   1   0.1912000000E-01   0.3758840000E+01
     4      2      0     24   1   0.2072000000E-01   0.3639960000E+01
     5      2      0     25   1   0.1866000000E-01   0.3635160000E+01
     6      2      0     26   1   0.1920000000E-01   0.3793320000E+01
     7      2      0     27   1   0.1928000000E-01   0.3867700000E+01
     8      2      0     28   1   0.1986000000E-01   0.3864360000E+01
     9      2      0     29   1   0.2000000000E-01   0.3828540000E+01
     0      3      0     30   1  -0.2052000000E-01   0.3666020000E+01
     1      3      0     31   1  -0.1642000000E-01   0.3603480000E+01
     2      3      0     32   1  -0.1850000000E-01   0.3755040000E+01
     3      3      0     33   1  -0.1906000000E-01   0.3774800000E+01
     4      3      0     34   1  -0.1844000000E-01   0.3665520000E+01
     5      3      0     35   1  -0.1928000000E-01   0.3581480000E+01
     6      3      0     36   1  -0.1928000000E-01   0.3719540000E+01
     7      3      0     37   1  -0.1886000000E-01   0.3819120000E+01
     8      3      0     38   1  -0.1942000000E-01   0.3855760000E+01
     9      3      0     39   1  -0.1952000000E-01   0.3816840000E+01
     0      4      0     40   1   0.1848000000E-01   0.3666460000E+01
     1      4      0     41   1   0.1822000000E-01   0.3600100000E+01
     2      4      0     42   1   0.1780000000E-01   0.3570580000E+01
     3      4      0     43   1   0.1606000000E-01   0.3360240000E+01
     4      4      0     44   1   0.1314000000E-01   0.2739820000E+01
     5      4      0     45   1   0.1518000000E-01   0.2831240000E+01
     6      4      0     46   1   0.1828000000E-01   0.3305800000E+01
     7      4      0     47   1   0.1822000000E-01   0.3536900000E+01
     8      4      0     48   1   0.2024000000E-01   0.3692800000E+01
     9      4      0     49   1   0.1882000000E-01   0.3754380000E+01
     0      5      0     50   1  -0.1674000000E-01   0.3389420000E+01
     1      5      0     51   1  -0.1624000000E-01   0.3256340000E+01
     2      5      0     52   1  -0.1512000000E-01   0.3063120000E+01
     3      5      0     53   1  -0.1608000000E-01   0.2365280000E+01
     4      5      0     54   1  -0.3780000000E-02   0.4961400000E+00
     5      5      0     55   1  -0.4900000000E-02   0.5403600000E+00
     6      5      0     56   1  -0.1720000000E-01   0.1804500000E+01
     7      5      0     57   1  -0.1208000000E-01   0.2307780000E+01
     8      5      0     58   1  -0.1734000000E-01   0.2700300000E+01
     9      5      0     59   1  -0.1814000000E-01   0.3134480000E+01
     0      6      0     60   1   0.1648000000E-01   0.2575880000E+01
     1      6      0     61   1   0.1622000000E-01   0.3037860000E+01
     2      6      0     62   1   0.1644000000E-01   0.2680200000E+01
     3      6      0     63   1   0.9440000000E-02   0.1845660000E+01
     4      6      0     64   1   0.7060000000E-02  -0.6028000000E-01
     5      6      0     65   1   0.9200000000E-03  -0.1324600000E+01
     6      6      0     66   1   0.4120000000E-02  -0.1032640000E+01
     7      6      0     67   1   0.7020000000E-02  -0.7285800000E+00
     8      6      0     68   1   0.7600000000E-02  -0.1483800000E+00
     9      6      0     69   1   0.5540000000E-02   0.8680000000E+00
     0      7      0     70   1  -0.1270000000E-01   0.1555840000E+01
     1      7      0     71   1  -0.1422000000E-01   0.2738420000E+01
     2      7      0     72   1  -0.1266000000E-01   0.2214320000E+01
     3      7      0     73   1  -0.7720000000E-02   0.1085700000E+01
     4      7      0     74   1  -0.3220000000E-02   0.4996000000E-01
     5      7      0     75   1   0.5200000000E-03  -0.1148060000E+01
     6      7      0     76   1   0.5400000000E-03  -0.1603860000E+01
     7      7      0     77   1  -0.9000000000E-03  -0.2158780000E+01
     8      7      0     78   1  -0.1040000000E-02  -0.2125840000E+01
     9      7      0     79   1  -0.2340000000E-02  -0.1229360000E+01
     0      8      0     80   1   0.1360000000E-01   0.2098020000E+01
     1      8      0     81   1   0.1676000000E-01   0.2917440000E+01
     2      8      0     82   1   0.1726000000E-01   0.1962500000E+01
     3      8      0     83   1   0.7060000000E-02   0.6216600000E+00
     4      8      0     84   1  -0.1660000000E-02   0.1387000000E+00
     5      8      0     85   1   0.8500000000E-02  -0.6294000000E-01
     6      8      0     86   1  -0.6400000000E-03  -0.9411800000E+00
     7      8      0     87   1   0.1980000000E-02  -0.2303540000E+01
     8      8      0     88   1  -0.7040000000E-02  -0.2243420000E+01
     9      8      0     89   1   0.8400000000E-03  -0.1086240000E+01
     0      9      0     90   1  -0.1856000000E-01   0.2937280000E+01
     1      9      0     91   1  -0.1776000000E-01   0.3431320000E+01
     2      9      0     92   1  -0.1566000000E-01   0.3115980000E+01
     3      9      0     93   1  -0.1738000000E-01   0.2266300000E+01
     4      9      0     94   1  -0.1804000000E-01   0.1353140000E+01
     5      9      0     95   1  -0.5440000000E-02   0.1072980000E+01
     6      9      0     96   1  -0.6920000000E-02   0.2023800000E+00
     7      9      0     97   1  -0.1560000000E-02  -0.9888600000E+00
     8      9      0     98   1  -0.2720000000E-02  -0.4589000000E+00
     9      9      0     99   1  -0.9340000000E-02   0.6734800000E+00
     0      0      1    100   1   0.1314000000E-01   0.2546580000E+01
     1      0      1    101   1   0.1650000000E-01   0.3039640000E+01
     2      0      1    102   1   0.1656000000E-01   0.2867720000E+01
     3      0      1    103   1   0.1556000000E-01   0.1801620000E+01
     4      0      1    104   1   0.1536000000E-01   0.1719400000E+01
     5      0      1    105   1   0.1448000000E-01   0.1341020000E+01
     6      0      1    106   1   0.8520000000E-02   0.8595800000E+00
     7      0      1    107   1   0.1610000000E-01   0.2000900000E+01
     8      0      1    108   1   0.1748000000E-01   0.2230380000E+01
     9      0      1    109   1   0.1768000000E-01   0.2549140000E+01
     0      1      1    110   1  -0.1270000000E-01   0.2549720000E+01
     1      1      1    111   1  -0.1432000000E-01   0.2953220000E+01
     2      1      1    112   1  -0.1854000000E-01   0.3349400000E+01
     3      1      1    113   1  -0.1668000000E-01   0.3343920000E+01
     4      1      1    114   1  -0.1894000000E-01   0.3371920000E+01
     5      1      1    115   1  -0.2026000000E-01   0.3218040000E+01
     6      1      1    116   1  -0.1864000000E-01   0.3160100000E+01
     7      1      1    117   1  -0.1806000000E-01   0.3475900000E+01
     8      1      1    118   1  -0.1680000000E-01   0.3372600000E+01
     9      1      1    119   1  -0.1734000000E-01   0.3173460000E+01
     0      2      1    120   1   0.1508000000E-01   0.3072900000E+01
     1      2      1    121   1   0.1664000000E-01   0.3432600000E+01
     2      2      1    122   1   0.1916000000E-01   0.3688340000E+01
     3      2      1    123   1   0.1924000000E-01   0.3713580000E+01
     4      2      1    124   1   0.1854000000E-01   0.3664720000E+01
     5      2      1    125   1   0.1982000000E-01   0.3464640000E+01
     6      2      1    126   1   0.2010000000E-01   0.3614660000E+01
     7      2      1    127   1   0.1996000000E-01   0.3707520000E+01
     8      2      1    128   1   0.2036000000E-01   0.3681660000E+01
     9      2      1    129   1   0.1820000000E-01   0.3590620000E+01
     0      3      1    130   1  -0.1552000000E-01   0.2850840000E+01
     1      3      1    131   1  -0.1752000000E-01   0.3301700000E+01
     2      3      1    132   1  -0.1968000000E-01   0.3628700000E+01
     3      3      1    133   1  -0.2036000000E-01   0.3596440000E+01
     4      3      1    134   1  -0.2148000000E-01   0.3416900000E+01
     5      3      1    135   1  -0.1910000000E-01   0.3094540000E+01
     6      3      1    136   1  -0.1536000000E-01   0.3089680000E+01
     7      3      1    137   1  -0.1976000000E-01   0.3200760000E+01
     8      3      1    138   1  -0.2026000000E-01   0.3652640000E+01
     9      3      1    139   1  -0.1784000000E-01   0.3522380000E+01
     0      4      1    140   1   0.1504000000E-01   0.2642420000E+01
     1      4      1    141   1   0.1418000000E-01   0.2714700000E+01
     2      4      1    142   1   0.1818000000E-01   0.2986660000E+01
     3      4      1    143   1   0.1604000000E-01   0.2586440000E+01
     4      4      1    144   1   0.1050000000E-01   0.1897700000E+01
     5      4      1    145   1   0.1772000000E-01   0.1570360000E+01
     6      4      1    146   1   0.1416000000E-01   0.1196080000E+01
     7      4      1    147   1   0.7180000000E-02   0.1521140000E+01
     8      4      1    148   1   0.1576000000E-01   0.3038740000E+01
     9      4      1    149   1   0.1656000000E-01   0.3360320000E+01
     0      5      1    150   1  -0.1084000000E-01   0.2432600000E+01
     1      5      1    151   1  -0.1096000000E-01   0.1858020000E+01
     2      5      1    152   1  -0.1488000000E-01   0.2028500000E+01
     3      5      1    153   1  -0.5760000000E-02   0.6462600000E+00
     4      5      1    154   1  -0.7580000000E-02  -0.7872000000E+00
     5      5      1    155   1   0.3720000000E-02  -0.1002220000E+01
     6      5      1    156   1  -0.4140000000E-02  -0.4066200000E+00
     7      5      1    157   1  -0.1174000000E-01   0.9374200000E+00
     8      5      1    158   1  -0.1818000000E-01   0.2711260000E+01
     9      5      1    159   1  -0.1560000000E-01   0.3103420000E+01
     0      6      1    160   1   0.6600000000E-02   0.1258000000E+01
     1      6      1    161   1   0.5720000000E-02   0.2828000000E-01
     2      6      1    162   1   0.7040000000E-02   0.8261800000E+00
     3      6      1    163   1   0.2000000000E-03  -0.2386600000E+00
     4      6      1    164   1  -0.4260000000E-02  -0.1247760000E+01
     5      6      1    165   1   0.1540000000E-02  -0.1309460000E+01
     6      6      1    166   1   0.2200000000E-02  -0.5405600000E+00
     7      6      1    167   1   0.2920000000E-02   0.4878600000E+00
     8      6      1    168   1   0.1356000000E-01   0.1320780000E+01
     9      6      1    169   1   0.1128000000E-01   0.1742480000E+01
     0      7      1    170   1  -0.8080000000E-02   0.7874200000E+00
     1      7      1    171   1  -0.1520000000E-02  -0.5100400000E+00
     2      7      1    172   1  -0.6340000000E-02  -0.3551600000E+00
     3      7      1    173   1  -0.3600000000E-03  -0.1443000000E+01
     4      7      1    174   1  -0.8000000000E-04  -0.2013740000E+01
     5      7      1    175   1  -0.4680000000E-02  -0.1619760000E+01
     6      7      1    176   1  -0.3000000000E-02  -0.8834000000E+00
     7      7      1    177   1  -0.1040000000E-02  -0.2910400000E+00
     8      7      1    178   1  -0.3120000000E-02  -0.9934400000E+00
     9      7      1    179   1  -0.2760000000E-02  -0.5383800000E+00
     0      8      1    180   1   0.1110000000E-01   0.9019000000E+00
     1      8      1    181   1   0.1014000000E-01  -0.1054800000E+00
     2      8      1    182   1   0.4320000000E-02  -0.7541800000E+00
     3      8      1    183   1  -0.7000000000E-03  -0.2018020000E+01
     4      8      1    184   1  -0.8000000000E-04  -0.2571860000E+01
     5      8      1    185   1   0.2380000000E-02  -0.2228400000E+01
     6      8      1    186   1  -0.8000000000E-04  -0.1777900000E+01
     7      8      1    187   1   0.5640000000E-02  -0.1562960000E+01
     8      8      1    188   1  -0.3400000000E-02  -0.1694460000E+01
     9      8      1    189   1   0.1820000000E-02  -0.8605600000E+00
     0      9      1    190   1  -0.1670000000E-01   0.2498440000E+01
     1      9      1    191   1  -0.2014000000E-01   0.2452860000E+01
     2      9      1    192   1  -0.1580000000E-01   0.1206000000E+01
     3      9      1    193   1  -0.1420000000E-02  -0.1223960000E+01
     4      9      1    194   1  -0.4600000000E-03  -0.1886100000E+01
     5      9      1    195   1   0.1440000000E-02  -0.1750440000E+01
     6      9      1    196   1  -0.1000000000E-02  -0.1730280000E+01
     7      9      1    197   1  -0.2720000000E-02  -0.1175460000E+01
     8      9      1    198   1   0.4080000000E-02  -0.7081000000E+00
     9      9      1    199   1  -0.1102000000E-01   0.9202800000E+00
     0      0      2    200   1   0.1772000000E-01   0.3391960000E+01
     1      0      2    201   1   0.1994000000E-01   0.3507240000E+01
     2      0      2    202   1   0.1648000000E-01   0.2753440000E+01
     3      0      2    203   1   0.1014000000E-01   0.1335260000E+01
     4      0      2    204   1   0.9220000000E-02   0.4307400000E+00
     5      0      2    205   1   0.2152000000E-01   0.1831960000E+01
     6      0      2    206   1   0.1556000000E-01   0.1826280000E+01
     7      0      2    207   1   0.1298000000E-01   0.1773660000E+01
     8      0      2    208   1   0.1298000000E-01   0.1635180000E+01
     9      0      2    209   1   0.1700000000E-01   0.2242400000E+01
     0      1      2    210   1  -0.1870000000E-01   0.3651020000E+01
     1      1      2    211   1  -0.1806000000E-01   0.3512600000E+01
     2      1      2    212   1  -0.1340000000E-01   0.2747480000E+01
     3      1      2    213   1  -0.1252000000E-01   0.1982940000E+01
     4      1      2    214   1  -0.1444000000E-01   0.1745900000E+01
     5      1      2    215   1  -0.1678000000E-01   0.2532440000E+01
     6      1      2    216   1  -0.1522000000E-01   0.2928120000E+01
     7      1      2    217   1  -0.1470000000E-01   0.2963240000E+01
     8      1      2    218   1  -0.1722000000E-01   0.3037740000E+01
     9      1      2    219   1  -0.1944000000E-01   0.3387020000E+01
     0      2      2    220   1   0.1764000000E-01   0.3578640000E+01
     1      2      2    221   1   0.1976000000E-01   0.3618560000E+01
     2      2      2    222   1   0.1946000000E-01   0.3360160000E+01
     3      2      2    223   1   0.1520000000E-01   0.2895380000E+01
     4      2      2    224   1   0.1566000000E-01   0.2409060000E+01
     5      2      2    225   1   0.1214000000E-01   0.1876360000E+01
     6      2      2    226   1   0.1348000000E-01   0.2026320000E+01
     7      2      2    227   1   0.1562000000E-01   0.2737960000E+01
     8      2      2    228   1   0.1826000000E-01   0.2995480000E+01
     9      2      2    229   1   0.1622000000E-01   0.3457880000E+01
     0      3      2    230   1  -0.1672000000E-01   0.3427260000E+01
     1      3      2    231   1  -0.2048000000E-01   0.3454040000E+01
     2      3      2    232   1  -0.1736000000E-01   0.3302020000E+01
     3      3      2    233   1  -0.1822000000E-01   0.2623220000E+01
     4      3      2    234   1  -0.1504000000E-01   0.1815500000E+01
     5      3      2    235   1  -0.7280000000E-02   0.6741400000E+00
     6      3      2    236   1  -0.5900000000E-02   0.4043800000E+00
     7      3      2    237   1  -0.1544000000E-01   0.2165180000E+01
     8      3      2    238   1  -0.1990000000E-01   0.3194780000E+01
     9      3      2    239   1  -0.1894000000E-01   0.3530360000E+01
     0      4      2    240   1   0.1876000000E-01   0.3497140000E+01
     1      4      2    241   1   0.1816000000E-01   0.3356560000E+01
     2      4      2    242   1   0.1746000000E-01   0.2924660000E+01
     3      4      2    243   1   0.8500000000E-02   0.1773020000E+01
     4      4      2    244   1   0.5420000000E-02   0.3572200000E+00
     5      4      2    245   1   0.4860000000E-02  -0.6671200000E+00
     6      4      2    246   1   0.1340000000E-02  -0.8777800000E+00
     7      4      2    247   1   0.6680000000E-02   0.1225740000E+01
     8      4      2    248   1   0.1550000000E-01   0.2953060000E+01
     9      4      2    249   1   0.1848000000E-01   0.3565300000E+01
     0      5      2    250   1  -0.1650000000E-01   0.3473340000E+01
     1      5      2    251   1  -0.1670000000E-01   0.3171860000E+01
     2      5      2    252   1  -0.1020000000E-01   0.2304500000E+01
     3      5      2    253   1  -0.8760000000E-02   0.3027400000E+00
     4      5      2    254   1  -0.2180000000E-02  -0.1323960000E+01
     5      5      2    255   1  -0.4000000000E-03  -0.1526040000E+01
     6      5      2    256   1  -0.4180000000E-02  -0.5963000000E+00
     7      5      2    257   1  -0.1438000000E-01   0.1334820000E+01
     8      5      2    258   1  -0.1792000000E-01   0.2538300000E+01
     9      5      2    259   1  -0.1674000000E-01   0.3310740000E+01
     0      6      2    260   1   0.1398000000E-01   0.2932820000E+01
     1      6      2    261   1   0.1284000000E-01   0.2439000000E+01
     2      6      2    262   1   0.9020000000E-02   0.1547800000E+01
     3      6      2    263   1   0.2420000000E-02  -0.6510400000E+00
     4      6      2    264   1  -0.2780000000E-02  -0.1413720000E+01
     5      6      2    265   1  -0.5800000000E-03  -0.6598800000E+00
     6      6      2    266   1   0.5000000000E-03   0.4871200000E+00
     7      6      2    267   1   0.4040000000E-02   0.1317920000E+01
     8      6      2    268   1   0.1048000000E-01   0.1053780000E+01
     9      6      2    269   1   0.1468000000E-01   0.2394020000E+01
     0      7      2    270   1  -0.1640000000E-01   0.2316560000E+01
     1      7      2    271   1  -0.6940000000E-02   0.1362340000E+01
     2      7      2    272   1  -0.5140000000E-02   0.6270000000E+00
     3      7      2    273   1   0.2400000000E-03  -0.6568000000E+00
     4      7      2    274   1  -0.4200000000E-03  -0.8818400000E+00
     5      7      2    275   1  -0.3600000000E-03  -0.8094000000E-01
     6      7      2    276   1  -0.8440000000E-02   0.1706800000E+00
     7      7      2    277   1  -0.2440000000E-02  -0.1217200000E+00
     8      7      2    278   1  -0.4140000000E-02  -0.9177200000E+00
     9      7      2    279   1  -0.9740000000E-02   0.9750600000E+00
     0      8      2    280   1   0.1402000000E-01   0.2265160000E+01
     1      8      2    281   1   0.8000000000E-02   0.1502780000E+01
     2      8      2    282   1   0.5560000000E-02   0.2837600000E+00
     3      8      2    283   1   0.8600000000E-03  -0.7927800000E+00
     4      8      2    284   1   0.3260000000E-02  -0.1294780000E+01
     5      8      2    285   1   0.3940000000E-02  -0.1090440000E+01
     6      8      2    286   1   0.4200000000E-03  -0.1189880000E+01
     7      8      2    287   1   0.6980000000E-02  -0.1280980000E+01
     8      8      2    288   1  -0.2260000000E-02  -0.1084260000E+01
     9      8      2    289   1   0.1024000000E-01   0.2879200000E+00
     0      9      2    290   1  -0.1908000000E-01   0.2734580000E+01
     1      9      2    291   1  -0.1614000000E-01   0.2972700000E+01
     2      9      2    292   1  -0.1420000000E-01   0.1859980000E+01
     3      9      2    293   1  -0.9120000000E-02  -0.5856000000E-01
     4      9      2    294   1   0.2280000000E-02  -0.1383840000E+01
     5      9      2    295   1  -0.2560000000E-02  -0.5724200000E+00
     6      9      2    296   1  -0.7160000000E-02  -0.7866800000E+00
     7      9      2    297   1   0.5800000000E-03  -0.8521000000E+00
     8      9      2    298   1  -0.6600000000E-03  -0.9400000000E+00
     9      9      2    299   1  -0.5020000000E-02   0.2092600000E+00
     0      0      3    300   1   0.1818000000E-01   0.3098140000E+01
     1      0      3    301   1   0.1750000000E-01   0.2730040000E+01
     2      0      3    302   1   0.8200000000E-02   0.9519200000E+00
     3      0      3    303   1   0.1464000000E-01   0.1341580000E+01
     4      0      3    304   1   0.1274000000E-01   0.2352280000E+01
     5      0      3    305   1   0.1774000000E-01   0.2403420000E+01
     6      0      3    306   1   0.1348000000E-01   0.2200460000E+01
     7      0      3    307   1   0.1596000000E-01   0.2038260000E+01
     8      0      3    308   1   0.1702000000E-01   0.2100020000E+01
     9      0      3    309   1   0.1620000000E-01   0.2781060000E+01
     0      1      3    310   1  -0.1608000000E-01   0.3402820000E+01
     1      1      3    311   1  -0.1626000000E-01   0.2975860000E+01
     2      1      3    312   1  -0.1100000000E-01   0.1107580000E+01
     3      1      3    313   1  -0.3540000000E-02   0.1030700000E+01
     4      1      3    314   1  -0.1714000000E-01   0.2281060000E+01
     5      1      3    315   1  -0.1502000000E-01   0.2581620000E+01
     6      1      3    316   1  -0.1448000000E-01   0.2191920000E+01
     7      1      3    317   1  -0.1342000000E-01   0.2105780000E+01
     8      1      3    318   1  -0.1416000000E-01   0.2493660000E+01
     9      1      3    319   1  -0.1648000000E-01   0.3077700000E+01
     0      2      3    320   1   0.1954000000E-01   0.3333660000E+01
     1      2      3    321   1   0.1876000000E-01   0.3383920000E+01
     2      2      3    322   1   0.1618000000E-01   0.2402520000E+01
     3      2      3    323   1   0.1456000000E-01   0.1578740000E+01
     4      2      3    324   1   0.9600000000E-02   0.1254760000E+01
     5      2      3    325   1   0.7580000000E-02   0.4933800000E+00
     6      2      3    326   1   0.1280000000E-02  -0.8528600000E+00
     7      2      3    327   1  -0.1400000000E-03  -0.3056800000E+00
     8      2      3    328   1   0.1518000000E-01   0.1192440000E+01
     9      2      3    329   1   0.1718000000E-01   0.2503820000E+01
     0      3      3    330   1  -0.1632000000E-01   0.3152660000E+01
     1      3      3    331   1  -0.1818000000E-01   0.3218300000E+01
     2      3      3    332   1  -0.1380000000E-01   0.2628120000E+01
     3      3      3    333   1  -0.1330000000E-01   0.1630800000E+01
     4      3      3    334   1  -0.7680000000E-02  -0.1338600000E+00
     5      3      3    335   1   0.3240000000E-02  -0.1011820000E+01
     6      3      3    336   1   0.1100000000E-02  -0.1474700000E+01
     7      3      3    337   1  -0.4120000000E-02   0.1440000000E-01
     8      3      3    338   1  -0.1588000000E-01   0.1687700000E+01
     9      3      3    339   1  -0.1510000000E-01   0.2530640000E+01
     0      4      3    340   1   0.1576000000E-01   0.3004540000E+01
     1      4      3    341   1   0.1622000000E-01   0.3029420000E+01
     2      4      3    342   1   0.1818000000E-01   0.2542940000E+01
     3      4      3    343   1   0.8880000000E-02   0.1239780000E+01
     4      4      3    344   1  -0.4560000000E-02  -0.1039400000E+01
     5      4      3    345   1   0.2660000000E-02  -0.1626280000E+01
     6      4      3    346   1   0.1140000000E-02  -0.9025400000E+00
     7      4      3    347   1   0.6360000000E-02   0.2535800000E+00
     8      4      3    348   1   0.1046000000E-01   0.1807240000E+01
     9      4      3    349   1   0.1318000000E-01   0.2627260000E+01
     0      5      3    350   1  -0.1370000000E-01   0.2569440000E+01
     1      5      3    351   1  -0.1710000000E-01   0.2702780000E+01
     2      5      3    352   1  -0.1188000000E-01   0.2303840000E+01
     3      5      3    353   1  -0.5300000000E-02   0.7189000000E+00
     4      5      3    354   1  -0.5940000000E-02  -0.1059300000E+01
     5      5      3    355   1   0.4260000000E-02  -0.1475880000E+01
     6      5      3    356   1  -0.3820000000E-02  -0.3969800000E+00
     7      5      3    357   1  -0.2700000000E-02   0.2060600000E+00
     8      5      3    358   1  -0.8940000000E-02   0.1342740000E+01
     9      5      3    359   1  -0.1058000000E-01   0.1983740000E+01
     0      6      3    360   1   0.1396000000E-01   0.2459160000E+01
     1      6      3    361   1   0.1146000000E-01   0.2329820000E+01
     2      6      3    362   1   0.1074000000E-01   0.1830880000E+01
     3      6      3    363   1   0.1016000000E-01   0.1857000000E+00
     4      6      3    364   1  -0.6420000000E-02  -0.1011520000E+01
     5      6      3    365   1   0.8600000000E-03  -0.1239400000E+01
     6      6      3    366   1  -0.2480000000E-02  -0.4740600000E+00
     7      6      3    367   1  -0.6200000000E-03  -0.3211200000E+00
     8      6      3    368   1   0.6280000000E-02   0.3220200000E+00
     9      6      3    369   1   0.9360000000E-02   0.1537080000E+01
     0      7      3    370   1  -0.1116000000E-01   0.2105040000E+01
     1      7      3    371   1  -0.8260000000E-02   0.1792360000E+01
     2      7      3    372   1  -0.5580000000E-02   0.9686800000E+00
     3      7      3    373   1  -0.2400000000E-03  -0.6265800000E+00
     4      7      3    374   1  -0.8400000000E-03  -0.1359240000E+01
     5      7      3    375   1   0.1480000000E-02  -0.1246580000E+01
     6      7      3    376   1  -0.8880000000E-02  -0.5002400000E+00
     7      7      3    377   1  -0.2500000000E-02  -0.4615800000E+00
     8      7      3    378   1   0.1020000000E-02  -0.1004480000E+01
     9      7      3    379   1  -0.8540000000E-02   0.5741800000E+00
     0      8      3    380   1   0.1080000000E-01   0.2004640000E+01
     1      8      3    381   1   0.1376000000E-01   0.2028620000E+01
     2      8      3    382   1   0.2840000000E-02   0.5486800000E+00
     3      8      3    383   1   0.5600000000E-02  -0.9168800000E+00
     4      8      3    384   1  -0.1140000000E-02  -0.1156160000E+01
     5      8      3    385   1  -0.1560000000E-02  -0.1036140000E+01
     6      8      3    386   1   0.4200000000E-03  -0.8379800000E+00
     7      8      3    387   1   0.2780000000E-02  -0.8647800000E+00
     8      8      3    388   1   0.3320000000E-02  -0.1458900000E+01
     9      8      3    389   1   0.9040000000E-02   0.1792000000E-01
     0      9      3    390   1  -0.1724000000E-01   0.2501200000E+01
     1      9      3    391   1  -0.1792000000E-01   0.2668520000E+01
     2      9      3    392   1  -0.1206000000E-01   0.1282220000E+01
     3      9      3    393   1  -0.6180000000E-02   0.8075800000E+00
     4      9      3    394   1  -0.6320000000E-02   0.6159600000E+00
     5      9      3    395   1  -0.8300000000E-02  -0.1424600000E+00
     6      9      3    396   1   0.2000000000E-03  -0.9045000000E+00
     7      9      3    397   1  -0.2460000000E-02  -0.1214040000E+01
     8      9      3    398   1  -0.3800000000E-03  -0.1128780000E+01
     9      9      3    399   1  -0.1038000000E-01   0.7518200000E+00
     0      0      4    400   1   0.1376000000E-01   0.2701340000E+01
     1      0      4    401   1   0.1880000000E-01   0.2727900000E+01
     2      0      4    402   1   0.1586000000E-01   0.2440880000E+01
     3      0      4    403   1   0.1566000000E-01   0.2710140000E+01
     4      0      4    404   1   0.1422000000E-01   0.3067560000E+01
     5      0      4    405   1   0.1258000000E-01   0.2891220000E+01
     6      0      4    406   1   0.1520000000E-01   0.1829520000E+01
     7      0      4    407   1   0.1698000000E-01   0.1700880000E+01
     8      0      4    408   1   0.1474000000E-01   0.1907860000E+01
     9      0      4    409   1   0.1478000000E-01   0.2066280000E+01
     0      1      4    410   1  -0.1478000000E-01   0.3040580000E+01
     1      1      4    411   1  -0.1368000000E-01   0.2710160000E+01
     2      1      4    412   1  -0.7560000000E-02   0.1834720000E+01
     3      1      4    413   1  -0.8460000000E-02   0.1906140000E+01
     4      1      4    414   1  -0.1338000000E-01   0.2827440000E+01
     5      1      4    415   1  -0.1282000000E-01   0.2634840000E+01
     6      1      4    416   1  -0.1174000000E-01   0.1567460000E+01
     7      1      4    417   1  -0.1538000000E-01   0.2036860000E+01
     8      1      4    418   1  -0.1810000000E-01   0.2810240000E+01
     9      1      4    419   1  -0.1544000000E-01   0.2929440000E+01
     0      2      4    420   1   0.1558000000E-01   0.2525260000E+01
     1      2      4    421   1   0.1258000000E-01   0.2523480000E+01
     2      2      4    422   1   0.9400000000E-02   0.1547160000E+01
     3      2      4    423   1   0.1022000000E-01   0.8355800000E+00
     4      2      4    424   1   0.1058000000E-01   0.1578620000E+01
     5      2      4    425   1   0.9420000000E-02   0.2500400000E+00
     6      2      4    426   1  -0.2980000000E-02  -0.1392300000E+01
     7      2      4    427   1   0.3240000000E-02   0.1428200000E+00
     8      2      4    428   1   0.1508000000E-01   0.2102900000E+01
     9      2      4    429   1   0.1742000000E-01   0.2419320000E+01
     0      3      4    430   1  -0.1180000000E-01   0.2187440000E+01
     1      3      4    431   1  -0.1654000000E-01   0.2640440000E+01
     2      3      4    432   1  -0.1444000000E-01   0.1737020000E+01
     3      3      4    433   1  -0.8200000000E-03   0.3715600000E+00
     4      3      4    434   1  -0.5640000000E-02  -0.7914000000E-01
     5      3      4    435   1   0.2140000000E-02  -0.1542260000E+01
     6      3      4    436   1  -0.4140000000E-02  -0.2023820000E+01
     7      3      4    437   1   0.3460000000E-02  -0.5350400000E+00
     8      3      4    438   1  -0.1386000000E-01   0.1226820000E+01
     9      3      4    439   1  -0.1130000000E-01   0.1725940000E+01
     0      4      4    440   1   0.1558000000E-01   0.1967740000E+01
     1      4      4    441   1   0.1438000000E-01   0.2586020000E+01
     2      4      4    442   1   0.9940000000E-02   0.2059620000E+01
     3      4      4    443   1   0.8580000000E-02   0.5502200000E+00
     4      4      4    444   1  -0.6000000000E-03  -0.1180440000E+01
     5      4      4    445   1   0.1540000000E-02  -0.1934260000E+01
     6      4      4    446   1  -0.5760000000E-02  -0.1339880000E+01
     7      4      4    447   1   0.7920000000E-02  -0.3681000000E+00
     8      4      4    448   1   0.6940000000E-02   0.4316600000E+00
     9      4      4    449   1   0.2420000000E-02   0.8795600000E+00
     0      5      4    450   1  -0.1442000000E-01   0.1603780000E+01
     1      5      4    451   1  -0.8880000000E-02   0.1870680000E+01
     2      5      4    452   1  -0.3340000000E-02   0.1614580000E+01
     3      5      4    453   1  -0.7060000000E-02   0.4078200000E+00
     4      5      4    454   1  -0.1600000000E-02  -0.1014660000E+01
     5      5      4    455   1   0.2440000000E-02  -0.5967200000E+00
     6      5      4    456   1  -0.6480000000E-02   0.6738000000E+00
     7      5      4    457   1   0.1460000000E-02   0.4248800000E+00
     8      5      4    458   1  -0.3300000000E-02   0.2830800000E+00
     9      5      4    459   1  -0.6100000000E-02   0.5284600000E+00
     0      6      4    460   1   0.1074000000E-01   0.1342120000E+01
     1      6      4    461   1   0.7060000000E-02   0.1160380000E+01
     2      6      4    462   1   0.9500000000E-02   0.3538000000E+00
     3      6      4    463   1   0.1100000000E-02  -0.4587600000E+00
     4      6      4    464   1   0.3240000000E-02  -0.3148000000E+00
     5      6      4    465   1   0.9980000000E-02   0.1179720000E+01
     6      6      4    466   1   0.2340000000E-02   0.1875160000E+01
     7      6      4    467   1   0.4600000000E-03   0.8760200000E+00
     8      6      4    468   1   0.1700000000E-02  -0.4913200000E+00
     9      6      4    469   1   0.8880000000E-02  -0.4713000000E+00
     0      7      4    470   1  -0.1060000000E-01   0.1412260000E+01
     1      7      4    471   1  -0.1410000000E-01   0.1461200000E+01
     2      7      4    472   1  -0.1074000000E-01   0.6914400000E+00
     3      7      4    473   1  -0.3640000000E-02  -0.1119800000E+00
     4      7      4    474   1  -0.5400000000E-02  -0.1049600000E+00
     5      7      4    475   1  -0.7660000000E-02   0.1449820000E+01
     6      7      4    476   1  -0.1140000000E-01   0.1758240000E+01
     7      7      4    477   1  -0.2320000000E-02   0.2552600000E+00
     8      7      4    478   1  -0.2600000000E-02  -0.1209040000E+01
     9      7      4    479   1   0.2000000000E-02  -0.7564000000E+00
     0      8      4    480   1   0.1094000000E-01   0.8831000000E+00
     1      8      4    481   1   0.1076000000E-01   0.1645440000E+01
     2      8      4    482   1   0.1096000000E-01   0.1340140000E+01
     3      8      4    483   1   0.6500000000E-02   0.2876200000E+00
     4      8      4    484   1   0.1700000000E-02  -0.1912400000E+00
     5      8      4    485   1   0.7480000000E-02   0.9545000000E+00
     6      8      4    486   1   0.5720000000E-02   0.1706600000E+00
     7      8      4    487   1   0.5360000000E-02  -0.1723020000E+01
     8      8      4    488   1  -0.3380000000E-02  -0.2304440000E+01
     9      8      4    489   1  -0.1440000000E-02  -0.1536820000E+01
     0      9      4    490   1  -0.1618000000E-01   0.1643800000E+01
     1      9      4    491   1  -0.1764000000E-01   0.2402840000E+01
     2      9      4    492   1  -0.1486000000E-01   0.2376980000E+01
     3      9      4    493   1  -0.1076000000E-01   0.2099240000E+01
     4      9      4    494   1  -0.9460000000E-02   0.1851260000E+01
     5      9      4    495   1  -0.1102000000E-01   0.1411500000E+01
     6      9      4    496   1   0.1780000000E-02  -0.6041400000E+00
     7      9      4    497   1   0.1640000000E-02  -0.1591520000E+01
     8      9      4    498   1  -0.5680000000E-02  -0.1718100000E+01
     9      9      4    499   1  -0.3820000000E-02  -0.7618800000E+00
     0      0      5    500   1   0.1208000000E-01   0.1777760000E+01
     1      0      5    501   1   0.1230000000E-01   0.2138220000E+01
     2      0      5    502   1   0.1356000000E-01   0.1863600000E+01
     3      0      5    503   1   0.1004000000E-01   0.2143960000E+01
     4      0      5    504   1   0.1642000000E-01   0.2902300000E+01
     5      0      5    505   1   0.1526000000E-01   0.2725580000E+01
     6      0      5    506   1   0.7640000000E-02   0.1475680000E+01
     7      0      5    507   1   0.6480000000E-02   0.4048800000E+00
     8      0      5    508   1   0.8140000000E-02   0.5182800000E+00
     9      0      5    509   1   0.1142000000E-01   0.1043560000E+01
     0      1      5    510   1  -0.1038000000E-01   0.1461500000E+01
     1      1      5    511   1  -0.1108000000E-01   0.1525780000E+01
     2      1      5    512   1  -0.9560000000E-02   0.1489520000E+01
     3      1      5    513   1  -0.1048000000E-01   0.1340140000E+01
     4      1      5    514   1  -0.1294000000E-01   0.2147360000E+01
     5      1      5    515   1  -0.1042000000E-01   0.1995360000E+01
     6      1      5    516   1  -0.9680000000E-02   0.1622800000E+01
     7      1      5    517   1  -0.1058000000E-01   0.1760340000E+01
     8      1      5    518   1  -0.1422000000E-01   0.2447100000E+01
     9      1      5    519   1  -0.1644000000E-01   0.2425980000E+01
     0      2      5    520   1   0.4220000000E-02  -0.5642000000E+00
     1      2      5    521   1  -0.2200000000E-03  -0.7137600000E+00
     2      2      5    522   1   0.3720000000E-02  -0.4536000000E-01
     3      2      5    523   1  -0.8000000000E-04  -0.3944400000E+00
     4      2      5    524   1   0.5280000000E-02  -0.1536000000E-01
     5      2      5    525   1   0.3320000000E-02  -0.2109000000E+00
     6      2      5    526   1   0.1920000000E-02  -0.8100000000E-02
     7      2      5    527   1   0.1300000000E-01   0.1220240000E+01
     8      2      5    528   1   0.1878000000E-01   0.2462820000E+01
     9      2      5    529   1   0.1584000000E-01   0.1988360000E+01
     0      3      5    530   1   0.6800000000E-03  -0.3900400000E+00
     1      3      5    531   1  -0.2900000000E-02  -0.6792000000E+00
     2      3      5    532   1  -0.1022000000E-01   0.3852800000E+00
     3      3      5    533   1  -0.6480000000E-02   0.6027400000E+00
     4      3      5    534   1  -0.1900000000E-02  -0.1007600000E+00
     5      3      5    535   1   0.5240000000E-02  -0.1373600000E+01
     6      3      5    536   1  -0.1940000000E-02  -0.1200380000E+01
     7      3      5    537   1  -0.3560000000E-02   0.1168260000E+01
     8      3      5    538   1  -0.1096000000E-01   0.2282460000E+01
     9      3      5    539   1  -0.8720000000E-02   0.1641980000E+01
     0      4      5    540   1   0.9360000000E-02   0.1154500000E+01
     1      4      5    541   1   0.1316000000E-01   0.1199600000E+01
     2      4      5    542   1   0.9100000000E-02   0.1458720000E+01
     3      4      5    543   1   0.5140000000E-02   0.1622760000E+01
     4      4      5    544   1   0.4760000000E-02   0.9779800000E+00
     5      4      5    545   1   0.5880000000E-02  -0.1046400000E+00
     6      4      5    546   1   0.4100000000E-02  -0.5685200000E+00
     7      4      5    547   1   0.1228000000E-01   0.9312400000E+00
     8      4      5    548   1   0.8240000000E-02   0.1150780000E+01
     9      4      5    549   1   0.4600000000E-03   0.1056660000E+01
     0      5      5    550   1  -0.1156000000E-01   0.1627420000E+01
     1      5      5    551   1  -0.5760000000E-02   0.1291260000E+01
     2      5      5    552   1  -0.1168000000E-01   0.1453920000E+01
     3      5      5    553   1  -0.1186000000E-01   0.2334420000E+01
     4      5      5    554   1  -0.1434000000E-01   0.2622460000E+01
     5      5      5    555   1  -0.1382000000E-01   0.2416420000E+01
     6      5      5    556   1  -0.1546000000E-01   0.1735240000E+01
     7      5      5    557   1  -0.7700000000E-02   0.1336020000E+01
     8      5      5    558   1  -0.4920000000E-02   0.9136600000E+00
     9      5      5    559   1  -0.8740000000E-02   0.7960800000E+00
     0      6      5    560   1   0.1248000000E-01   0.1421360000E+01
     1      6      5    561   1   0.1206000000E-01   0.1452860000E+01
     2      6      5    562   1   0.1680000000E-01   0.2026020000E+01
     3      6      5    563   1   0.1514000000E-01   0.2869620000E+01
     4      6      5    564   1   0.1574000000E-01   0.3325980000E+01
     5      6      5    565   1   0.1694000000E-01   0.3395340000E+01
     6      6      5    566   1   0.1614000000E-01   0.2818440000E+01
     7      6      5    567   1   0.9960000000E-02   0.1697600000E+01
     8      6      5    568   1   0.8180000000E-02   0.9195800000E+00
     9      6      5    569   1   0.2340000000E-02  -0.1896400000E+00
     0      7      5    570   1  -0.1272000000E-01   0.1308900000E+01
     1      7      5    571   1  -0.6980000000E-02   0.1393240000E+01
     2      7      5    572   1  -0.1034000000E-01   0.2258840000E+01
     3      7      5    573   1  -0.1166000000E-01   0.2744900000E+01
     4      7      5    574   1  -0.1376000000E-01   0.3190000000E+01
     5      7      5    575   1  -0.1668000000E-01   0.3423380000E+01
     6      7      5    576   1  -0.1372000000E-01   0.2937020000E+01
     7      7      5    577   1  -0.1226000000E-01   0.1292000000E+01
     8      7      5    578   1  -0.4200000000E-02  -0.5045800000E+00
     9      7      5    579   1  -0.1120000000E-02  -0.1270180000E+01
     0      8      5    580   1   0.6160000000E-02   0.1198900000E+01
     1      8      5    581   1   0.9360000000E-02   0.1565800000E+01
     2      8      5    582   1   0.1264000000E-01   0.2389740000E+01
     3      8      5    583   1   0.1282000000E-01   0.2297440000E+01
     4      8      5    584   1   0.1640000000E-01   0.2708680000E+01
     5      8      5    585   1   0.1680000000E-01   0.2873920000E+01
     6      8      5    586   1   0.1406000000E-01   0.1515740000E+01
     7      8      5    587   1   0.2400000000E-02  -0.5255400000E+00
     8      8      5    588   1  -0.3180000000E-02  -0.2049120000E+01
     9      8      5    589   1   0.1840000000E-02  -0.1709800000E+01
     0      9      5    590   1  -0.9860000000E-02   0.9350000000E+00
     1      9      5    591   1  -0.1334000000E-01   0.2116340000E+01
     2      9      5    592   1  -0.1442000000E-01   0.2467600000E+01
     3      9      5    593   1  -0.1426000000E-01   0.2396780000E+01
     4      9      5    594   1  -0.1842000000E-01   0.2893700000E+01
     5      9      5    595   1  -0.1570000000E-01   0.2347100000E+01
     6      9      5    596   1  -0.5620000000E-02   0.4018000000E+00
     7      9      5    597   1  -0.1560000000E-02  -0.7876200000E+00
     8      9      5    598   1  -0.3960000000E-02  -0.1474620000E+01
     9      9      5    599   1   0.1420000000E-02  -0.1364000000E+01
     0      0      6    600   1   0.1706000000E-01   0.2856640000E+01
     1      0      6    601   1   0.1672000000E-01   0.3033720000E+01
     2      0      6    602   1   0.1720000000E-01   0.2462480000E+01
     3      0      6    603   1   0.1770000000E-01   0.2395320000E+01
     4      0      6    604   1   0.1538000000E-01   0.2101800000E+01
     5      0      6    605   1   0.1372000000E-01   0.1780940000E+01
     6      0      6    606   1   0.1160000000E-01   0.1007200000E+01
     7      0      6    607   1   0.5200000000E-02   0.8947800000E+00
     8      0      6    608   1   0.9340000000E-02   0.4761000000E+00
     9      0      6    609   1   0.1042000000E-01   0.1150080000E+01
     0      1      6    610   1  -0.9640000000E-02   0.2177500000E+01
     1      1      6    611   1  -0.1296000000E-01   0.1934100000E+01
     2      1      6    612   1  -0.1154000000E-01   0.8940800000E+00
     3      1      6    613   1  -0.6080000000E-02   0.9897400000E+00
     4      1      6    614   1  -0.9920000000E-02   0.1296980000E+01
     5      1      6    615   1  -0.1680000000E-01   0.1117160000E+01
     6      1      6    616   1  -0.8700000000E-02   0.1036660000E+01
     7      1      6    617   1  -0.1348000000E-01   0.1989140000E+01
     8      1      6    618   1  -0.1068000000E-01   0.1914040000E+01
     9      1      6    619   1  -0.1094000000E-01   0.1765780000E+01
     0      2      6    620   1   0.1540000000E-02   0.2894600000E+00
     1      2      6    621   1   0.4440000000E-02   0.3640000000E-01
     2      2      6    622   1   0.5840000000E-02  -0.2182000000E-01
     3      2      6    623   1   0.6220000000E-02   0.6259400000E+00
     4      2      6    624   1   0.1272000000E-01   0.1261440000E+01
     5      2      6    625   1   0.1018000000E-01   0.1170240000E+01
     6      2      6    626   1   0.1166000000E-01   0.1698100000E+01
     7      2      6    627   1   0.1644000000E-01   0.2292540000E+01
     8      2      6    628   1   0.1296000000E-01   0.1778560000E+01
     9      2      6    629   1   0.7760000000E-02   0.9383800000E+00
     0      3      6    630   1  -0.7180000000E-02   0.7816400000E+00
     1      3      6    631   1  -0.2620000000E-02   0.5563400000E+00
     2      3      6    632   1  -0.1090000000E-01   0.1225260000E+01
     3      3      6    633   1  -0.9900000000E-02   0.1719340000E+01
     4      3      6    634   1  -0.7680000000E-02   0.1117860000E+01
     5      3      6    635   1  -0.9400000000E-03   0.3003000000E+00
     6      3      6    636   1  -0.1298000000E-01   0.1387560000E+01
     7      3      6    637   1  -0.1292000000E-01   0.1992460000E+01
     8      3      6    638   1  -0.6040000000E-02   0.1325600000E+01
     9      3      6    639   1  -0.1022000000E-01   0.9073000000E+00
     0      4      6    640   1   0.4460000000E-02   0.7902600000E+00
     1      4      6    641   1   0.1118000000E-01   0.1492880000E+01
     2      4      6    642   1   0.9740000000E-02   0.1891760000E+01
     3      4      6    643   1   0.1122000000E-01   0.2245940000E+01
     4      4      6    644   1   0.1082000000E-01   0.1825580000E+01
     5      4      6    645   1   0.1154000000E-01   0.1470580000E+01
     6      4      6    646   1   0.1440000000E-01   0.1922940000E+01
     7      4      6    647   1   0.1204000000E-01   0.1559300000E+01
     8      4      6    648   1   0.9420000000E-02   0.1246200000E+00
     9      4      6    649   1   0.1120000000E-02  -0.3151200000E+00
     0      5      6    650   1  -0.4540000000E-02   0.1058000000E+01
     1      5      6    651   1  -0.1042000000E-01   0.1567440000E+01
     2      5      6    652   1  -0.2740000000E-02   0.1298020000E+01
     3      5      6    653   1  -0.1052000000E-01   0.1754640000E+01
     4      5      6    654   1  -0.1134000000E-01   0.2406620000E+01
     5      5      6    655   1  -0.1450000000E-01   0.2764120000E+01
     6      5      6    656   1  -0.1402000000E-01   0.2729900000E+01
     7      5      6    657   1  -0.1204000000E-01   0.1914580000E+01
     8      5      6    658   1  -0.8460000000E-02   0.4150000000E+00
     9      5      6    659   1  -0.7340000000E-02  -0.1707400000E+00
     0      6      6    660   1   0.1150000000E-01   0.1676060000E+01
     1      6      6    661   1   0.1270000000E-01   0.1872020000E+01
     2      6      6    662   1   0.1198000000E-01   0.1756860000E+01
     3      6      6    663   1   0.1050000000E-01   0.1940040000E+01
     4      6      6    664   1   0.1526000000E-01   0.2934500000E+01
     5      6      6    665   1   0.1638000000E-01   0.3318160000E+01
     6      6      6    666   1   0.1776000000E-01   0.3287620000E+01
     7      6      6    667   1   0.1502000000E-01   0.2744880000E+01
     8      6      6    668   1   0.8600000000E-02   0.1794680000E+01
     9      6      6    669   1   0.7660000000E-02   0.7128400000E+00
     0      7      6    670   1  -0.1108000000E-01   0.2305380000E+01
     1      7      6    671   1  -0.1056000000E-01   0.2238200000E+01
     2      7      6    672   1  -0.9640000000E-02   0.1769560000E+01
     3      7      6    673   1  -0.9640000000E-02   0.1500860000E+01
     4      7      6    674   1  -0.1800000000E-01   0.2736380000E+01
     5      7      6    675   1  -0.1940000000E-01   0.3426320000E+01
     6      7      6    676   1  -0.1852000000E-01   0.3373260000E+01
     7      7      6    677   1  -0.1500000000E-01   0.2708860000E+01
     8      7      6    678   1  -0.1034000000E-01   0.1788800000E+01
     9      7      6    679   1  -0.7120000000E-02   0.8190000000E+00
     0      8      6    680   1   0.1192000000E-01   0.1857960000E+01
     1      8      6    681   1   0.1634000000E-01   0.2612960000E+01
     2      8      6    682   1   0.1618000000E-01   0.2672500000E+01
     3      8      6    683   1   0.1264000000E-01   0.2538240000E+01
     4      8      6    684   1   0.1484000000E-01   0.2839360000E+01
     5      8      6    685   1   0.2074000000E-01   0.3317540000E+01
     6      8      6    686   1   0.1590000000E-01   0.2980580000E+01
     7      8      6    687   1   0.8740000000E-02   0.1612140000E+01
     8      8      6    688   1   0.3760000000E-02  -0.5569200000E+00
     9      8      6    689   1   0.1920000000E-02  -0.1133940000E+01
     0      9      6    690   1  -0.1598000000E-01   0.2169140000E+01
     1      9      6    691   1  -0.1626000000E-01   0.3093080000E+01
     2      9      6    692   1  -0.1796000000E-01   0.3055540000E+01
     3      9      6    693   1  -0.1786000000E-01   0.2906080000E+01
     4      9      6    694   1  -0.1542000000E-01   0.2658080000E+01
     5      9      6    695   1  -0.1832000000E-01   0.2892580000E+01
     6      9      6    696   1  -0.1494000000E-01   0.2310540000E+01
     7      9      6    697   1  -0.5080000000E-02   0.9083200000E+00
     8      9      6    698   1   0.1360000000E-02  -0.1193840000E+01
     9      9      6    699   1  -0.3220000000E-02  -0.9589600000E+00
     0      0      7    700   1   0.1666000000E-01   0.3300660000E+01
     1      0      7    701   1   0.1820000000E-01   0.3363600000E+01
     2      0      7    702   1   0.1408000000E-01   0.2633180000E+01
     3      0      7    703   1   0.1518000000E-01   0.2438520000E+01
     4      0      7    704   1   0.1744000000E-01   0.2406840000E+01
     5      0      7    705   1   0.1566000000E-01   0.2024600000E+01
     6      0      7    706   1   0.1234000000E-01   0.2047400000E+01
     7      0      7    707   1   0.1594000000E-01   0.2382580000E+01
     8      0      7    708   1   0.1446000000E-01   0.2246040000E+01
     9      0      7    709   1   0.1314000000E-01   0.2224300000E+01
     0      1      7    710   1  -0.2046000000E-01   0.2805940000E+01
     1      1      7    711   1  -0.1846000000E-01   0.2861020000E+01
     2      1      7    712   1  -0.1350000000E-01   0.1833780000E+01
     3      1      7    713   1  -0.1864000000E-01   0.1384760000E+01
     4      1      7    714   1  -0.1074000000E-01   0.1950740000E+01
     5      1      7    715   1  -0.1606000000E-01   0.2564180000E+01
     6      1      7    716   1  -0.1752000000E-01   0.2691200000E+01
     7      1      7    717   1  -0.1494000000E-01   0.2505780000E+01
     8      1      7    718   1  -0.1442000000E-01   0.2403980000E+01
     9      1      7    719   1  -0.1244000000E-01   0.1898260000E+01
     0      2      7    720   1   0.1090000000E-01   0.1875160000E+01
     1      2      7    721   1   0.1042000000E-01   0.2287600000E+01
     2      2      7    722   1   0.1492000000E-01   0.1550960000E+01
     3      2      7    723   1   0.9700000000E-02   0.1330880000E+01
     4      2      7    724   1   0.1652000000E-01   0.2416000000E+01
     5      2      7    725   1   0.1530000000E-01   0.3083540000E+01
     6      2      7    726   1   0.1622000000E-01   0.2778840000E+01
     7      2      7    727   1   0.1358000000E-01   0.1535460000E+01
     8      2      7    728   1   0.1054000000E-01   0.1342000000E+01
     9      2      7    729   1   0.8280000000E-02   0.7278400000E+00
     0      3      7    730   1  -0.1160000000E-01   0.1699640000E+01
     1      3      7    731   1  -0.1372000000E-01   0.2009900000E+01
     2      3      7    732   1  -0.1098000000E-01   0.1593120000E+01
     3      3      7    733   1  -0.9600000000E-02   0.1990560000E+01
     4      3      7    734   1  -0.1562000000E-01   0.2961280000E+01
     5      3      7    735   1  -0.1566000000E-01   0.3163260000E+01
     6      3      7    736   1  -0.1552000000E-01   0.2838300000E+01
     7      3      7    737   1  -0.8720000000E-02   0.1237340000E+01
     8      3      7    738   1  -0.4840000000E-02   0.2507000000E+00
     9      3      7    739   1  -0.1092000000E-01  -0.3497600000E+00
     0      4      7    740   1   0.1034000000E-01   0.1725140000E+01
     1      4      7    741   1   0.1378000000E-01   0.2439880000E+01
     2      4      7    742   1   0.1596000000E-01   0.2235140000E+01
     3      4      7    743   1   0.2022000000E-01   0.2660600000E+01
     4      4      7    744   1   0.1770000000E-01   0.3157800000E+01
     5      4      7    745   1   0.1874000000E-01   0.3139840000E+01
     6      4      7    746   1   0.1858000000E-01   0.2918100000E+01
     7      4      7    747   1   0.1364000000E-01   0.1522000000E+01
     8      4      7    748   1   0.9480000000E-02   0.2334400000E+00
     9      4      7    749   1   0.3760000000E-02  -0.8002000000E+00
     0      5      7    750   1  -0.1732000000E-01   0.2021620000E+01
     1      5      7    751   1  -0.1610000000E-01   0.2275100000E+01
     2      5      7    752   1  -0.1056000000E-01   0.1636840000E+01
     3      5      7    753   1  -0.1642000000E-01   0.2474080000E+01
     4      5      7    754   1  -0.1814000000E-01   0.3208900000E+01
     5      5      7    755   1  -0.1902000000E-01   0.3208960000E+01
     6      5      7    756   1  -0.2092000000E-01   0.2872340000E+01
     7      5      7    757   1  -0.1178000000E-01   0.1450020000E+01
     8      5      7    758   1  -0.8720000000E-02  -0.3068000000E-01
     9      5      7    759   1  -0.1620000000E-02  -0.3599400000E+00
     0      6      7    760   1   0.1492000000E-01   0.2606640000E+01
     1      6      7    761   1   0.1584000000E-01   0.2724740000E+01
     2      6      7    762   1   0.1480000000E-01   0.2325060000E+01
     3      6      7    763   1   0.1756000000E-01   0.2735280000E+01
     4      6      7    764   1   0.1732000000E-01   0.3069880000E+01
     5      6      7    765   1   0.1664000000E-01   0.3154240000E+01
     6      6      7    766   1   0.1476000000E-01   0.2843140000E+01
     7      6      7    767   1   0.1306000000E-01   0.2311620000E+01
     8      6      7    768   1   0.1388000000E-01   0.1641180000E+01
     9      6      7    769   1   0.1514000000E-01   0.1392560000E+01
     0      7      7    770   1  -0.1674000000E-01   0.2875440000E+01
     1      7      7    771   1  -0.1932000000E-01   0.3443220000E+01
     2      7      7    772   1  -0.1926000000E-01   0.3165660000E+01
     3      7      7    773   1  -0.1790000000E-01   0.2646820000E+01
     4      7      7    774   1  -0.1742000000E-01   0.2051960000E+01
     5      7      7    775   1  -0.1554000000E-01   0.2554960000E+01
     6      7      7    776   1  -0.1720000000E-01   0.2746760000E+01
     7      7      7    777   1  -0.1144000000E-01   0.2315260000E+01
     8      7      7    778   1  -0.1714000000E-01   0.1367100000E+01
     9      7      7    779   1  -0.9700000000E-02   0.8227400000E+00
     0      8      7    780   1   0.1802000000E-01   0.2730620000E+01
     1      8      7    781   1   0.1918000000E-01   0.3681620000E+01
     2      8      7    782   1   0.1688000000E-01   0.3442520000E+01
     3      8      7    783   1   0.1314000000E-01   0.2456580000E+01
     4      8      7    784   1   0.9840000000E-02   0.1093640000E+01
     5      8      7    785   1   0.9540000000E-02   0.1193080000E+01
     6      8      7    786   1   0.1326000000E-01   0.1679360000E+01
     7      8      7    787   1   0.1038000000E-01   0.1168260000E+01
     8      8      7    788   1   0.1440000000E-02   0.1038000000E-01
     9      8      7    789   1   0.5120000000E-02  -0.3279400000E+00
     0      9      7    790   1  -0.1830000000E-01   0.3087820000E+01
     1      9      7    791   1  -0.1924000000E-01   0.3695780000E+01
     2      9      7    792   1  -0.1946000000E-01   0.3461520000E+01
     3      9      7    793   1  -0.1552000000E-01   0.3067840000E+01
     4      9      7    794   1  -0.1282000000E-01   0.2211120000E+01
     5      9      7    795   1  -0.1012000000E-01   0.1388700000E+01
     6      9      7    796   1  -0.1136000000E-01   0.1637080000E+01
     7      9      7    797   1  -0.8720000000E-02   0.1497540000E+01
     8      9      7    798   1  -0.3660000000E-02   0.6694800000E+00
     9      9      7    799   1  -0.1142000000E-01   0.8072200000E+00
     0      0      8    800   1   0.1800000000E-01   0.2793920000E+01
     1      0      8    801   1   0.2050000000E-01   0.3591920000E+01
     2      0      8    802   1   0.1656000000E-01   0.3464820000E+01
     3      0      8    803   1   0.1738000000E-01   0.3076640000E+01
     4      0      8    804   1   0.1582000000E-01   0.2480420000E+01
     5      0      8    805   1   0.1112000000E-01   0.1780440000E+01
     6      0      8    806   1   0.1586000000E-01   0.1690500000E+01
     7      0      8    807   1   0.1406000000E-01   0.7797600000E+00
     8      0      8    808   1   0.8880000000E-02   0.3114200000E+00
     9      0      8    809   1   0.6520000000E-02  -0.1733000000E+00
     0      1      8    810   1  -0.1904000000E-01   0.2575000000E+01
     1      1      8    811   1  -0.1972000000E-01   0.3570780000E+01
     2      1      8    812   1  -0.1880000000E-01   0.3408700000E+01
     3      1      8    813   1  -0.1626000000E-01   0.3176340000E+01
     4      1      8    814   1  -0.1384000000E-01   0.2727040000E+01
     5      1      8    815   1  -0.1470000000E-01   0.2474700000E+01
     6      1      8    816   1  -0.1514000000E-01   0.2284880000E+01
     7      1      8    817   1  -0.1024000000E-01   0.1355300000E+01
     8      1      8    818   1  -0.1070000000E-01   0.4645800000E+00
     9      1      8    819   1  -0.1160000000E-02  -0.5342000000E+00
     0      2      8    820   1   0.1348000000E-01   0.2262160000E+01
     1      2      8    821   1   0.1884000000E-01   0.3449720000E+01
     2      2      8    822   1   0.2024000000E-01   0.3230480000E+01
     3      2      8    823   1   0.1840000000E-01   0.3072040000E+01
     4      2      8    824   1   0.1786000000E-01   0.2931320000E+01
     5      2      8    825   1   0.1676000000E-01   0.2780900000E+01
     6      2      8    826   1   0.1132000000E-01   0.1758120000E+01
     7      2      8    827   1   0.2200000000E-02  -0.4608200000E+00
     8      2      8    828   1   0.8780000000E-02  -0.1659880000E+01
     9      2      8    829   1  -0.5000000000E-03  -0.1558520000E+01
     0      3      8    830   1  -0.1278000000E-01   0.2125580000E+01
     1      3      8    831   1  -0.1928000000E-01   0.3453340000E+01
     2      3      8    832   1  -0.1724000000E-01   0.3413500000E+01
     3      3      8    833   1  -0.1976000000E-01   0.3335020000E+01
     4      3      8    834   1  -0.1976000000E-01   0.3335940000E+01
     5      3      8    835   1  -0.1946000000E-01   0.3325760000E+01
     6      3      8    836   1  -0.1694000000E-01   0.2235060000E+01
     7      3      8    837   1  -0.7160000000E-02  -0.7746600000E+00
     8      3      8    838   1   0.5000000000E-02  -0.2394180000E+01
     9      3      8    839   1  -0.6900000000E-02  -0.1801100000E+01
     0      4      8    840   1   0.1632000000E-01   0.1694620000E+01
     1      4      8    841   1   0.1756000000E-01   0.3177180000E+01
     2      4      8    842   1   0.1778000000E-01   0.3349780000E+01
     3      4      8    843   1   0.1842000000E-01   0.3456420000E+01
     4      4      8    844   1   0.1986000000E-01   0.3561860000E+01
     5      4      8    845   1   0.1946000000E-01   0.3570900000E+01
     6      4      8    846   1   0.1624000000E-01   0.2591840000E+01
     7      4      8    847   1   0.5200000000E-03  -0.3741200000E+00
     8      4      8    848   1   0.4220000000E-02  -0.1976820000E+01
     9      4      8    849   1  -0.4260000000E-02  -0.1164160000E+01
     0      5      8    850   1  -0.7300000000E-02   0.8975600000E+00
     1      5      8    851   1  -0.1520000000E-01   0.2297200000E+01
     2      5      8    852   1  -0.1284000000E-01   0.2799020000E+01
     3      5      8    853   1  -0.1566000000E-01   0.3349480000E+01
     4      5      8    854   1  -0.1854000000E-01   0.3643080000E+01
     5      5      8    855   1  -0.1598000000E-01   0.3494400000E+01
     6      5      8    856   1  -0.1288000000E-01   0.2566080000E+01
     7      5      8    857   1  -0.8780000000E-02   0.4842400000E+00
     8      5      8    858   1  -0.2000000000E-03  -0.5201800000E+00
     9      5      8    859   1  -0.1080000000E-01   0.7566000000E-01
     0      6      8    860   1   0.9920000000E-02   0.1508680000E+01
     1      6      8    861   1   0.1430000000E-01   0.2522920000E+01
     2      6      8    862   1   0.1610000000E-01   0.2927460000E+01
     3      6      8    863   1   0.1836000000E-01   0.3318140000E+01
     4      6      8    864   1   0.1778000000E-01   0.3237660000E+01
     5      6      8    865   1   0.1636000000E-01   0.2318000000E+01
     6      6      8    866   1   0.6880000000E-02   0.1238480000E+01
     7      6      8    867   1   0.4280000000E-02  -0.1054000000E-01
     8      6      8    868   1   0.4620000000E-02   0.4088800000E+00
     9      6      8    869   1   0.7020000000E-02   0.8844200000E+00
     0      7      8    870   1  -0.1434000000E-01   0.2226860000E+01
     1      7      8    871   1  -0.1866000000E-01   0.3293680000E+01
     2      7      8    872   1  -0.1896000000E-01   0.3405140000E+01
     3      7      8    873   1  -0.1784000000E-01   0.2771240000E+01
     4      7      8    874   1  -0.1652000000E-01   0.1311500000E+01
     5      7      8    875   1  -0.7200000000E-03   0.4594000000E-01
     6      7      8    876   1  -0.6800000000E-02   0.4224000000E-01
     7      7      8    877   1   0.9000000000E-03  -0.5316600000E+00
     8      7      8    878   1  -0.2860000000E-02   0.5772000000E-01
     9      7      8    879   1  -0.1880000000E-02   0.8864000000E-01
     0      8      8    880   1   0.1752000000E-01   0.2540900000E+01
     1      8      8    881   1   0.1892000000E-01   0.3607560000E+01
     2      8      8    882   1   0.1922000000E-01   0.3165620000E+01
     3      8      8    883   1   0.1384000000E-01   0.1141380000E+01
     4      8      8    884   1  -0.4320000000E-02  -0.7921800000E+00
     5      8      8    885   1   0.5100000000E-02  -0.1191720000E+01
     6      8      8    886   1  -0.9000000000E-03  -0.7170400000E+00
     7      8      8    887   1   0.7080000000E-02  -0.1115660000E+01
     8      8      8    888   1   0.1360000000E-02  -0.1112540000E+01
     9      8      8    889   1   0.1380000000E-02  -0.8825000000E+00
     0      9      8    890   1  -0.1750000000E-01   0.2700500000E+01
     1      9      8    891   1  -0.2068000000E-01   0.3642020000E+01
     2      9      8    892   1  -0.1978000000E-01   0.3371100000E+01
     3      9      8    893   1  -0.1132000000E-01   0.2076120000E+01
     4      9      8    894   1  -0.1112000000E-01   0.4151600000E+00
     5      9      8    895   1   0.2260000000E-02  -0.7539600000E+00
     6      9      8    896   1  -0.7580000000E-02  -0.3925200000E+00
     7      9      8    897   1   0.5020000000E-02  -0.9043800000E+00
     8      9      8    898   1  -0.2460000000E-02  -0.1237400000E+01
     9      9      8    899   1  -0.3580000000E-02  -0.8414200000E+00
     0      0      9    900   1   0.1790000000E-01   0.2758380000E+01
     1      0      9    901   1   0.1786000000E-01   0.3543720000E+01
     2      0      9    902   1   0.1944000000E-01   0.3745020000E+01
     3      0      9    903   1   0.1850000000E-01   0.3679700000E+01
     4      0      9    904   1   0.1914000000E-01   0.3434400000E+01
     5      0      9    905   1   0.1368000000E-01   0.2745520000E+01
     6      0      9    906   1   0.1244000000E-01   0.2330420000E+01
     7      0      9    907   1   0.7060000000E-02   0.1203640000E+01
     8      0      9    908   1   0.6540000000E-02  -0.4046800000E+00
     9      0      9    909   1   0.5820000000E-02  -0.4118400000E+00
     0      1      9    910   1  -0.1722000000E-01   0.2527180000E+01
     1      1      9    911   1  -0.1798000000E-01   0.3537440000E+01
     2      1      9    912   1  -0.1996000000E-01   0.3768480000E+01
     3      1      9    913   1  -0.1942000000E-01   0.3802400000E+01
     4      1      9    914   1  -0.1918000000E-01   0.3745900000E+01
     5      1      9    915   1  -0.1670000000E-01   0.3475200000E+01
     6      1      9    916   1  -0.1570000000E-01   0.2861000000E+01
     7      1      9    917   1  -0.1464000000E-01   0.1543200000E+01
     8      1      9    918   1  -0.4620000000E-02  -0.7897400000E+00
     9      1      9    919   1   0.2000000000E-04  -0.1042200000E+01
     0      2      9    920   1   0.1768000000E-01   0.2719700000E+01
     1      2      9    921   1   0.1836000000E-01   0.3680860000E+01
     2      2      9    922   1   0.1928000000E-01   0.3748940000E+01
     3      2      9    923   1   0.1876000000E-01   0.3707420000E+01
     4      2      9    924   1   0.1724000000E-01   0.3683200000E+01
     5      2      9    925   1   0.1624000000E-01   0.3271500000E+01
     6      2      9    926   1   0.1018000000E-01   0.1718160000E+01
     7      2      9    927   1   0.4420000000E-02  -0.5959600000E+00
     8      2      9    928   1   0.2540000000E-02  -0.2310040000E+01
     9      2      9    929   1   0.5000000000E-03  -0.1498340000E+01
     0      3      9    930   1  -0.1898000000E-01   0.2636340000E+01
     1      3      9    931   1  -0.2004000000E-01   0.3763280000E+01
     2      3      9    932   1  -0.2058000000E-01   0.3791460000E+01
     3      3      9    933   1  -0.1920000000E-01   0.3803300000E+01
     4      3      9    934   1  -0.1942000000E-01   0.3784540000E+01
     5      3      9    935   1  -0.1970000000E-01   0.3404860000E+01
     6      3      9    936   1  -0.1456000000E-01   0.1717600000E+01
     7      3      9    937   1  -0.7440000000E-02  -0.8760800000E+00
     8      3      9    938   1   0.3460000000E-02  -0.2398220000E+01
     9      3      9    939   1  -0.5100000000E-02  -0.1745880000E+01
     0      4      9    940   1   0.1672000000E-01   0.2780340000E+01
     1      4      9    941   1   0.1856000000E-01   0.3664880000E+01
     2      4      9    942   1   0.1782000000E-01   0.3656680000E+01
     3      4      9    943   1   0.1854000000E-01   0.3793960000E+01
     4      4      9    944   1   0.2028000000E-01   0.3829280000E+01
     5      4      9    945   1   0.1964000000E-01   0.3651240000E+01
     6      4      9    946   1   0.1588000000E-01   0.2854660000E+01
     7      4      9    947   1   0.1108000000E-01   0.7188400000E+00
     8      4      9    948   1   0.3220000000E-02  -0.1086880000E+01
     9      4      9    949   1   0.2900000000E-02  -0.6453000000E+00
     0      5      9    950   1  -0.1558000000E-01   0.2809420000E+01
     1      5      9    951   1  -0.1778000000E-01   0.3370300000E+01
     2      5      9    952   1  -0.1820000000E-01   0.3250140000E+01
     3      5      9    953   1  -0.2046000000E-01   0.3582200000E+01
     4      5      9    954   1  -0.1980000000E-01   0.3666040000E+01
     5      5      9    955   1  -0.1602000000E-01   0.3330800000E+01
     6      5      9    956   1  -0.1454000000E-01   0.2595560000E+01
     7      5      9    957   1  -0.7660000000E-02   0.8732400000E+00
     8      5      9    958   1  -0.7440000000E-02   0.6975600000E+00
     9      5      9    959   1  -0.1114000000E-01   0.1220200000E+01
     0      6      9    960   1   0.1270000000E-01   0.2545320000E+01
     1      6      9    961   1   0.1608000000E-01   0.3045080000E+01
     2      6      9    962   1   0.1600000000E-01   0.2797900000E+01
     3      6      9    963   1   0.1702000000E-01   0.3189940000E+01
     4      6      9    964   1   0.2044000000E-01   0.3198420000E+01
     5      6      9    965   1   0.1662000000E-01   0.2546420000E+01
     6      6      9    966   1   0.1308000000E-01   0.1481900000E+01
     7      6      9    967   1   0.1780000000E-02  -0.1166600000E+00
     8      6      9    968   1   0.5860000000E-02   0.3479000000E+00
     9      6      9    969   1   0.9080000000E-02   0.1281360000E+01
     0      7      9    970   1  -0.1774000000E-01   0.2792160000E+01
     1      7      9    971   1  -0.1712000000E-01   0.3534740000E+01
     2      7      9    972   1  -0.1932000000E-01   0.3420740000E+01
     3      7      9    973   1  -0.1732000000E-01   0.3120600000E+01
     4      7      9    974   1  -0.1718000000E-01   0.2005000000E+01
     5      7      9    975   1  -0.1060000000E-01   0.1413980000E+01
     6      7      9    976   1  -0.7400000000E-02   0.9340000000E+00
     7      7      9    977   1   0.2000000000E-04   0.2466000000E+00
     8      7      9    978   1   0.9200000000E-03  -0.5076000000E-01
     9      7      9    979   1  -0.5380000000E-02   0.5969600000E+00
     0      8      9    980   1   0.1592000000E-01   0.2842800000E+01
     1      8      9    981   1   0.1940000000E-01   0.3713260000E+01
     2      8      9    982   1   0.1966000000E-01   0.3580220000E+01
     3      8      9    983   1   0.2108000000E-01   0.2539880000E+01
     4      8      9    984   1   0.7160000000E-02   0.6910000000E+00
     5      8      9    985   1   0.7500000000E-02   0.2311400000E+00
     6      8      9    986   1   0.2200000000E-03   0.6082000000E-01
     7      8      9    987   1  -0.1260000000E-02  -0.1840800000E+00
     8      8      9    988   1  -0.5800000000E-03  -0.4133800000E+00
     9      8      9    989   1   0.2980000000E-02  -0.1091000000E+00
     0      9      9    990   1  -0.1680000000E-01   0.2779800000E+01
     1      9      9    991   1  -0.1864000000E-01   0.3673640000E+01
     2      9      9    992   1  -0.1738000000E-01   0.3644680000E+01
     3      9      9    993   1  -0.1546000000E-01   0.3077160000E+01
     4      9      9    994   1  -0.1380000000E-01   0.1828120000E+01
     5      9      9    995   1  -0.3800000000E-02   0.6451200000E+00
     6      9      9    996   1  -0.4900000000E-02   0.5380000000E+00
     7      9      9    997   1  -0.1980000000E-02  -0.2260800000E+00
     8      9      9    998   1   0.1620000000E-02  -0.1074080000E+01
     9      9      9    999   1  -0.7860000000E-02  -0.5874600000E+00
