 iconf, T, strx, stry, absstr, D, best_en, final_en, absstrx_absstry, coex_angle
   1 0.800000E+01 0.240909E+00 0.318382E+00 0.399506E+00 -.433296E-01 -.387256E+01 -.381447E+01 0.767011E-01 0.926113E+00
   1 0.805556E+01 0.231905E+00 0.313856E+00 0.390532E+00 -.447259E-01 -.384768E+01 -.377489E+01 0.727849E-01 0.913742E+00
   1 0.811111E+01 0.224047E+00 0.309221E+00 0.382196E+00 -.454206E-01 -.381121E+01 -.374303E+01 0.692803E-01 0.902971E+00
   1 0.816667E+01 0.216541E+00 0.304613E+00 0.374132E+00 -.458990E-01 -.377642E+01 -.372491E+01 0.659614E-01 0.892020E+00
   1 0.822222E+01 0.208446E+00 0.299936E+00 0.365736E+00 -.465116E-01 -.374187E+01 -.368120E+01 0.625204E-01 0.878455E+00
   1 0.827778E+01 0.200211E+00 0.295237E+00 0.357282E+00 -.470806E-01 -.371415E+01 -.363648E+01 0.591096E-01 0.863109E+00
   1 0.833333E+01 0.191771E+00 0.290479E+00 0.348697E+00 -.476020E-01 -.367122E+01 -.358424E+01 0.557057E-01 0.845627E+00
   1 0.838889E+01 0.183388E+00 0.285651E+00 0.340129E+00 -.479656E-01 -.364600E+01 -.355003E+01 0.523849E-01 0.826720E+00
   1 0.844444E+01 0.175418E+00 0.280772E+00 0.331765E+00 -.480612E-01 -.360534E+01 -.353255E+01 0.492525E-01 0.807721E+00
   1 0.850000E+01 0.168043E+00 0.275853E+00 0.323737E+00 -.478562E-01 -.357546E+01 -.350069E+01 0.463553E-01 0.789608E+00
   1 0.855556E+01 0.160985E+00 0.270911E+00 0.315894E+00 -.474765E-01 -.353503E+01 -.347523E+01 0.436125E-01 0.771449E+00
   1 0.861111E+01 0.154834E+00 0.265890E+00 0.308464E+00 -.467241E-01 -.350630E+01 -.342613E+01 0.411690E-01 0.756419E+00
   1 0.866667E+01 0.148691E+00 0.260873E+00 0.301080E+00 -.459460E-01 -.346818E+01 -.338891E+01 0.387894E-01 0.740325E+00
   1 0.872222E+01 0.142899E+00 0.255773E+00 0.293827E+00 -.449999E-01 -.344550E+01 -.335960E+01 0.365497E-01 0.725183E+00
   1 0.877778E+01 0.137442E+00 0.250643E+00 0.286732E+00 -.439318E-01 -.340277E+01 -.329615E+01 0.344488E-01 0.710943E+00
   1 0.883333E+01 0.132245E+00 0.245431E+00 0.279721E+00 -.427477E-01 -.336672E+01 -.328782E+01 0.324571E-01 0.697518E+00
   1 0.888889E+01 0.126752E+00 0.240089E+00 0.272489E+00 -.415768E-01 -.334135E+01 -.325425E+01 0.304317E-01 0.681827E+00
   1 0.894444E+01 0.121498E+00 0.234803E+00 0.265422E+00 -.403710E-01 -.330438E+01 -.320086E+01 0.285280E-01 0.666378E+00
   1 0.900000E+01 0.116293E+00 0.229362E+00 0.258322E+00 -.390831E-01 -.326396E+01 -.317861E+01 0.266733E-01 0.650727E+00
   1 0.905556E+01 0.111400E+00 0.223867E+00 0.251337E+00 -.377065E-01 -.323868E+01 -.316167E+01 0.249387E-01 0.636330E+00
   1 0.911111E+01 0.106384E+00 0.217943E+00 0.243947E+00 -.361816E-01 -.320167E+01 -.313582E+01 0.231857E-01 0.621581E+00
   1 0.916667E+01 0.101170E+00 0.211910E+00 0.236435E+00 -.346705E-01 -.317170E+01 -.310649E+01 0.214390E-01 0.604664E+00
   1 0.922222E+01 0.960252E-01 0.205411E+00 0.228582E+00 -.329729E-01 -.313398E+01 -.307926E+01 0.197246E-01 0.588716E+00
   1 0.927778E+01 0.912533E-01 0.198430E+00 0.220508E+00 -.310473E-01 -.310630E+01 -.300340E+01 0.181074E-01 0.576375E+00
   1 0.933333E+01 0.863076E-01 0.190874E+00 0.211841E+00 -.289839E-01 -.306951E+01 -.298548E+01 0.164739E-01 0.563743E+00
   1 0.938889E+01 0.814475E-01 0.182784E+00 0.202812E+00 -.267764E-01 -.303972E+01 -.296610E+01 0.148873E-01 0.552870E+00
   1 0.944444E+01 0.775545E-01 0.173675E+00 0.193207E+00 -.241484E-01 -.300247E+01 -.292879E+01 0.134693E-01 0.554454E+00
   1 0.950000E+01 0.742278E-01 0.163929E+00 0.183263E+00 -.213630E-01 -.297388E+01 -.287598E+01 0.121681E-01 0.564785E+00
   1 0.955556E+01 0.711616E-01 0.153737E+00 0.172977E+00 -.185710E-01 -.293493E+01 -.288327E+01 0.109402E-01 0.581265E+00
   1 0.961111E+01 0.682122E-01 0.143459E+00 0.162660E+00 -.159276E-01 -.290064E+01 -.281486E+01 0.978565E-02 0.601573E+00
   1 0.966667E+01 0.653643E-01 0.133200E+00 0.152394E+00 -.134698E-01 -.287418E+01 -.281309E+01 0.870653E-02 0.625638E+00
   1 0.972222E+01 0.627515E-01 0.123104E+00 0.142273E+00 -.112169E-01 -.284188E+01 -.275888E+01 0.772498E-02 0.654837E+00
   1 0.977778E+01 0.602046E-01 0.113010E+00 0.132275E+00 -.914665E-02 -.280855E+01 -.272582E+01 0.680371E-02 0.688787E+00
   1 0.983333E+01 0.574752E-01 0.103798E+00 0.122893E+00 -.747062E-02 -.277411E+01 -.268912E+01 0.596581E-02 0.718377E+00
   1 0.988889E+01 0.546966E-01 0.953860E-01 0.114270E+00 -.610676E-02 -.274661E+01 -.267419E+01 0.521729E-02 0.744874E+00
   1 0.994444E+01 0.521070E-01 0.870622E-01 0.105850E+00 -.486469E-02 -.271220E+01 -.263758E+01 0.453655E-02 0.776714E+00
   1 0.100000E+02 0.497566E-01 0.787977E-01 0.976719E-01 -.373336E-02 -.267905E+01 -.261276E+01 0.392071E-02 0.815209E+00
   1 0.100556E+02 0.472674E-01 0.712894E-01 0.900741E-01 -.284797E-02 -.265185E+01 -.258303E+01 0.336967E-02 0.848477E+00
   1 0.101111E+02 0.450162E-01 0.642001E-01 0.829975E-01 -.209520E-02 -.262822E+01 -.253552E+01 0.289004E-02 0.883864E+00
   1 0.101667E+02 0.428267E-01 0.574000E-01 0.761636E-01 -.146063E-02 -.259229E+01 -.247683E+01 0.245825E-02 0.918898E+00
   1 0.102222E+02 0.409330E-01 0.517049E-01 0.704271E-01 -.997884E-03 -.256105E+01 -.245574E+01 0.211643E-02 0.947350E+00
   1 0.102778E+02 0.390860E-01 0.462925E-01 0.649499E-01 -.615282E-03 -.254301E+01 -.248460E+01 0.180939E-02 0.971904E+00
   1 0.103333E+02 0.371675E-01 0.417769E-01 0.601593E-01 -.363882E-03 -.250165E+01 -.239893E+01 0.155274E-02 0.986456E+00
   1 0.103889E+02 0.353588E-01 0.380281E-01 0.560403E-01 -.195889E-03 -.248021E+01 -.239530E+01 0.134463E-02 0.994722E+00
   1 0.104444E+02 0.338340E-01 0.346417E-01 0.523534E-01 -.553115E-04 -.245954E+01 -.235230E+01 0.117207E-02 0.999444E+00
   1 0.105000E+02 0.324190E-01 0.318029E-01 0.491586E-01 0.395699E-04 -.241507E+01 -.234273E+01 0.103102E-02 0.999632E+00
   1 0.105556E+02 0.312094E-01 0.291521E-01 0.462650E-01 0.124181E-03 -.239140E+01 -.232901E+01 0.909820E-03 0.995364E+00
   1 0.106111E+02 0.298659E-01 0.269850E-01 0.436275E-01 0.163780E-03 -.236706E+01 -.228130E+01 0.805932E-03 0.989781E+00
   1 0.106667E+02 0.287011E-01 0.249646E-01 0.412347E-01 0.200518E-03 -.234265E+01 -.223802E+01 0.716511E-03 0.980797E+00
   1 0.107222E+02 0.274713E-01 0.232979E-01 0.390648E-01 0.211880E-03 -.231352E+01 -.226045E+01 0.640023E-03 0.973332E+00
   1 0.107778E+02 0.261669E-01 0.218452E-01 0.370181E-01 0.207496E-03 -.228662E+01 -.218080E+01 0.571621E-03 0.968109E+00
   1 0.108333E+02 0.249433E-01 0.203952E-01 0.350280E-01 0.206205E-03 -.226083E+01 -.218103E+01 0.508722E-03 0.960546E+00
   1 0.108889E+02 0.237512E-01 0.192280E-01 0.332490E-01 0.194406E-03 -.223944E+01 -.217840E+01 0.456688E-03 0.956661E+00
   1 0.109444E+02 0.225369E-01 0.181679E-01 0.315456E-01 0.177837E-03 -.220545E+01 -.211500E+01 0.409448E-03 0.954962E+00
   1 0.110000E+02 0.213965E-01 0.170614E-01 0.298466E-01 0.166720E-03 -.218769E+01 -.212259E+01 0.365054E-03 0.950441E+00
   1 0.110556E+02 0.202813E-01 0.161941E-01 0.283517E-01 0.149081E-03 -.216047E+01 -.201647E+01 0.328438E-03 0.951015E+00
   1 0.111111E+02 0.191203E-01 0.154136E-01 0.268742E-01 0.128005E-03 -.213986E+01 -.204826E+01 0.294712E-03 0.954961E+00
   1 0.111667E+02 0.180297E-01 0.146753E-01 0.254745E-01 0.109704E-03 -.211218E+01 -.202613E+01 0.264591E-03 0.958794E+00
   1 0.112222E+02 0.170395E-01 0.139293E-01 0.241571E-01 0.963203E-04 -.209266E+01 -.200943E+01 0.237348E-03 0.960456E+00
   1 0.112778E+02 0.160656E-01 0.133137E-01 0.229206E-01 0.808479E-04 -.207850E+01 -.196490E+01 0.213893E-03 0.965514E+00
   1 0.113333E+02 0.151807E-01 0.127723E-01 0.218280E-01 0.673209E-04 -.204548E+01 -.197304E+01 0.193893E-03 0.970744E+00
   1 0.113889E+02 0.143419E-01 0.122345E-01 0.207727E-01 0.560069E-04 -.203493E+01 -.194193E+01 0.175465E-03 0.975162E+00
   1 0.114444E+02 0.135253E-01 0.117527E-01 0.197656E-01 0.448075E-04 -.200655E+01 -.192367E+01 0.158958E-03 0.980522E+00
   1 0.115000E+02 0.127647E-01 0.112582E-01 0.188041E-01 0.361913E-04 -.198262E+01 -.189178E+01 0.143707E-03 0.984392E+00
   2 0.800000E+01 0.291450E+00 0.286122E+00 0.408690E+00 0.307729E-02 -.398118E+01 -.390223E+01 0.833905E-01 0.999660E+00
   2 0.805556E+01 0.283121E+00 0.280142E+00 0.398666E+00 0.167821E-02 -.394541E+01 -.385427E+01 0.793142E-01 0.999888E+00
   2 0.811111E+01 0.276434E+00 0.273911E+00 0.389657E+00 0.138875E-02 -.391146E+01 -.382186E+01 0.757182E-01 0.999916E+00
   2 0.816667E+01 0.270697E+00 0.267044E+00 0.380931E+00 0.196436E-02 -.387749E+01 -.381978E+01 0.722882E-01 0.999815E+00
   2 0.822222E+01 0.265356E+00 0.260008E+00 0.372396E+00 0.280954E-02 -.384723E+01 -.374792E+01 0.689946E-01 0.999586E+00
   2 0.827778E+01 0.260378E+00 0.252825E+00 0.364047E+00 0.387613E-02 -.381019E+01 -.375480E+01 0.658300E-01 0.999134E+00
   2 0.833333E+01 0.255950E+00 0.245462E+00 0.355959E+00 0.525895E-02 -.377751E+01 -.371072E+01 0.628260E-01 0.998251E+00
   2 0.838889E+01 0.251475E+00 0.237639E+00 0.347544E+00 0.676767E-02 -.374894E+01 -.365094E+01 0.597604E-01 0.996804E+00
   2 0.844444E+01 0.247190E+00 0.229612E+00 0.339159E+00 0.838151E-02 -.371387E+01 -.365269E+01 0.567577E-01 0.994578E+00
   2 0.850000E+01 0.243220E+00 0.221680E+00 0.331044E+00 0.100139E-01 -.367693E+01 -.359543E+01 0.539168E-01 0.991450E+00
   2 0.855556E+01 0.239417E+00 0.213276E+00 0.322792E+00 0.118340E-01 -.363737E+01 -.355646E+01 0.510620E-01 0.986750E+00
   2 0.861111E+01 0.235356E+00 0.205033E+00 0.314489E+00 0.133539E-01 -.360826E+01 -.356485E+01 0.482558E-01 0.981215E+00
   2 0.866667E+01 0.231462E+00 0.197292E+00 0.306617E+00 0.146504E-01 -.357569E+01 -.352567E+01 0.456656E-01 0.974914E+00
   2 0.872222E+01 0.226998E+00 0.190476E+00 0.298917E+00 0.152471E-01 -.353800E+01 -.347547E+01 0.432378E-01 0.969850E+00
   2 0.877778E+01 0.222608E+00 0.183754E+00 0.291362E+00 0.157890E-01 -.349994E+01 -.340346E+01 0.409052E-01 0.964091E+00
   2 0.883333E+01 0.217812E+00 0.177547E+00 0.283829E+00 0.159190E-01 -.346986E+01 -.338822E+01 0.386720E-01 0.959359E+00
   2 0.888889E+01 0.212692E+00 0.171892E+00 0.276458E+00 0.156910E-01 -.343995E+01 -.332269E+01 0.365599E-01 0.955977E+00
   2 0.894444E+01 0.207242E+00 0.167047E+00 0.269323E+00 0.150448E-01 -.340757E+01 -.332321E+01 0.346191E-01 0.954914E+00
   2 0.900000E+01 0.201585E+00 0.162217E+00 0.262078E+00 0.143223E-01 -.336694E+01 -.328109E+01 0.327006E-01 0.954238E+00
   2 0.905556E+01 0.195763E+00 0.156942E+00 0.254496E+00 0.136925E-01 -.333182E+01 -.327094E+01 0.307234E-01 0.952694E+00
   2 0.911111E+01 0.189387E+00 0.151605E+00 0.246501E+00 0.128833E-01 -.330670E+01 -.319692E+01 0.287120E-01 0.952078E+00
   2 0.916667E+01 0.183369E+00 0.146246E+00 0.238724E+00 0.122365E-01 -.326212E+01 -.319189E+01 0.268171E-01 0.950524E+00
   2 0.922222E+01 0.176865E+00 0.140504E+00 0.230366E+00 0.115401E-01 -.323224E+01 -.311153E+01 0.248502E-01 0.948845E+00
   2 0.927778E+01 0.170210E+00 0.134692E+00 0.221867E+00 0.108297E-01 -.319713E+01 -.310625E+01 0.229260E-01 0.947163E+00
   2 0.933333E+01 0.163705E+00 0.128377E+00 0.213110E+00 0.103189E-01 -.316461E+01 -.308122E+01 0.210159E-01 0.943155E+00
   2 0.938889E+01 0.157299E+00 0.121150E+00 0.203913E+00 0.100657E-01 -.314765E+01 -.302911E+01 0.190567E-01 0.934800E+00
   2 0.944444E+01 0.151236E+00 0.114353E+00 0.195197E+00 0.979579E-02 -.309179E+01 -.301520E+01 0.172942E-01 0.925748E+00
   2 0.950000E+01 0.145304E+00 0.106879E+00 0.186135E+00 0.969018E-02 -.308385E+01 -.297203E+01 0.155300E-01 0.911300E+00
   2 0.955556E+01 0.139570E+00 0.994831E-01 0.177307E+00 0.958300E-02 -.302931E+01 -.296725E+01 0.138849E-01 0.893587E+00
   2 0.961111E+01 0.133612E+00 0.917835E-01 0.168141E+00 0.942801E-02 -.299575E+01 -.290420E+01 0.122634E-01 0.871262E+00
   2 0.966667E+01 0.127552E+00 0.842236E-01 0.159003E+00 0.917595E-02 -.297253E+01 -.290493E+01 0.107429E-01 0.845746E+00
   2 0.972222E+01 0.121763E+00 0.774123E-01 0.150423E+00 0.883345E-02 -.293690E+01 -.282416E+01 0.942591E-02 0.819968E+00
   2 0.977778E+01 0.116005E+00 0.710034E-01 0.142041E+00 0.841565E-02 -.289960E+01 -.279825E+01 0.823673E-02 0.793035E+00
   2 0.983333E+01 0.110220E+00 0.663541E-01 0.134533E+00 0.774552E-02 -.286306E+01 -.276252E+01 0.731353E-02 0.781002E+00
   2 0.988889E+01 0.104093E+00 0.624898E-01 0.127177E+00 0.693032E-02 -.283816E+01 -.273539E+01 0.650474E-02 0.778948E+00
   2 0.994444E+01 0.977623E-01 0.588834E-01 0.119804E+00 0.609022E-02 -.280092E+01 -.269159E+01 0.575658E-02 0.781361E+00
   2 0.100000E+02 0.908613E-01 0.554907E-01 0.112114E+00 0.517655E-02 -.277448E+01 -.268512E+01 0.504195E-02 0.791436E+00
   2 0.100556E+02 0.837066E-01 0.521029E-01 0.104251E+00 0.429208E-02 -.273471E+01 -.263597E+01 0.436136E-02 0.805075E+00
   2 0.101111E+02 0.760746E-01 0.487796E-01 0.960464E-01 0.340789E-02 -.270739E+01 -.264735E+01 0.371089E-02 0.825872E+00
   2 0.101667E+02 0.688681E-01 0.457761E-01 0.883433E-01 0.264736E-02 -.267712E+01 -.257109E+01 0.315251E-02 0.850124E+00
   2 0.102222E+02 0.617727E-01 0.431103E-01 0.809296E-01 0.195737E-02 -.264216E+01 -.256593E+01 0.266304E-02 0.881010E+00
   2 0.102778E+02 0.548746E-01 0.403479E-01 0.736062E-01 0.138327E-02 -.261029E+01 -.252836E+01 0.221408E-02 0.911094E+00
   2 0.103333E+02 0.491298E-01 0.380585E-01 0.674876E-01 0.965287E-03 -.258734E+01 -.249286E+01 0.186981E-02 0.937534E+00
   2 0.103889E+02 0.439963E-01 0.356118E-01 0.617133E-01 0.667474E-03 -.254893E+01 -.247392E+01 0.156678E-02 0.956597E+00
   2 0.104444E+02 0.393631E-01 0.335137E-01 0.565265E-01 0.426287E-03 -.252872E+01 -.245035E+01 0.131920E-02 0.974559E+00
   2 0.105000E+02 0.355933E-01 0.317019E-01 0.522501E-01 0.261877E-03 -.249588E+01 -.240533E+01 0.112838E-02 0.986713E+00
   2 0.105556E+02 0.327032E-01 0.299424E-01 0.487206E-01 0.172955E-03 -.246251E+01 -.233770E+01 0.979211E-03 0.992261E+00
   2 0.106111E+02 0.300463E-01 0.283389E-01 0.454911E-01 0.996872E-04 -.243720E+01 -.234978E+01 0.851482E-03 0.996585E+00
   2 0.106667E+02 0.277108E-01 0.266531E-01 0.424343E-01 0.575001E-04 -.240556E+01 -.230703E+01 0.738579E-03 0.998487E+00
   2 0.107222E+02 0.256756E-01 0.250915E-01 0.396742E-01 0.296521E-04 -.238552E+01 -.228191E+01 0.644238E-03 0.999471E+00
   2 0.107778E+02 0.240770E-01 0.235789E-01 0.372573E-01 0.237369E-04 -.235813E+01 -.228844E+01 0.567707E-03 0.999563E+00
   2 0.108333E+02 0.226875E-01 0.222794E-01 0.351534E-01 0.183535E-04 -.232696E+01 -.224784E+01 0.505464E-03 0.999671E+00
   2 0.108889E+02 0.213335E-01 0.209783E-01 0.330836E-01 0.150288E-04 -.230097E+01 -.219807E+01 0.447542E-03 0.999718E+00
   2 0.109444E+02 0.200808E-01 0.197952E-01 0.312010E-01 0.113882E-04 -.227157E+01 -.220323E+01 0.397502E-03 0.999795E+00
   2 0.110000E+02 0.189154E-01 0.186786E-01 0.294362E-01 0.890026E-05 -.225653E+01 -.218167E+01 0.353313E-03 0.999841E+00
   2 0.110556E+02 0.178655E-01 0.176957E-01 0.278505E-01 0.604088E-05 -.222608E+01 -.211614E+01 0.316142E-03 0.999909E+00
   2 0.111111E+02 0.168842E-01 0.168106E-01 0.263942E-01 0.248121E-05 -.220211E+01 -.212602E+01 0.283834E-03 0.999981E+00
   2 0.111667E+02 0.159721E-01 0.160266E-01 0.250471E-01 -.174137E-05 -.217501E+01 -.209790E+01 0.255979E-03 0.999988E+00
   2 0.112222E+02 0.152234E-01 0.152924E-01 0.238945E-01 -.210707E-05 -.214704E+01 -.207077E+01 0.232802E-03 0.999980E+00
   2 0.112778E+02 0.145468E-01 0.145532E-01 0.227801E-01 -.185865E-06 -.212832E+01 -.202598E+01 0.211703E-03 0.100000E+01
   2 0.113333E+02 0.138198E-01 0.138399E-01 0.216544E-01 -.555876E-06 -.210518E+01 -.201472E+01 0.191265E-03 0.999998E+00
   2 0.113889E+02 0.131456E-01 0.131584E-01 0.206052E-01 -.337974E-06 -.208673E+01 -.201045E+01 0.172975E-03 0.999999E+00
   2 0.114444E+02 0.125295E-01 0.125094E-01 0.196190E-01 0.502720E-06 -.206714E+01 -.199790E+01 0.156736E-03 0.999997E+00
   2 0.115000E+02 0.119373E-01 0.119957E-01 0.187590E-01 -.139839E-05 -.204432E+01 -.193432E+01 0.143197E-03 0.999976E+00
