 program J1J2_6          
 spatial system size               56
 J1                         1.0000000000000000     
 deltaJ1                    0.0000000000000000     
 J2                        -1.0000000000000000     
 J3                         1.0000000000000000     
 phi, xi                        2.0000000000000000        3.0000000000000000     
 impurity conc.             0.0000000000000000     
 impurity mode           RAN
 start                   STR
 stripe axis             X
 sampler mode            PT   
 update order            SEQ
 temperature protocol    INDEP
 PT start mode           COMMON
 PT ladder mode          LINEAR
 PT replicas                       64
 PT swap every                      5
 PT measure index                   1
 disorder configurations            2
 equilibration steps          1000000
 measurement steps             500000
 RNG seed                        9007
 ------------------------
 disorder configurations processed            2
    T      [<mag>]      [<mag>^2]      std.mag/sqrt(iconf)      [<susc>] .     std.susc/sqrt(iconf)      [<Binder>]      std.bin/sqrt(iconf) [log <mag>]  Global.Binder
 0.800000E+01 0.145760E-02 0.212463E-05 0.309704E-05 0.265926E-01 0.443938E-04 0.241367E-02 0.307532E-02 -.653097E+01 0.243253E-02
 0.805556E+01 0.146592E-02 0.214895E-05 0.313552E-05 0.266731E-01 0.985737E-04 0.387137E-02 0.136460E-03 -.652528E+01 0.384064E-02
 0.811111E+01 0.147200E-02 0.216679E-05 0.117782E-05 0.267372E-01 0.117364E-04 0.100298E-02 0.553228E-03 -.652113E+01 0.100281E-02
 0.816667E+01 0.148091E-02 0.219308E-05 0.113111E-06 0.268873E-01 0.265948E-04 0.141680E-02 0.125789E-02 -.651510E+01 0.141535E-02
 0.822222E+01 0.148564E-02 0.220713E-05 0.243777E-06 0.268831E-01 0.621553E-05 0.109771E-02 0.435138E-03 -.651191E+01 0.109805E-02
 0.827778E+01 0.149414E-02 0.223247E-05 0.202949E-05 0.270260E-01 0.225948E-04 0.143666E-02 0.264509E-02 -.650620E+01 0.144991E-02
 0.833333E+01 0.150280E-02 0.225841E-05 0.581659E-06 0.270901E-01 0.294502E-04 0.185370E-02 0.207587E-02 -.650042E+01 0.185451E-02
 0.838889E+01 0.150529E-02 0.226589E-05 0.130864E-05 0.270560E-01 0.496207E-04 0.403637E-03 0.675585E-04 -.649877E+01 0.397830E-03
 0.844444E+01 0.151774E-02 0.230356E-05 0.343251E-05 0.272356E-01 0.663413E-04 0.288879E-02 0.277813E-02 -.649054E+01 0.290236E-02
 0.850000E+01 0.152088E-02 0.231307E-05 0.378243E-07 0.272724E-01 0.695527E-05 0.587773E-03 0.535885E-03 -.648847E+01 0.587635E-03
 0.855556E+01 0.152798E-02 0.233471E-05 0.125109E-05 0.273517E-01 0.175083E-04 0.598807E-03 0.965596E-03 -.648381E+01 0.600482E-03
 0.861111E+01 0.153484E-02 0.235574E-05 0.522213E-06 0.274004E-01 0.409537E-04 0.113933E-03 0.188404E-02 -.647933E+01 0.113084E-03
 0.866667E+01 0.153927E-02 0.236936E-05 0.128846E-07 0.274370E-01 0.272039E-04 0.117528E-02 0.145436E-02 -.647645E+01 0.117285E-02
 0.872222E+01 0.154804E-02 0.239642E-05 0.791066E-06 0.275437E-01 0.260673E-04 -.182094E-03 0.644335E-03 -.647077E+01 -.181510E-03
 0.877778E+01 0.155212E-02 0.240909E-05 0.141824E-05 0.275309E-01 0.220192E-04 -.132648E-02 0.723212E-03 -.646813E+01 -.132650E-02
 0.883333E+01 0.155892E-02 0.243023E-05 0.108392E-06 0.275798E-01 0.487296E-05 0.346288E-03 0.440367E-03 -.646376E+01 0.346511E-03
 0.888889E+01 0.156557E-02 0.245100E-05 0.105268E-05 0.276177E-01 0.501678E-04 -.372760E-03 0.418647E-03 -.645951E+01 -.379898E-03
 0.894444E+01 0.157264E-02 0.247320E-05 0.177378E-05 0.276978E-01 0.223513E-04 0.235819E-02 0.354613E-03 -.645500E+01 0.235468E-02
 0.900000E+01 0.157738E-02 0.248812E-05 0.156580E-06 0.276766E-01 0.105344E-04 0.681821E-03 0.406288E-03 -.645199E+01 0.681840E-03
 0.905556E+01 0.158431E-02 0.251005E-05 0.801470E-06 0.277790E-01 0.327830E-04 0.608729E-03 0.646423E-03 -.644760E+01 0.603654E-03
 0.911111E+01 0.159059E-02 0.252999E-05 0.810063E-06 0.278376E-01 0.370129E-04 0.135085E-02 0.107472E-02 -.644365E+01 0.135151E-02
 0.916667E+01 0.159814E-02 0.255405E-05 0.723349E-06 0.279394E-01 0.180601E-04 -.248963E-02 0.174462E-02 -.643892E+01 -.248748E-02
 0.922222E+01 0.160261E-02 0.256837E-05 0.663170E-06 0.279352E-01 0.448566E-05 0.131782E-02 0.208465E-03 -.643612E+01 0.131762E-02
 0.927778E+01 0.160653E-02 0.258094E-05 0.221551E-06 0.278542E-01 0.365806E-04 -.133284E-02 0.173666E-02 -.643368E+01 -.133822E-02
 0.933333E+01 0.161436E-02 0.260616E-05 0.117335E-05 0.279894E-01 0.130557E-04 -.107757E-02 0.476034E-03 -.642882E+01 -.107788E-02
 0.938889E+01 0.162022E-02 0.262511E-05 0.129638E-05 0.280334E-01 0.505877E-04 -.140487E-02 0.743471E-03 -.642520E+01 -.141547E-02
 0.944444E+01 0.162615E-02 0.264437E-05 0.220729E-07 0.281141E-01 0.324777E-05 -.690007E-03 0.364444E-04 -.642154E+01 -.690012E-03
 0.950000E+01 0.163321E-02 0.266737E-05 0.337077E-06 0.281288E-01 0.449485E-04 0.109432E-02 0.139731E-02 -.641721E+01 0.108819E-02
 0.955556E+01 0.163847E-02 0.268459E-05 0.640622E-06 0.281533E-01 0.334325E-04 0.950083E-03 0.131942E-03 -.641399E+01 0.948848E-03
 0.961111E+01 0.164452E-02 0.270444E-05 0.632336E-06 0.281875E-01 0.194806E-04 -.772223E-07 0.100689E-02 -.641031E+01 0.180873E-05
 0.966667E+01 0.164961E-02 0.272121E-05 0.245224E-05 0.282702E-01 0.915560E-04 -.126202E-02 0.993121E-03 -.640722E+01 -.129308E-02
 0.972222E+01 0.165618E-02 0.274296E-05 0.254024E-05 0.282594E-01 0.108240E-03 0.249578E-02 0.127614E-02 -.640324E+01 0.245639E-02
 0.977778E+01 0.166147E-02 0.276047E-05 0.664008E-06 0.283477E-01 0.497489E-04 0.496250E-05 0.741781E-03 -.640005E+01 -.107154E-05
 0.983333E+01 0.166726E-02 0.277977E-05 0.934713E-06 0.283959E-01 0.393908E-04 0.183812E-02 0.127054E-02 -.639657E+01 0.182897E-02
 0.988889E+01 0.167376E-02 0.280147E-05 0.207593E-05 0.284830E-01 0.449254E-04 -.246422E-02 0.111366E-02 -.639269E+01 -.246391E-02
 0.994444E+01 0.167869E-02 0.281800E-05 0.838586E-06 0.284121E-01 0.268990E-04 0.147233E-02 0.464824E-03 -.638974E+01 0.147224E-02
 0.100000E+02 0.168225E-02 0.282996E-05 0.120956E-05 0.283970E-01 0.513194E-04 -.129657E-02 0.270407E-03 -.638762E+01 -.130322E-02
 0.100556E+02 0.168726E-02 0.284686E-05 0.731104E-06 0.284308E-01 0.175008E-04 -.445727E-02 0.137265E-03 -.638465E+01 -.445805E-02
 0.101111E+02 0.169183E-02 0.286229E-05 0.337053E-06 0.283748E-01 0.231469E-04 -.281063E-03 0.413812E-03 -.638194E+01 -.282579E-03
 0.101667E+02 0.169665E-02 0.287863E-05 0.170042E-05 0.283227E-01 0.195656E-04 0.171923E-02 0.278445E-02 -.637910E+01 0.173159E-02
 0.102222E+02 0.170271E-02 0.289924E-05 0.105727E-05 0.284173E-01 0.576833E-04 -.958941E-03 0.134927E-02 -.637553E+01 -.971863E-03
 0.102778E+02 0.170469E-02 0.290596E-05 0.176821E-05 0.283894E-01 0.639763E-04 0.465212E-03 0.115326E-02 -.637438E+01 0.465931E-03
 0.103333E+02 0.170953E-02 0.292250E-05 0.634961E-06 0.284052E-01 0.270534E-04 -.126154E-02 0.683989E-03 -.637154E+01 -.126065E-02
 0.103889E+02 0.171621E-02 0.294537E-05 0.548224E-06 0.283938E-01 0.572365E-04 0.113100E-02 0.117394E-02 -.636764E+01 0.112306E-02
 0.104444E+02 0.172257E-02 0.296725E-05 0.965371E-06 0.285062E-01 0.491652E-04 0.987263E-03 0.876151E-03 -.636394E+01 0.978975E-03
 0.105000E+02 0.172190E-02 0.296494E-05 0.179270E-05 0.282903E-01 0.349897E-04 -.318382E-03 0.879225E-03 -.636433E+01 -.318443E-03
 0.105556E+02 0.172631E-02 0.298016E-05 0.214949E-05 0.283022E-01 0.530388E-04 0.449534E-03 0.445369E-04 -.636177E+01 0.439669E-03
 0.106111E+02 0.173205E-02 0.300001E-05 0.211729E-05 0.284102E-01 0.396962E-04 -.108286E-02 0.129257E-02 -.635845E+01 -.108072E-02
 0.106667E+02 0.173588E-02 0.301330E-05 0.203363E-05 0.282563E-01 0.968550E-04 0.214359E-02 0.365839E-03 -.635624E+01 0.212464E-02
 0.107222E+02 0.174187E-02 0.303413E-05 0.227567E-05 0.283485E-01 0.752939E-04 -.525715E-03 0.119253E-03 -.635280E+01 -.540795E-03
 0.107778E+02 0.174194E-02 0.303435E-05 0.200008E-05 0.282006E-01 0.593648E-04 -.286538E-03 0.131210E-03 -.635276E+01 -.297628E-03
 0.108333E+02 0.174900E-02 0.305899E-05 0.135581E-05 0.283223E-01 0.267178E-04 0.485600E-03 0.543786E-04 -.634871E+01 0.482355E-03
 0.108889E+02 0.175150E-02 0.306775E-05 0.101217E-05 0.282023E-01 0.521856E-04 0.243056E-02 0.475377E-03 -.634728E+01 0.242393E-02
 0.109444E+02 0.175534E-02 0.308122E-05 0.243144E-05 0.282269E-01 0.258213E-04 0.279118E-03 0.182411E-02 -.634510E+01 0.285628E-03
 0.110000E+02 0.175813E-02 0.309104E-05 0.107706E-05 0.281431E-01 0.252648E-04 0.540685E-03 0.162204E-03 -.634350E+01 0.537521E-03
 0.110556E+02 0.176385E-02 0.311119E-05 0.271617E-05 0.282280E-01 0.419387E-04 -.120780E-02 0.152495E-02 -.634026E+01 -.120506E-02
 0.111111E+02 0.176746E-02 0.312392E-05 0.280832E-05 0.281891E-01 0.754003E-04 0.115147E-03 0.793676E-03 -.633822E+01 0.106718E-03
 0.111667E+02 0.177039E-02 0.313428E-05 0.225261E-05 0.281463E-01 0.102297E-03 0.133810E-02 0.112022E-02 -.633656E+01 0.130765E-02
 0.112222E+02 0.177421E-02 0.314782E-05 0.230627E-05 0.281952E-01 0.647111E-04 -.335131E-02 0.100369E-02 -.633440E+01 -.335375E-02
 0.112778E+02 0.177747E-02 0.315939E-05 0.154007E-05 0.280277E-01 0.844761E-04 0.294154E-02 0.538189E-03 -.633257E+01 0.292717E-02
 0.113333E+02 0.178085E-02 0.317144E-05 0.129984E-05 0.281063E-01 0.455262E-04 -.177558E-02 0.343433E-03 -.633066E+01 -.178228E-02
 0.113889E+02 0.178335E-02 0.318035E-05 0.128039E-05 0.280032E-01 0.302328E-04 0.120148E-02 0.608999E-04 -.632926E+01 0.119839E-02
 0.114444E+02 0.178733E-02 0.319457E-05 0.183666E-05 0.280251E-01 0.872034E-04 -.449720E-03 0.239276E-03 -.632703E+01 -.463962E-03
 0.115000E+02 0.179011E-02 0.320449E-05 0.155994E-05 0.279386E-01 0.842703E-04 -.728812E-03 0.816383E-03 -.632548E+01 -.745751E-03
