 program J1J2_6          
 spatial system size               56
 J1                         1.0000000000000000     
 deltaJ1                    0.0000000000000000     
 J2                        -1.0000000000000000     
 J3                         1.0000000000000000     
 phi, xi                        2.0000000000000000        3.0000000000000000     
 impurity conc.             0.0000000000000000     
 impurity mode           RAN
 start                   HOT
 stripe axis             X
 sampler mode            PT   
 update order            SEQ
 temperature protocol    INDEP
 PT start mode           COMMON
 PT ladder mode          LINEAR
 PT replicas                       64
 PT swap every                      5
 PT measure index                   1
 disorder configurations            2
 equilibration steps          1000000
 measurement steps             500000
 RNG seed                        9063
 ------------------------
 disorder configurations processed            2
    T      [<n>]      std.n/sqrt(iconf)      [<n^2>]      [<n^4>]      Global.Nematic.Binder      Nematic.Binder      Nematic.Binder.Error
 0.800000E+01 -.561078E-01 0.340532E-01 0.558195E-02 0.628577E-04 0.327542E+00 0.367397E+00 0.201929E+00
 0.805556E+01 -.555906E-01 0.339054E-01 0.550463E-02 0.611976E-04 0.326780E+00 0.364272E+00 0.203947E+00
 0.811111E+01 -.550369E-01 0.337602E-01 0.542397E-02 0.594855E-04 0.326007E+00 0.359127E+00 0.207415E+00
 0.816667E+01 -.545000E-01 0.336071E-01 0.534477E-02 0.578241E-04 0.325271E+00 0.355397E+00 0.209871E+00
 0.822222E+01 -.539870E-01 0.334466E-01 0.526790E-02 0.562136E-04 0.324780E+00 0.350182E+00 0.213423E+00
 0.827778E+01 -.534667E-01 0.332735E-01 0.518939E-02 0.546018E-04 0.324147E+00 0.348153E+00 0.214656E+00
 0.833333E+01 -.529963E-01 0.330848E-01 0.511454E-02 0.530807E-04 0.323602E+00 0.346346E+00 0.215742E+00
 0.838889E+01 -.525380E-01 0.329015E-01 0.504252E-02 0.516330E-04 0.323121E+00 0.342849E+00 0.218022E+00
 0.844444E+01 -.521102E-01 0.327008E-01 0.497133E-02 0.502231E-04 0.322613E+00 0.342660E+00 0.217970E+00
 0.850000E+01 -.517161E-01 0.325157E-01 0.490710E-02 0.489684E-04 0.322133E+00 0.341855E+00 0.218305E+00
 0.855556E+01 -.513514E-01 0.322898E-01 0.484051E-02 0.476667E-04 0.321871E+00 0.341451E+00 0.218406E+00
 0.861111E+01 -.509701E-01 0.320952E-01 0.477624E-02 0.464320E-04 0.321541E+00 0.338798E+00 0.220135E+00
 0.866667E+01 -.506209E-01 0.319029E-01 0.471659E-02 0.453028E-04 0.321190E+00 0.337234E+00 0.221043E+00
 0.872222E+01 -.502943E-01 0.317402E-01 0.466299E-02 0.443022E-04 0.320836E+00 0.337595E+00 0.220627E+00
 0.877778E+01 -.500028E-01 0.315599E-01 0.461145E-02 0.433364E-04 0.320708E+00 0.338560E+00 0.219790E+00
 0.883333E+01 -.496816E-01 0.313856E-01 0.455761E-02 0.423551E-04 0.320312E+00 0.337114E+00 0.220629E+00
 0.888889E+01 -.494139E-01 0.312140E-01 0.450999E-02 0.414915E-04 0.320034E+00 0.335161E+00 0.221822E+00
 0.894444E+01 -.491247E-01 0.310420E-01 0.445969E-02 0.405858E-04 0.319790E+00 0.335822E+00 0.221237E+00
 0.900000E+01 -.488752E-01 0.308808E-01 0.441550E-02 0.398004E-04 0.319533E+00 0.335751E+00 0.221118E+00
 0.905556E+01 -.485965E-01 0.307276E-01 0.436964E-02 0.389863E-04 0.319390E+00 0.334815E+00 0.221655E+00
 0.911111E+01 -.482987E-01 0.305634E-01 0.432080E-02 0.381368E-04 0.319081E+00 0.335145E+00 0.221252E+00
 0.916667E+01 -.480074E-01 0.304076E-01 0.427328E-02 0.373048E-04 0.319042E+00 0.334521E+00 0.221636E+00
 0.922222E+01 -.476863E-01 0.302225E-01 0.422052E-02 0.364105E-04 0.318645E+00 0.333904E+00 0.221845E+00
 0.927778E+01 -.473111E-01 0.300186E-01 0.416007E-02 0.353941E-04 0.318277E+00 0.333111E+00 0.222218E+00
 0.933333E+01 -.469152E-01 0.298143E-01 0.409837E-02 0.343702E-04 0.317915E+00 0.331817E+00 0.222931E+00
 0.938889E+01 -.465010E-01 0.295892E-01 0.403211E-02 0.332759E-04 0.317751E+00 0.330342E+00 0.223865E+00
 0.944444E+01 -.459940E-01 0.293621E-01 0.395857E-02 0.321031E-04 0.317112E+00 0.330196E+00 0.223682E+00
 0.950000E+01 -.454671E-01 0.291279E-01 0.388255E-02 0.309039E-04 0.316624E+00 0.328311E+00 0.224803E+00
 0.955556E+01 -.449246E-01 0.288799E-01 0.380442E-02 0.296899E-04 0.316229E+00 0.328145E+00 0.224698E+00
 0.961111E+01 -.444058E-01 0.286046E-01 0.372594E-02 0.284932E-04 0.315856E+00 0.328023E+00 0.224555E+00
 0.966667E+01 -.437983E-01 0.283501E-01 0.364320E-02 0.272768E-04 0.314976E+00 0.328048E+00 0.224179E+00
 0.972222E+01 -.431531E-01 0.280399E-01 0.355177E-02 0.259501E-04 0.314310E+00 0.323960E+00 0.226725E+00
 0.977778E+01 -.425408E-01 0.277670E-01 0.346888E-02 0.247688E-04 0.313874E+00 0.324766E+00 0.225848E+00
 0.983333E+01 -.419061E-01 0.274747E-01 0.338217E-02 0.235622E-04 0.313399E+00 0.324438E+00 0.225815E+00
 0.988889E+01 -.412566E-01 0.271709E-01 0.329498E-02 0.224017E-04 0.312215E+00 0.324014E+00 0.225586E+00
 0.994444E+01 -.405730E-01 0.268965E-01 0.320918E-02 0.212704E-04 0.311561E+00 0.321720E+00 0.226831E+00
 0.100000E+02 -.399609E-01 0.266023E-01 0.312748E-02 0.202207E-04 0.310894E+00 0.321085E+00 0.226951E+00
 0.100556E+02 -.393219E-01 0.263274E-01 0.304770E-02 0.192222E-04 0.310176E+00 0.319976E+00 0.227305E+00
 0.101111E+02 -.387032E-01 0.260619E-01 0.297104E-02 0.182847E-04 0.309521E+00 0.322192E+00 0.225367E+00
 0.101667E+02 -.380834E-01 0.257772E-01 0.289318E-02 0.173589E-04 0.308726E+00 0.321507E+00 0.225436E+00
 0.102222E+02 -.374862E-01 0.254959E-01 0.281891E-02 0.164902E-04 0.308264E+00 0.321647E+00 0.224961E+00
 0.102778E+02 -.369003E-01 0.252320E-01 0.274812E-02 0.156894E-04 0.307507E+00 0.319655E+00 0.225928E+00
 0.103333E+02 -.363446E-01 0.249509E-01 0.267852E-02 0.149190E-04 0.306852E+00 0.318347E+00 0.226447E+00
 0.103889E+02 -.357911E-01 0.246684E-01 0.261032E-02 0.141820E-04 0.306210E+00 0.320070E+00 0.224757E+00
 0.104444E+02 -.352517E-01 0.243857E-01 0.254364E-02 0.134743E-04 0.305817E+00 0.319702E+00 0.224658E+00
 0.105000E+02 -.347337E-01 0.240886E-01 0.247793E-02 0.128005E-04 0.305092E+00 0.320848E+00 0.223380E+00
 0.105556E+02 -.342567E-01 0.238046E-01 0.241724E-02 0.121916E-04 0.304497E+00 0.317827E+00 0.225087E+00
 0.106111E+02 -.337302E-01 0.234938E-01 0.235128E-02 0.115490E-04 0.303670E+00 0.318597E+00 0.224038E+00
 0.106667E+02 -.332352E-01 0.232187E-01 0.229203E-02 0.109808E-04 0.303256E+00 0.317016E+00 0.224721E+00
 0.107222E+02 -.327454E-01 0.229205E-01 0.223164E-02 0.104194E-04 0.302611E+00 0.317094E+00 0.224172E+00
 0.107778E+02 -.322703E-01 0.226098E-01 0.217164E-02 0.987517E-05 0.302015E+00 0.314547E+00 0.225509E+00
 0.108333E+02 -.318163E-01 0.223282E-01 0.211677E-02 0.939361E-05 0.301184E+00 0.317811E+00 0.222655E+00
 0.108889E+02 -.313461E-01 0.220143E-01 0.205834E-02 0.889276E-05 0.300350E+00 0.316869E+00 0.222786E+00
 0.109444E+02 -.308985E-01 0.217119E-01 0.200322E-02 0.842806E-05 0.299916E+00 0.316092E+00 0.222898E+00
 0.110000E+02 -.304714E-01 0.214107E-01 0.195016E-02 0.799997E-05 0.298825E+00 0.314234E+00 0.223600E+00
 0.110556E+02 -.300383E-01 0.211462E-01 0.190120E-02 0.761099E-05 0.298115E+00 0.315858E+00 0.221873E+00
 0.111111E+02 -.296349E-01 0.208368E-01 0.184988E-02 0.720846E-05 0.297843E+00 0.313194E+00 0.223423E+00
 0.111667E+02 -.292355E-01 0.205722E-01 0.180400E-02 0.686372E-05 0.296982E+00 0.313569E+00 0.222552E+00
 0.112222E+02 -.288763E-01 0.203066E-01 0.176049E-02 0.654492E-05 0.296091E+00 0.312315E+00 0.222930E+00
 0.112778E+02 -.284855E-01 0.200152E-01 0.171384E-02 0.620946E-05 0.295319E+00 0.314099E+00 0.221103E+00
 0.113333E+02 -.281309E-01 0.197540E-01 0.167239E-02 0.591821E-05 0.294669E+00 0.311667E+00 0.222286E+00
 0.113889E+02 -.277880E-01 0.194959E-01 0.163215E-02 0.564251E-05 0.293954E+00 0.312238E+00 0.221385E+00
 0.114444E+02 -.274743E-01 0.192514E-01 0.159519E-02 0.539425E-05 0.293384E+00 0.310906E+00 0.221861E+00
 0.115000E+02 -.271252E-01 0.189910E-01 0.155506E-02 0.513250E-05 0.292520E+00 0.312744E+00 0.220045E+00
