 program J1J2_6          
 spatial system size               56
 J1                         1.0000000000000000     
 deltaJ1                    0.0000000000000000     
 J2                        -1.0000000000000000     
 J3                         1.0000000000000000     
 phi, xi                        2.0000000000000000        3.0000000000000000     
 impurity conc.             0.0000000000000000     
 impurity mode           RAN
 start                   HOT
 stripe axis             X
 sampler mode            PT   
 update order            SEQ
 temperature protocol    INDEP
 PT start mode           COMMON
 PT ladder mode          LINEAR
 PT replicas                       64
 PT swap every                      5
 PT measure index                   1
 disorder configurations            2
 equilibration steps          1000000
 measurement steps             500000
 RNG seed                        9055
 ------------------------
 disorder configurations processed            2
    T      [<mag>]      [<mag>^2]      std.mag/sqrt(iconf)      [<susc>] .     std.susc/sqrt(iconf)      [<Binder>]      std.bin/sqrt(iconf) [log <mag>]  Global.Binder
 0.800000E+01 0.147388E-02 0.217264E-05 0.127196E-04 0.272167E-01 0.484694E-03 0.129543E-02 0.170885E-03 -.651993E+01 0.698614E-03
 0.805556E+01 0.148205E-02 0.219681E-05 0.129260E-04 0.272743E-01 0.433417E-03 0.460579E-02 0.993256E-03 -.651440E+01 0.410571E-02
 0.811111E+01 0.149060E-02 0.222224E-05 0.132489E-04 0.273900E-01 0.413870E-03 0.411134E-02 0.135444E-02 -.650865E+01 0.363974E-02
 0.816667E+01 0.149724E-02 0.224202E-05 0.121305E-04 0.275517E-01 0.440346E-03 -.521232E-03 0.456666E-03 -.650420E+01 -.101189E-02
 0.822222E+01 0.150355E-02 0.226096E-05 0.120640E-04 0.275407E-01 0.437794E-03 0.144707E-02 0.740211E-03 -.649999E+01 0.983725E-03
 0.827778E+01 0.151106E-02 0.228355E-05 0.112508E-04 0.275474E-01 0.401666E-03 0.457954E-02 0.305828E-03 -.649500E+01 0.416286E-02
 0.833333E+01 0.151946E-02 0.230895E-05 0.939748E-05 0.277355E-01 0.353926E-03 -.329261E-03 0.190423E-03 -.648944E+01 -.651940E-03
 0.838889E+01 0.152384E-02 0.232229E-05 0.967020E-05 0.276310E-01 0.306123E-03 0.497797E-02 0.147486E-02 -.648656E+01 0.475771E-02
 0.844444E+01 0.152846E-02 0.233633E-05 0.778903E-05 0.277296E-01 0.276690E-03 0.758338E-03 0.189696E-04 -.648352E+01 0.553142E-03
 0.850000E+01 0.153592E-02 0.235913E-05 0.624509E-05 0.277010E-01 0.222547E-03 0.309983E-02 0.277633E-03 -.647864E+01 0.296014E-02
 0.855556E+01 0.153922E-02 0.236929E-05 0.683718E-05 0.277103E-01 0.224851E-03 0.195449E-02 0.554177E-03 -.647650E+01 0.182579E-02
 0.861111E+01 0.154703E-02 0.239336E-05 0.506523E-05 0.278180E-01 0.191248E-03 0.269201E-02 0.616196E-03 -.647143E+01 0.258692E-02
 0.866667E+01 0.155190E-02 0.240839E-05 0.218649E-05 0.278921E-01 0.851467E-04 0.216703E-03 0.277102E-03 -.646828E+01 0.196631E-03
 0.872222E+01 0.155729E-02 0.242515E-05 0.176430E-05 0.278719E-01 0.298773E-04 0.126117E-02 0.212188E-03 -.646481E+01 0.125291E-02
 0.877778E+01 0.156480E-02 0.244861E-05 0.132544E-05 0.279548E-01 0.191161E-04 -.646786E-03 0.157336E-02 -.646000E+01 -.641958E-03
 0.883333E+01 0.157344E-02 0.247573E-05 0.174552E-05 0.281048E-01 0.190376E-04 0.487591E-04 0.128697E-03 -.645449E+01 0.441119E-04
 0.888889E+01 0.158146E-02 0.250100E-05 0.916345E-06 0.281631E-01 0.143114E-04 0.908247E-03 0.179784E-02 -.644941E+01 0.911616E-03
 0.894444E+01 0.158635E-02 0.251651E-05 0.121478E-05 0.281896E-01 0.245163E-04 0.108141E-02 0.221455E-02 -.644632E+01 0.108952E-02
 0.900000E+01 0.159293E-02 0.253741E-05 0.179998E-06 0.281754E-01 0.817019E-05 0.318127E-02 0.200010E-02 -.644218E+01 0.318158E-02
 0.905556E+01 0.159783E-02 0.255306E-05 0.601244E-06 0.282482E-01 0.372481E-04 -.195508E-03 0.246026E-02 -.643911E+01 -.195507E-03
 0.911111E+01 0.160369E-02 0.257183E-05 0.131731E-05 0.282639E-01 0.809692E-05 0.143882E-02 0.449667E-03 -.643545E+01 0.143824E-02
 0.916667E+01 0.161098E-02 0.259526E-05 0.137430E-06 0.283840E-01 0.118470E-04 -.946893E-03 0.140664E-03 -.643091E+01 -.946921E-03
 0.922222E+01 0.161955E-02 0.262294E-05 0.488189E-06 0.284401E-01 0.112067E-04 0.115577E-02 0.231964E-02 -.642561E+01 0.115789E-02
 0.927778E+01 0.162345E-02 0.263561E-05 0.785703E-06 0.285027E-01 0.632491E-05 -.125193E-02 0.251192E-02 -.642320E+01 -.124712E-02
 0.933333E+01 0.162788E-02 0.265000E-05 0.116937E-05 0.284679E-01 0.112580E-04 -.124209E-05 0.289639E-02 -.642048E+01 0.877860E-05
 0.938889E+01 0.163374E-02 0.266910E-05 0.115873E-05 0.285060E-01 0.763521E-04 -.106354E-02 0.962340E-03 -.641689E+01 -.107781E-02
 0.944444E+01 0.164225E-02 0.269698E-05 0.252782E-05 0.286386E-01 0.357640E-04 -.583530E-03 0.251158E-03 -.641169E+01 -.592761E-03
 0.950000E+01 0.164668E-02 0.271156E-05 0.698877E-06 0.286326E-01 0.351992E-06 -.798177E-03 0.331939E-03 -.640899E+01 -.799463E-03
 0.955556E+01 0.165071E-02 0.272484E-05 0.236118E-06 0.285941E-01 0.548868E-07 0.138781E-02 0.412590E-03 -.640655E+01 0.138804E-02
 0.961111E+01 0.165605E-02 0.274252E-05 0.217815E-05 0.285669E-01 0.107545E-03 0.133399E-02 0.484625E-03 -.640332E+01 0.132140E-02
 0.966667E+01 0.166201E-02 0.276228E-05 0.153262E-05 0.285801E-01 0.956684E-04 0.209656E-02 0.173236E-02 -.639973E+01 0.206860E-02
 0.972222E+01 0.166884E-02 0.278502E-05 0.537545E-06 0.286433E-01 0.260736E-04 0.185908E-02 0.381511E-03 -.639563E+01 0.185685E-02
 0.977778E+01 0.167416E-02 0.280282E-05 0.301339E-05 0.287640E-01 0.750083E-04 -.507962E-03 0.691623E-03 -.639245E+01 -.519996E-03
 0.983333E+01 0.168005E-02 0.282258E-05 0.282056E-05 0.286553E-01 0.888663E-04 0.392863E-02 0.280686E-03 -.638893E+01 0.390373E-02
 0.988889E+01 0.168531E-02 0.284028E-05 0.571641E-06 0.287669E-01 0.709532E-04 0.138338E-02 0.235059E-02 -.638580E+01 0.136737E-02
 0.994444E+01 0.168903E-02 0.285284E-05 0.386995E-05 0.287531E-01 0.140878E-03 0.443284E-03 0.984571E-03 -.638361E+01 0.380667E-03
 0.100000E+02 0.169477E-02 0.287226E-05 0.349581E-05 0.288308E-01 0.142390E-03 -.349762E-03 0.108085E-02 -.638021E+01 -.407985E-03
 0.100556E+02 0.170262E-02 0.289891E-05 0.223601E-05 0.288231E-01 0.555779E-04 0.152302E-02 0.117188E-04 -.637559E+01 0.151166E-02
 0.101111E+02 0.170676E-02 0.291303E-05 0.104996E-05 0.288607E-01 0.133659E-04 0.752406E-03 0.125667E-03 -.637316E+01 0.750118E-03
 0.101667E+02 0.171064E-02 0.292631E-05 0.200661E-05 0.288322E-01 0.822195E-04 -.197688E-03 0.259050E-03 -.637089E+01 -.207868E-03
 0.102222E+02 0.171584E-02 0.294412E-05 0.832208E-06 0.288731E-01 0.670320E-05 0.530349E-03 0.123143E-03 -.636785E+01 0.529018E-03
 0.102778E+02 0.171963E-02 0.295712E-05 0.263393E-06 0.288534E-01 0.495108E-04 -.305288E-03 0.137512E-02 -.636565E+01 -.311132E-03
 0.103333E+02 0.172668E-02 0.298141E-05 0.588866E-06 0.289289E-01 0.489920E-04 0.740372E-03 0.280211E-02 -.636156E+01 0.738274E-03
 0.103889E+02 0.172875E-02 0.298859E-05 0.256649E-05 0.288861E-01 0.131301E-03 -.114003E-02 0.239894E-02 -.636036E+01 -.119915E-02
 0.104444E+02 0.173335E-02 0.300452E-05 0.210574E-05 0.288293E-01 0.168251E-04 0.217660E-03 0.176837E-02 -.635770E+01 0.223916E-03
 0.105000E+02 0.173959E-02 0.302618E-05 0.221633E-05 0.288756E-01 0.123738E-03 0.261241E-03 0.135373E-02 -.635411E+01 0.223818E-03
 0.105556E+02 0.174298E-02 0.303797E-05 0.158065E-05 0.288652E-01 0.101788E-03 0.760461E-03 0.202034E-02 -.635216E+01 0.728911E-03
 0.106111E+02 0.174591E-02 0.304819E-05 0.193217E-05 0.288263E-01 0.120373E-04 -.116121E-03 0.958496E-03 -.635048E+01 -.115008E-03
 0.106667E+02 0.174950E-02 0.306074E-05 0.502064E-06 0.287505E-01 0.308960E-04 -.401507E-03 0.168329E-02 -.634843E+01 -.401676E-03
 0.107222E+02 0.175646E-02 0.308514E-05 0.642378E-06 0.288138E-01 0.347612E-04 -.316385E-04 0.290155E-03 -.634446E+01 -.322236E-04
 0.107778E+02 0.175716E-02 0.308762E-05 0.131980E-05 0.287259E-01 0.662920E-04 -.323095E-02 0.171241E-02 -.634406E+01 -.324971E-02
 0.108333E+02 0.176267E-02 0.310702E-05 0.793482E-06 0.288224E-01 0.956520E-05 -.249516E-02 0.604849E-03 -.634092E+01 -.249448E-02
 0.108889E+02 0.176669E-02 0.312119E-05 0.179379E-05 0.286394E-01 0.256383E-04 0.301013E-02 0.110503E-02 -.633865E+01 0.301206E-02
 0.109444E+02 0.177032E-02 0.313403E-05 0.137126E-05 0.286499E-01 0.325381E-04 0.296132E-02 0.367083E-02 -.633660E+01 0.296910E-02
 0.110000E+02 0.177289E-02 0.314315E-05 0.221100E-06 0.286421E-01 0.264210E-04 0.106717E-02 0.151245E-02 -.633514E+01 0.106369E-02
 0.110556E+02 0.177581E-02 0.315350E-05 0.162199E-05 0.285574E-01 0.572972E-04 0.223597E-02 0.326798E-03 -.633350E+01 0.223130E-02
 0.111111E+02 0.177996E-02 0.316825E-05 0.348923E-06 0.285841E-01 0.677163E-05 0.184629E-04 0.711371E-03 -.633117E+01 0.179442E-04
 0.111667E+02 0.178689E-02 0.319299E-05 0.169824E-05 0.286278E-01 0.845438E-04 0.132562E-02 0.135545E-03 -.632728E+01 0.131645E-02
 0.112222E+02 0.178794E-02 0.319671E-05 0.114941E-05 0.285597E-01 0.231301E-04 -.422650E-03 0.708740E-03 -.632669E+01 -.421973E-03
 0.112778E+02 0.179081E-02 0.320701E-05 0.104708E-05 0.284346E-01 0.854591E-04 0.129766E-02 0.129940E-02 -.632509E+01 0.128139E-02
 0.113333E+02 0.179262E-02 0.321351E-05 0.136068E-05 0.284445E-01 0.580129E-05 -.181407E-02 0.950897E-03 -.632408E+01 -.181228E-02
 0.113889E+02 0.179587E-02 0.322515E-05 0.301709E-06 0.283696E-01 0.515412E-05 -.861819E-03 0.237037E-03 -.632227E+01 -.862241E-03
 0.114444E+02 0.179790E-02 0.323244E-05 0.183469E-05 0.283586E-01 0.240203E-04 -.102877E-02 0.112769E-02 -.632114E+01 -.102669E-02
 0.115000E+02 0.180123E-02 0.324444E-05 0.226084E-06 0.282685E-01 0.247987E-04 -.215408E-03 0.129049E-02 -.631928E+01 -.216278E-03
