 program J1J2_6          
 spatial system size               10
 J1                         1.0000000000000000     
 deltaJ1                    0.0000000000000000     
 J2                        -1.0000000000000000     
 J3                         1.0000000000000000     
 phi, xi                        2.0000000000000000        3.0000000000000000     
 impurity conc.             0.0000000000000000     
 impurity mode           RAN
 start                   HOT
 stripe axis             X
 sampler mode            PT   
 update order            SEQ
 temperature protocol    INDEP
 PT start mode           COMMON
 PT ladder mode          LINEAR
 PT replicas                       20
 PT swap every                      5
 PT measure index                   1
 disorder configurations          100
 equilibration steps           100000
 measurement steps             100000
 RNG seed                           1
 ------------------------
 disorder configurations processed          100
    T      absstr    str2      str4      nem      Global.Strip.Binder      Strip.susc  Local.Strip.Binder     Local.Strip.Binder.Error      Strip.OP.error      stri.susc.error strx   strx2   strx4   Local.Strx.Binder    Local.Strx.Binder.Error  stry   stry2   stry4   Local.Stry.Binder    Local.Stry.Binder.Error absstrx_absstry  absstrx_absstry.Error  coex_angle  coex_angle.Error
 0.800000E+01 0.477692E+00 0.247657E+00 0.791294E-01 0.204809E+00 0.709861E+00 0.385189E+00 0.922140E+00 0.100134E-01 0.128008E-01 0.248757E-01 0.265101E+00 0.111721E+00 0.302215E-01 0.481157E+00 0.195881E-01 0.302367E+00 0.135936E+00 0.418525E-01 0.517508E+00 0.178022E-01 0.478093E-01 0.273760E-02 0.357821E+00 0.343908E-01
 0.818421E+01 0.457003E+00 0.229772E+00 0.704893E-01 0.192093E+00 0.664849E+00 0.417451E+00 0.904018E+00 0.119592E-01 0.132301E-01 0.253801E-01 0.252641E+00 0.103584E+00 0.268644E-01 0.465052E+00 0.202588E-01 0.287935E+00 0.126188E+00 0.377950E-01 0.501653E+00 0.185606E-01 0.427389E-01 0.252900E-02 0.354189E+00 0.345295E-01
 0.836842E+01 0.435904E+00 0.212250E+00 0.624740E-01 0.179189E+00 0.613235E+00 0.450111E+00 0.882736E+00 0.139348E-01 0.135911E-01 0.257890E-01 0.240243E+00 0.956192E-01 0.237037E-01 0.448619E+00 0.208391E-01 0.273401E+00 0.116631E+00 0.339768E-01 0.485190E+00 0.191774E-01 0.381031E-01 0.232448E-02 0.352493E+00 0.347314E-01
 0.855263E+01 0.414381E+00 0.195100E+00 0.550524E-01 0.166204E+00 0.553692E+00 0.482247E+00 0.857990E+00 0.159355E-01 0.138794E-01 0.259781E-01 0.227841E+00 0.878138E-01 0.207383E-01 0.431318E+00 0.213954E-01 0.258748E+00 0.107286E+00 0.303991E-01 0.467382E+00 0.197748E-01 0.338446E-01 0.212415E-02 0.352611E+00 0.349676E-01
 0.873684E+01 0.392571E+00 0.178439E+00 0.482375E-01 0.153215E+00 0.485025E+00 0.513742E+00 0.829273E+00 0.179312E-01 0.140849E-01 0.259616E-01 0.215480E+00 0.802071E-01 0.179868E-01 0.414149E+00 0.217540E-01 0.244174E+00 0.982319E-01 0.270662E-01 0.448541E+00 0.203285E-01 0.300022E-01 0.193088E-02 0.354972E+00 0.352193E-01
 0.892105E+01 0.370470E+00 0.162275E+00 0.419974E-01 0.140329E+00 0.405155E+00 0.543778E+00 0.796132E+00 0.199063E-01 0.142043E-01 0.262807E-01 0.203108E+00 0.727897E-01 0.154449E-01 0.396235E+00 0.220421E-01 0.229628E+00 0.894853E-01 0.239792E-01 0.428913E+00 0.207144E-01 0.265043E-01 0.174380E-02 0.358983E+00 0.354538E-01
 0.910526E+01 0.348325E+00 0.146763E+00 0.363431E-01 0.127709E+00 0.312711E+00 0.569134E+00 0.758386E+00 0.218851E-01 0.142304E-01 0.270403E-01 0.190820E+00 0.656339E-01 0.131254E-01 0.377304E+00 0.222678E-01 0.215292E+00 0.811290E-01 0.211490E-01 0.408384E+00 0.209958E-01 0.233542E-01 0.156586E-02 0.364969E+00 0.356418E-01
 0.928947E+01 0.326338E+00 0.132027E+00 0.312764E-01 0.115508E+00 0.205726E+00 0.587863E+00 0.716494E+00 0.237534E-01 0.141669E-01 0.277542E-01 0.178747E+00 0.588179E-01 0.110414E-01 0.358960E+00 0.222609E-01 0.201233E+00 0.732094E-01 0.185803E-01 0.387118E+00 0.211444E-01 0.205285E-01 0.139663E-02 0.373022E+00 0.357907E-01
 0.947368E+01 0.304736E+00 0.118171E+00 0.267706E-01 0.103863E+00 0.829423E-01 0.597848E+00 0.670291E+00 0.254882E-01 0.140155E-01 0.279092E-01 0.166905E+00 0.523708E-01 0.919480E-02 0.338775E+00 0.222856E-01 0.187653E+00 0.658004E-01 0.162577E-01 0.365147E+00 0.211745E-01 0.180150E-01 0.123933E-02 0.382993E+00 0.358884E-01
 0.965789E+01 0.283777E+00 0.105288E+00 0.227962E-01 0.928831E-01 -.563936E-01 0.599714E+00 0.620425E+00 0.270801E-01 0.137719E-01 0.278586E-01 0.155444E+00 0.463241E-01 0.756260E-02 0.318830E+00 0.220576E-01 0.174678E+00 0.589639E-01 0.141863E-01 0.342535E+00 0.211198E-01 0.157986E-01 0.109400E-02 0.394829E+00 0.359324E-01
 0.984211E+01 0.263598E+00 0.934334E-01 0.193366E-01 0.826754E-01 -.215013E+00 0.593345E+00 0.566825E+00 0.285490E-01 0.134573E-01 0.275610E-01 0.144398E+00 0.407261E-01 0.615016E-02 0.298882E+00 0.216986E-01 0.162359E+00 0.527073E-01 0.123575E-01 0.320628E+00 0.207934E-01 0.138398E-01 0.961311E-03 0.408385E+00 0.358904E-01
 0.100263E+02 0.244464E+00 0.826329E-01 0.163263E-01 0.732676E-01 -.391009E+00 0.578743E+00 0.512038E+00 0.297068E-01 0.130643E-01 0.273883E-01 0.133906E+00 0.355750E-01 0.492977E-02 0.278999E+00 0.211891E-01 0.150830E+00 0.470579E-01 0.107400E-01 0.297695E+00 0.204761E-01 0.121325E-01 0.843719E-03 0.423966E+00 0.358016E-01
 0.102105E+02 0.226352E+00 0.728496E-01 0.137335E-01 0.646660E-01 -.587783E+00 0.559917E+00 0.454539E+00 0.306429E-01 0.126084E-01 0.274255E-01 0.123894E+00 0.308547E-01 0.388954E-02 0.258175E+00 0.206488E-01 0.140115E+00 0.419948E-01 0.932337E-02 0.275002E+00 0.200082E-01 0.106429E-01 0.739637E-03 0.440488E+00 0.355995E-01
 0.103947E+02 0.209521E+00 0.640766E-01 0.114954E-01 0.568944E-01 -.799783E+00 0.534680E+00 0.397979E+00 0.312308E-01 0.120911E-01 0.274703E-01 0.114502E+00 0.265820E-01 0.301825E-02 0.238482E+00 0.199198E-01 0.130343E+00 0.374946E-01 0.806451E-02 0.252841E+00 0.194804E-01 0.935853E-02 0.645295E-03 0.458932E+00 0.353764E-01
 0.105789E+02 0.193934E+00 0.562580E-01 0.958042E-02 0.499242E-01 -.102702E+01 0.506759E+00 0.342511E+00 0.313857E-01 0.115268E-01 0.276414E-01 0.105637E+00 0.227360E-01 0.230100E-02 0.218448E+00 0.190659E-01 0.121508E+00 0.335220E-01 0.695158E-02 0.231887E+00 0.188894E-01 0.824434E-02 0.560931E-03 0.478010E+00 0.350592E-01
 0.107632E+02 0.179597E+00 0.493287E-01 0.794469E-02 0.437006E-01 -.126496E+01 0.475797E+00 0.287770E+00 0.313478E-01 0.109328E-01 0.272636E-01 0.974501E-01 0.193454E-01 0.172660E-02 0.199633E+00 0.180488E-01 0.113479E+00 0.299833E-01 0.595658E-02 0.211066E+00 0.183171E-01 0.728730E-02 0.486889E-03 0.498589E+00 0.346932E-01
 0.109474E+02 0.166522E+00 0.432217E-01 0.655351E-02 0.381946E-01 -.150809E+01 0.443043E+00 0.236356E+00 0.308970E-01 0.103160E-01 0.261035E-01 0.899305E-01 0.164055E-01 0.128031E-02 0.180619E+00 0.169446E-01 0.106238E+00 0.268162E-01 0.506366E-02 0.192440E+00 0.176797E-01 0.646320E-02 0.421864E-03 0.519389E+00 0.342657E-01
 0.111316E+02 0.154650E+00 0.378515E-01 0.536688E-02 0.333258E-01 -.174589E+01 0.409543E+00 0.187308E+00 0.303694E-01 0.968304E-02 0.242913E-01 0.831601E-01 0.139111E-01 0.942838E-03 0.161947E+00 0.157650E-01 0.996436E-01 0.239404E-01 0.425525E-02 0.175007E+00 0.170545E-01 0.576126E-02 0.366288E-03 0.541110E+00 0.337499E-01
 0.113158E+02 0.144027E+00 0.332043E-01 0.437468E-02 0.291033E-01 -.196787E+01 0.377693E+00 0.143554E+00 0.294506E-01 0.904796E-02 0.224073E-01 0.772297E-01 0.118673E-01 0.697791E-03 0.144935E+00 0.144716E-01 0.936067E-01 0.213370E-01 0.353977E-02 0.159033E+00 0.164267E-01 0.515949E-02 0.319400E-03 0.562301E+00 0.331983E-01
 0.115000E+02 0.134417E+00 0.291119E-01 0.352996E-02 0.253662E-01 -.216514E+01 0.348089E+00 0.102241E+00 0.284768E-01 0.839101E-02 0.209367E-01 0.719536E-01 0.101643E-01 0.516369E-03 0.128287E+00 0.131517E-01 0.880830E-01 0.189476E-01 0.290143E-02 0.143553E+00 0.158525E-01 0.464362E-02 0.278803E-03 0.583327E+00 0.325572E-01
