 iconf, T, nbar, nbar2, nbar4, nbinder
   1 0.800000E+01 -.290664E+00 0.845993E-01 0.719553E-02 0.664874E+00
   1 0.805556E+01 -.288782E+00 0.835081E-01 0.701142E-02 0.664859E+00
   1 0.811111E+01 -.286873E+00 0.824106E-01 0.682925E-02 0.664814E+00
   1 0.816667E+01 -.284901E+00 0.812835E-01 0.664435E-02 0.664783E+00
   1 0.822222E+01 -.282979E+00 0.801918E-01 0.646748E-02 0.664761E+00
   1 0.827778E+01 -.280965E+00 0.790564E-01 0.628629E-02 0.664727E+00
   1 0.833333E+01 -.278982E+00 0.779469E-01 0.611174E-02 0.664690E+00
   1 0.838889E+01 -.276964E+00 0.768254E-01 0.593777E-02 0.664654E+00
   1 0.844444E+01 -.274920E+00 0.756972E-01 0.576519E-02 0.664624E+00
   1 0.850000E+01 -.272861E+00 0.745701E-01 0.559550E-02 0.664581E+00
   1 0.855556E+01 -.270844E+00 0.734735E-01 0.543270E-02 0.664546E+00
   1 0.861111E+01 -.268797E+00 0.723685E-01 0.527102E-02 0.664514E+00
   1 0.866667E+01 -.266746E+00 0.712704E-01 0.511275E-02 0.664483E+00
   1 0.872222E+01 -.264643E+00 0.701534E-01 0.495435E-02 0.664441E+00
   1 0.877778E+01 -.262614E+00 0.690837E-01 0.480507E-02 0.664396E+00
   1 0.883333E+01 -.260575E+00 0.680169E-01 0.465825E-02 0.664364E+00
   1 0.888889E+01 -.258512E+00 0.669462E-01 0.451334E-02 0.664320E+00
   1 0.894444E+01 -.256489E+00 0.659050E-01 0.437459E-02 0.664278E+00
   1 0.900000E+01 -.254458E+00 0.648672E-01 0.423845E-02 0.664236E+00
   1 0.905556E+01 -.252426E+00 0.638372E-01 0.410538E-02 0.664197E+00
   1 0.911111E+01 -.250394E+00 0.628153E-01 0.397544E-02 0.664159E+00
   1 0.916667E+01 -.248356E+00 0.617994E-01 0.384843E-02 0.664113E+00
   1 0.922222E+01 -.246275E+00 0.607699E-01 0.372174E-02 0.664072E+00
   1 0.927778E+01 -.244231E+00 0.597675E-01 0.360047E-02 0.664024E+00
   1 0.933333E+01 -.242102E+00 0.587319E-01 0.347720E-02 0.663983E+00
   1 0.938889E+01 -.239952E+00 0.576945E-01 0.335577E-02 0.663951E+00
   1 0.944444E+01 -.237731E+00 0.566333E-01 0.323390E-02 0.663906E+00
   1 0.950000E+01 -.235514E+00 0.555843E-01 0.311566E-02 0.663857E+00
   1 0.955556E+01 -.233251E+00 0.545233E-01 0.299837E-02 0.663798E+00
   1 0.961111E+01 -.230986E+00 0.534712E-01 0.288411E-02 0.663759E+00
   1 0.966667E+01 -.228705E+00 0.524224E-01 0.277253E-02 0.663704E+00
   1 0.972222E+01 -.226402E+00 0.513738E-01 0.266304E-02 0.663663E+00
   1 0.977778E+01 -.224056E+00 0.503169E-01 0.255507E-02 0.663601E+00
   1 0.983333E+01 -.221735E+00 0.492819E-01 0.245141E-02 0.663549E+00
   1 0.988889E+01 -.219407E+00 0.482544E-01 0.235066E-02 0.663492E+00
   1 0.994444E+01 -.217116E+00 0.472541E-01 0.225462E-02 0.663432E+00
   1 0.100000E+02 -.214743E+00 0.462292E-01 0.215828E-02 0.663369E+00
   1 0.100556E+02 -.212479E+00 0.452611E-01 0.206916E-02 0.663315E+00
   1 0.101111E+02 -.210205E+00 0.442994E-01 0.198251E-02 0.663258E+00
   1 0.101667E+02 -.207934E+00 0.433489E-01 0.189861E-02 0.663210E+00
   1 0.102222E+02 -.205716E+00 0.424318E-01 0.181956E-02 0.663130E+00
   1 0.102778E+02 -.203487E+00 0.415190E-01 0.174238E-02 0.663079E+00
   1 0.103333E+02 -.201248E+00 0.406124E-01 0.166747E-02 0.663008E+00
   1 0.103889E+02 -.199045E+00 0.397300E-01 0.159611E-02 0.662943E+00
   1 0.104444E+02 -.196871E+00 0.388689E-01 0.152800E-02 0.662869E+00
   1 0.105000E+02 -.194718E+00 0.380251E-01 0.146260E-02 0.662817E+00
   1 0.105556E+02 -.192589E+00 0.372001E-01 0.140014E-02 0.662742E+00
   1 0.106111E+02 -.190475E+00 0.363897E-01 0.134005E-02 0.662681E+00
   1 0.106667E+02 -.188388E+00 0.355984E-01 0.128265E-02 0.662616E+00
   1 0.107222E+02 -.186303E+00 0.348165E-01 0.122716E-02 0.662549E+00
   1 0.107778E+02 -.184204E+00 0.340387E-01 0.117327E-02 0.662456E+00
   1 0.108333E+02 -.182151E+00 0.332857E-01 0.112212E-02 0.662399E+00
   1 0.108889E+02 -.180056E+00 0.325260E-01 0.107168E-02 0.662339E+00
   1 0.109444E+02 -.178005E+00 0.317912E-01 0.102408E-02 0.662248E+00
   1 0.110000E+02 -.175958E+00 0.310658E-01 0.978066E-03 0.662183E+00
   1 0.110556E+02 -.173907E+00 0.303483E-01 0.933690E-03 0.662080E+00
   1 0.111111E+02 -.171885E+00 0.296482E-01 0.891278E-03 0.662016E+00
   1 0.111667E+02 -.169807E+00 0.289373E-01 0.849258E-03 0.661933E+00
   1 0.112222E+02 -.167775E+00 0.282511E-01 0.809704E-03 0.661830E+00
   1 0.112778E+02 -.165663E+00 0.275466E-01 0.770064E-03 0.661724E+00
   1 0.113333E+02 -.163618E+00 0.268725E-01 0.733035E-03 0.661633E+00
   1 0.113889E+02 -.161515E+00 0.261880E-01 0.696355E-03 0.661542E+00
   1 0.114444E+02 -.159507E+00 0.255427E-01 0.662655E-03 0.661442E+00
   1 0.115000E+02 -.157424E+00 0.248819E-01 0.629003E-03 0.661339E+00
   2 0.800000E+01 0.493274E+00 0.243432E+00 0.593691E-01 0.666049E+00
   2 0.805556E+01 0.489816E+00 0.240033E+00 0.577245E-01 0.666038E+00
   2 0.811111E+01 0.486327E+00 0.236627E+00 0.560998E-01 0.666027E+00
   2 0.816667E+01 0.482794E+00 0.233204E+00 0.544905E-01 0.666015E+00
   2 0.822222E+01 0.479231E+00 0.229776E+00 0.529022E-01 0.666004E+00
   2 0.827778E+01 0.475657E+00 0.226364E+00 0.513447E-01 0.665990E+00
   2 0.833333E+01 0.472084E+00 0.222978E+00 0.498214E-01 0.665981E+00
   2 0.838889E+01 0.468441E+00 0.219553E+00 0.483053E-01 0.665963E+00
   2 0.844444E+01 0.464729E+00 0.216089E+00 0.467949E-01 0.665950E+00
   2 0.850000E+01 0.461040E+00 0.212674E+00 0.453291E-01 0.665939E+00
   2 0.855556E+01 0.457302E+00 0.209241E+00 0.438791E-01 0.665927E+00
   2 0.861111E+01 0.453553E+00 0.205828E+00 0.424616E-01 0.665907E+00
   2 0.866667E+01 0.449738E+00 0.202382E+00 0.410535E-01 0.665893E+00
   2 0.872222E+01 0.445949E+00 0.198988E+00 0.396897E-01 0.665879E+00
   2 0.877778E+01 0.442087E+00 0.195559E+00 0.383356E-01 0.665862E+00
   2 0.883333E+01 0.438192E+00 0.192131E+00 0.370056E-01 0.665843E+00
   2 0.888889E+01 0.434300E+00 0.188734E+00 0.357098E-01 0.665832E+00
   2 0.894444E+01 0.430355E+00 0.185324E+00 0.344323E-01 0.665818E+00
   2 0.900000E+01 0.426362E+00 0.181903E+00 0.331749E-01 0.665799E+00
   2 0.905556E+01 0.422336E+00 0.178486E+00 0.319419E-01 0.665783E+00
   2 0.911111E+01 0.418281E+00 0.175078E+00 0.307357E-01 0.665759E+00
   2 0.916667E+01 0.414189E+00 0.171672E+00 0.295527E-01 0.665744E+00
   2 0.922222E+01 0.410066E+00 0.168273E+00 0.283956E-01 0.665726E+00
   2 0.927778E+01 0.405890E+00 0.164866E+00 0.272593E-01 0.665703E+00
   2 0.933333E+01 0.401694E+00 0.161477E+00 0.261517E-01 0.665684E+00
   2 0.938889E+01 0.397454E+00 0.158088E+00 0.250665E-01 0.665669E+00
   2 0.944444E+01 0.393207E+00 0.154730E+00 0.240148E-01 0.665645E+00
   2 0.950000E+01 0.388955E+00 0.151405E+00 0.229953E-01 0.665621E+00
   2 0.955556E+01 0.384634E+00 0.148062E+00 0.219923E-01 0.665601E+00
   2 0.961111E+01 0.380340E+00 0.144777E+00 0.210293E-01 0.665573E+00
   2 0.966667E+01 0.375944E+00 0.141452E+00 0.200752E-01 0.665556E+00
   2 0.972222E+01 0.371596E+00 0.138202E+00 0.191648E-01 0.665530E+00
   2 0.977778E+01 0.367209E+00 0.134960E+00 0.182778E-01 0.665504E+00
   2 0.983333E+01 0.362802E+00 0.131743E+00 0.174183E-01 0.665475E+00
   2 0.988889E+01 0.358385E+00 0.128558E+00 0.165876E-01 0.665446E+00
   2 0.994444E+01 0.353951E+00 0.125399E+00 0.157836E-01 0.665421E+00
   2 0.100000E+02 0.349456E+00 0.122237E+00 0.149990E-01 0.665389E+00
   2 0.100556E+02 0.344984E+00 0.119131E+00 0.142477E-01 0.665361E+00
   2 0.101111E+02 0.340460E+00 0.116030E+00 0.135173E-01 0.665322E+00
   2 0.101667E+02 0.335926E+00 0.112962E+00 0.128128E-01 0.665298E+00
   2 0.102222E+02 0.331301E+00 0.109877E+00 0.121242E-01 0.665252E+00
   2 0.102778E+02 0.326675E+00 0.106833E+00 0.114631E-01 0.665211E+00
   2 0.103333E+02 0.322025E+00 0.103816E+00 0.108257E-01 0.665181E+00
   2 0.103889E+02 0.317454E+00 0.100892E+00 0.102258E-01 0.665144E+00
   2 0.104444E+02 0.312924E+00 0.980356E-01 0.965583E-02 0.665111E+00
   2 0.105000E+02 0.308474E+00 0.952699E-01 0.911971E-02 0.665075E+00
   2 0.105556E+02 0.304073E+00 0.925730E-01 0.861139E-02 0.665047E+00
   2 0.106111E+02 0.299795E+00 0.899893E-01 0.813854E-02 0.665001E+00
   2 0.106667E+02 0.295583E+00 0.874803E-01 0.769172E-02 0.664972E+00
   2 0.107222E+02 0.291387E+00 0.850173E-01 0.726552E-02 0.664933E+00
   2 0.107778E+02 0.287295E+00 0.826478E-01 0.686688E-02 0.664899E+00
   2 0.108333E+02 0.283315E+00 0.803764E-01 0.649534E-02 0.664862E+00
   2 0.108889E+02 0.279346E+00 0.781428E-01 0.614022E-02 0.664815E+00
   2 0.109444E+02 0.275419E+00 0.759632E-01 0.580301E-02 0.664783E+00
   2 0.110000E+02 0.271642E+00 0.738964E-01 0.549223E-02 0.664741E+00
   2 0.110556E+02 0.267875E+00 0.718628E-01 0.519460E-02 0.664708E+00
   2 0.111111E+02 0.264206E+00 0.699099E-01 0.491673E-02 0.664666E+00
   2 0.111667E+02 0.260635E+00 0.680353E-01 0.465724E-02 0.664619E+00
   2 0.112222E+02 0.257064E+00 0.661853E-01 0.440785E-02 0.664585E+00
   2 0.112778E+02 0.253583E+00 0.644073E-01 0.417479E-02 0.664538E+00
   2 0.113333E+02 0.250201E+00 0.627027E-01 0.395719E-02 0.664500E+00
   2 0.113889E+02 0.246842E+00 0.610320E-01 0.374954E-02 0.664462E+00
   2 0.114444E+02 0.243569E+00 0.594259E-01 0.355524E-02 0.664420E+00
   2 0.115000E+02 0.240340E+00 0.578634E-01 0.337127E-02 0.664367E+00
