 program J1J2_6          
 spatial system size               56
 J1                         1.0000000000000000     
 deltaJ1                    0.0000000000000000     
 J2                        -1.0000000000000000     
 J3                         1.0000000000000000     
 phi, xi                        2.0000000000000000        3.0000000000000000     
 impurity conc.             0.0000000000000000     
 impurity mode           RAN
 start                   STR
 stripe axis             X
 sampler mode            PT   
 update order            SEQ
 temperature protocol    INDEP
 PT start mode           COMMON
 PT ladder mode          LINEAR
 PT replicas                       64
 PT swap every                      5
 PT measure index                   1
 disorder configurations            2
 equilibration steps          1000000
 measurement steps             500000
 RNG seed                        9121
 ------------------------
 disorder configurations processed            2
    T      [<n>]      std.n/sqrt(iconf)      [<n^2>]      [<n^4>]      Global.Nematic.Binder      Nematic.Binder      Nematic.Binder.Error
 0.800000E+01 0.101305E+00 0.277164E+00 0.164016E+00 0.332823E-01 0.587598E+00 0.665462E+00 0.415473E-03
 0.805556E+01 0.100517E+00 0.275276E+00 0.161770E+00 0.323680E-01 0.587717E+00 0.665448E+00 0.416810E-03
 0.811111E+01 0.997270E-01 0.273367E+00 0.159519E+00 0.314645E-01 0.587831E+00 0.665421E+00 0.428935E-03
 0.816667E+01 0.989466E-01 0.271421E+00 0.157244E+00 0.305674E-01 0.587912E+00 0.665399E+00 0.435583E-03
 0.822222E+01 0.981258E-01 0.269482E+00 0.154984E+00 0.296848E-01 0.588055E+00 0.665382E+00 0.439200E-03
 0.827778E+01 0.973459E-01 0.267506E+00 0.152710E+00 0.288155E-01 0.588122E+00 0.665359E+00 0.446823E-03
 0.833333E+01 0.965507E-01 0.265542E+00 0.150462E+00 0.279666E-01 0.588223E+00 0.665335E+00 0.456439E-03
 0.838889E+01 0.957384E-01 0.263541E+00 0.148189E+00 0.271215E-01 0.588320E+00 0.665309E+00 0.462833E-03
 0.844444E+01 0.949043E-01 0.261505E+00 0.145893E+00 0.262800E-01 0.588438E+00 0.665287E+00 0.468821E-03
 0.850000E+01 0.940894E-01 0.259473E+00 0.143622E+00 0.254623E-01 0.588534E+00 0.665260E+00 0.480041E-03
 0.855556E+01 0.932289E-01 0.257439E+00 0.141357E+00 0.246559E-01 0.588697E+00 0.665237E+00 0.488058E-03
 0.861111E+01 0.923783E-01 0.255389E+00 0.139098E+00 0.238663E-01 0.588830E+00 0.665211E+00 0.492572E-03
 0.866667E+01 0.914959E-01 0.253315E+00 0.136826E+00 0.230831E-01 0.589006E+00 0.665188E+00 0.498514E-03
 0.872222E+01 0.906526E-01 0.251232E+00 0.134571E+00 0.223220E-01 0.589123E+00 0.665160E+00 0.508414E-03
 0.877778E+01 0.897366E-01 0.249149E+00 0.132321E+00 0.215704E-01 0.589346E+00 0.665129E+00 0.518239E-03
 0.883333E+01 0.888087E-01 0.247052E+00 0.130074E+00 0.208319E-01 0.589581E+00 0.665104E+00 0.522808E-03
 0.888889E+01 0.878940E-01 0.244946E+00 0.127840E+00 0.201116E-01 0.589806E+00 0.665076E+00 0.534547E-03
 0.894444E+01 0.869329E-01 0.242836E+00 0.125614E+00 0.194034E-01 0.590098E+00 0.665048E+00 0.544520E-03
 0.900000E+01 0.859523E-01 0.240706E+00 0.123385E+00 0.187067E-01 0.590411E+00 0.665018E+00 0.552904E-03
 0.905556E+01 0.849553E-01 0.238565E+00 0.121162E+00 0.180236E-01 0.590750E+00 0.664990E+00 0.560669E-03
 0.911111E+01 0.839433E-01 0.236412E+00 0.118947E+00 0.173556E-01 0.591103E+00 0.664959E+00 0.565635E-03
 0.916667E+01 0.829166E-01 0.234245E+00 0.116736E+00 0.167006E-01 0.591489E+00 0.664928E+00 0.576926E-03
 0.922222E+01 0.818953E-01 0.232052E+00 0.114521E+00 0.160587E-01 0.591854E+00 0.664899E+00 0.584827E-03
 0.927778E+01 0.808293E-01 0.229853E+00 0.112317E+00 0.154299E-01 0.592289E+00 0.664864E+00 0.593585E-03
 0.933333E+01 0.797959E-01 0.227616E+00 0.110105E+00 0.148145E-01 0.592663E+00 0.664834E+00 0.601425E-03
 0.938889E+01 0.787509E-01 0.225357E+00 0.107891E+00 0.142112E-01 0.593054E+00 0.664810E+00 0.607148E-03
 0.944444E+01 0.777379E-01 0.223070E+00 0.105682E+00 0.136244E-01 0.593374E+00 0.664775E+00 0.614652E-03
 0.950000E+01 0.767201E-01 0.220783E+00 0.103494E+00 0.130555E-01 0.593709E+00 0.664739E+00 0.623612E-03
 0.955556E+01 0.756916E-01 0.218455E+00 0.101292E+00 0.124953E-01 0.594049E+00 0.664699E+00 0.637445E-03
 0.961111E+01 0.746771E-01 0.216136E+00 0.991243E-01 0.119567E-01 0.594371E+00 0.664666E+00 0.641481E-03
 0.966667E+01 0.736197E-01 0.213775E+00 0.969370E-01 0.114239E-01 0.594759E+00 0.664630E+00 0.655031E-03
 0.972222E+01 0.725972E-01 0.211424E+00 0.947878E-01 0.109139E-01 0.595092E+00 0.664597E+00 0.660005E-03
 0.977778E+01 0.715766E-01 0.209044E+00 0.926386E-01 0.104164E-01 0.595410E+00 0.664552E+00 0.672562E-03
 0.983333E+01 0.705334E-01 0.206665E+00 0.905125E-01 0.993485E-02 0.595775E+00 0.664512E+00 0.680829E-03
 0.988889E+01 0.694893E-01 0.204280E+00 0.884061E-01 0.946915E-02 0.596145E+00 0.664469E+00 0.690864E-03
 0.994444E+01 0.684177E-01 0.201903E+00 0.863264E-01 0.901912E-02 0.596582E+00 0.664426E+00 0.703269E-03
 0.100000E+02 0.673562E-01 0.199475E+00 0.842329E-01 0.857866E-02 0.596972E+00 0.664379E+00 0.714167E-03
 0.100556E+02 0.662525E-01 0.197093E+00 0.821958E-01 0.815842E-02 0.597482E+00 0.664338E+00 0.723195E-03
 0.101111E+02 0.651276E-01 0.194689E+00 0.801647E-01 0.774989E-02 0.598017E+00 0.664290E+00 0.729859E-03
 0.101667E+02 0.639960E-01 0.192283E+00 0.781555E-01 0.735572E-02 0.598593E+00 0.664254E+00 0.738083E-03
 0.102222E+02 0.627926E-01 0.189864E+00 0.761545E-01 0.697190E-02 0.599282E+00 0.664191E+00 0.750360E-03
 0.102778E+02 0.615936E-01 0.187441E+00 0.741760E-01 0.660276E-02 0.599984E+00 0.664145E+00 0.753663E-03
 0.103333E+02 0.603883E-01 0.185005E+00 0.722140E-01 0.624659E-02 0.600718E+00 0.664094E+00 0.768394E-03
 0.103889E+02 0.592046E-01 0.182610E+00 0.703112E-01 0.591094E-02 0.601446E+00 0.664043E+00 0.778185E-03
 0.104444E+02 0.580265E-01 0.180239E+00 0.684522E-01 0.559192E-02 0.602200E+00 0.663990E+00 0.792496E-03
 0.105000E+02 0.568779E-01 0.177905E+00 0.666475E-01 0.529116E-02 0.602935E+00 0.663946E+00 0.798195E-03
 0.105556E+02 0.557422E-01 0.175597E+00 0.648866E-01 0.500577E-02 0.603686E+00 0.663895E+00 0.815027E-03
 0.106111E+02 0.546597E-01 0.173336E+00 0.631895E-01 0.473929E-02 0.604358E+00 0.663841E+00 0.820268E-03
 0.106667E+02 0.535972E-01 0.171110E+00 0.615394E-01 0.448718E-02 0.605046E+00 0.663794E+00 0.832782E-03
 0.107222E+02 0.525423E-01 0.168889E+00 0.599169E-01 0.424634E-02 0.605729E+00 0.663741E+00 0.842999E-03
 0.107778E+02 0.515454E-01 0.166700E+00 0.583433E-01 0.402008E-02 0.606331E+00 0.663678E+00 0.863729E-03
 0.108333E+02 0.505820E-01 0.164567E+00 0.568310E-01 0.380873E-02 0.606914E+00 0.663631E+00 0.870630E-03
 0.108889E+02 0.496449E-01 0.162423E+00 0.553344E-01 0.360595E-02 0.607438E+00 0.663577E+00 0.875318E-03
 0.109444E+02 0.487074E-01 0.160310E+00 0.538772E-01 0.341354E-02 0.608011E+00 0.663516E+00 0.896489E-03
 0.110000E+02 0.478423E-01 0.158251E+00 0.524811E-01 0.323515E-02 0.608469E+00 0.663462E+00 0.904583E-03
 0.110556E+02 0.469840E-01 0.156194E+00 0.511055E-01 0.306415E-02 0.608932E+00 0.663394E+00 0.929107E-03
 0.111111E+02 0.461604E-01 0.154182E+00 0.497790E-01 0.290400E-02 0.609354E+00 0.663341E+00 0.936807E-03
 0.111667E+02 0.454142E-01 0.152184E+00 0.484863E-01 0.275325E-02 0.609621E+00 0.663276E+00 0.949598E-03
 0.112222E+02 0.446445E-01 0.150203E+00 0.472182E-01 0.260878E-02 0.609971E+00 0.663208E+00 0.973935E-03
 0.112778E+02 0.439600E-01 0.148226E+00 0.459769E-01 0.247243E-02 0.610127E+00 0.663131E+00 0.994693E-03
 0.113333E+02 0.432917E-01 0.146307E+00 0.447876E-01 0.234511E-02 0.610303E+00 0.663066E+00 0.101353E-02
 0.113889E+02 0.426634E-01 0.144376E+00 0.436100E-01 0.222295E-02 0.610385E+00 0.663002E+00 0.103245E-02
 0.114444E+02 0.420308E-01 0.142509E+00 0.424843E-01 0.210895E-02 0.610518E+00 0.662931E+00 0.105286E-02
 0.115000E+02 0.414583E-01 0.140631E+00 0.413726E-01 0.200014E-02 0.610495E+00 0.662853E+00 0.107057E-02
