 program J1J2_6          
 spatial system size               10
 J1                         1.0000000000000000     
 deltaJ1                    0.0000000000000000     
 J2                        -1.0000000000000000     
 J3                         1.0000000000000000     
 phi, xi                        2.0000000000000000        3.0000000000000000     
 impurity conc.             0.0000000000000000     
 impurity mode           RAN
 start                   HOT
 stripe axis             X
 sampler mode            PT   
 update order            SEQ
 temperature protocol    INDEP
 PT start mode           COMMON
 PT ladder mode          LINEAR
 PT replicas                       20
 PT swap every                      5
 PT measure index                   1
 disorder configurations          100
 equilibration steps           100000
 measurement steps             100000
 RNG seed                         301
 ------------------------
 disorder configurations processed          100
    T      absstr    str2      str4      nem      Global.Strip.Binder      Strip.susc  Local.Strip.Binder     Local.Strip.Binder.Error      Strip.OP.error      stri.susc.error strx   strx2   strx4   Local.Strx.Binder    Local.Strx.Binder.Error  stry   stry2   stry4   Local.Stry.Binder    Local.Stry.Binder.Error absstrx_absstry  absstrx_absstry.Error  coex_angle  coex_angle.Error
 0.800000E+01 0.462217E+00 0.235315E+00 0.746482E-01 0.196827E+00 0.651906E+00 0.421058E+00 0.906960E+00 0.122503E-01 0.135286E-01 0.257398E-01 0.272442E+00 0.115326E+00 0.316949E-01 0.494500E+00 0.187537E-01 0.275514E+00 0.119989E+00 0.370572E-01 0.485428E+00 0.190516E-01 0.439522E-01 0.228788E-02 0.364697E+00 0.340811E-01
 0.818421E+01 0.440923E+00 0.217560E+00 0.663987E-01 0.184292E+00 0.597183E+00 0.459455E+00 0.885688E+00 0.141554E-01 0.139235E-01 0.265493E-01 0.258946E+00 0.106509E+00 0.281181E-01 0.478047E+00 0.194604E-01 0.261289E+00 0.111051E+00 0.335226E-01 0.466789E+00 0.197405E-01 0.388761E-01 0.205310E-02 0.361958E+00 0.341969E-01
 0.836842E+01 0.419205E+00 0.200225E+00 0.587778E-01 0.171614E+00 0.533857E+00 0.496973E+00 0.860332E+00 0.161264E-01 0.142594E-01 0.274322E-01 0.245347E+00 0.978620E-01 0.247704E-01 0.461064E+00 0.199514E-01 0.247089E+00 0.102363E+00 0.302000E-01 0.446769E+00 0.203861E-01 0.342404E-01 0.182306E-02 0.361628E+00 0.343847E-01
 0.855263E+01 0.397205E+00 0.183429E+00 0.517839E-01 0.158953E+00 0.460933E+00 0.531347E+00 0.830639E+00 0.182002E-01 0.145304E-01 0.284223E-01 0.231687E+00 0.894351E-01 0.216677E-01 0.443059E+00 0.203830E-01 0.233013E+00 0.939942E-01 0.270944E-01 0.425959E+00 0.208792E-01 0.300294E-01 0.160410E-02 0.363417E+00 0.346001E-01
 0.873684E+01 0.375083E+00 0.167247E+00 0.453817E-01 0.146348E+00 0.377584E+00 0.558099E+00 0.796831E+00 0.202538E-01 0.147255E-01 0.291297E-01 0.218113E+00 0.812966E-01 0.188103E-01 0.424126E+00 0.206893E-01 0.219171E+00 0.859507E-01 0.241874E-01 0.405093E+00 0.212096E-01 0.262675E-01 0.139904E-02 0.367940E+00 0.348545E-01
 0.892105E+01 0.353112E+00 0.151814E+00 0.395545E-01 0.134001E+00 0.283792E+00 0.577455E+00 0.758632E+00 0.224060E-01 0.148239E-01 0.294103E-01 0.204688E+00 0.735045E-01 0.162062E-01 0.404187E+00 0.208981E-01 0.205739E+00 0.783100E-01 0.214772E-01 0.383386E+00 0.214376E-01 0.229251E-01 0.121118E-02 0.374503E+00 0.351338E-01
 0.910526E+01 0.331541E+00 0.137239E+00 0.342920E-01 0.122045E+00 0.179316E+00 0.589260E+00 0.717569E+00 0.243179E-01 0.148171E-01 0.293704E-01 0.191537E+00 0.661149E-01 0.138592E-01 0.383859E+00 0.209611E-01 0.192875E+00 0.711245E-01 0.189670E-01 0.361373E+00 0.216260E-01 0.199968E-01 0.104555E-02 0.383072E+00 0.354128E-01
 0.928947E+01 0.310415E+00 0.123495E+00 0.295490E-01 0.110501E+00 0.624950E-01 0.593917E+00 0.672370E+00 0.262947E-01 0.147039E-01 0.293081E-01 0.178728E+00 0.591191E-01 0.117350E-01 0.361935E+00 0.209758E-01 0.180552E+00 0.643760E-01 0.166650E-01 0.339369E+00 0.216879E-01 0.174511E-01 0.901885E-03 0.393798E+00 0.356748E-01
 0.947368E+01 0.289999E+00 0.110646E+00 0.252924E-01 0.995034E-01 -.659260E-01 0.592867E+00 0.625161E+00 0.279975E-01 0.144674E-01 0.293392E-01 0.166408E+00 0.526092E-01 0.985813E-02 0.339340E+00 0.209001E-01 0.168841E+00 0.580373E-01 0.145339E-01 0.317815E+00 0.216554E-01 0.152369E-01 0.777935E-03 0.405743E+00 0.359235E-01
 0.965789E+01 0.270310E+00 0.986775E-01 0.214994E-01 0.890553E-01 -.207953E+00 0.586339E+00 0.576141E+00 0.293758E-01 0.141234E-01 0.289679E-01 0.154656E+00 0.465587E-01 0.819888E-02 0.317935E+00 0.205487E-01 0.157724E+00 0.521188E-01 0.125910E-01 0.296738E+00 0.215243E-01 0.133436E-01 0.676200E-03 0.419548E+00 0.361109E-01
 0.984211E+01 0.251437E+00 0.875860E-01 0.181512E-01 0.792341E-01 -.366111E+00 0.575909E+00 0.525683E+00 0.305556E-01 0.136737E-01 0.285157E-01 0.143533E+00 0.410182E-01 0.675979E-02 0.294586E+00 0.203693E-01 0.147129E+00 0.465677E-01 0.108309E-01 0.276452E+00 0.212540E-01 0.117064E-01 0.589718E-03 0.434613E+00 0.362669E-01
 0.100263E+02 0.233515E+00 0.773906E-01 0.152054E-01 0.700694E-01 -.538765E+00 0.561820E+00 0.474438E+00 0.312891E-01 0.131257E-01 0.282399E-01 0.133139E+00 0.359873E-01 0.552055E-02 0.272800E+00 0.199394E-01 0.137120E+00 0.414032E-01 0.923873E-02 0.256501E+00 0.209035E-01 0.103109E-01 0.518392E-03 0.450762E+00 0.363868E-01
 0.102105E+02 0.216433E+00 0.680512E-01 0.126606E-01 0.615921E-01 -.733894E+00 0.545274E+00 0.422022E+00 0.317317E-01 0.125062E-01 0.283072E-01 0.123382E+00 0.314333E-01 0.446792E-02 0.250486E+00 0.195181E-01 0.127575E+00 0.366178E-01 0.783659E-02 0.237629E+00 0.203552E-01 0.909734E-02 0.456905E-03 0.467908E+00 0.364324E-01
 0.103947E+02 0.200371E+00 0.595605E-01 0.104594E-01 0.538132E-01 -.948425E+00 0.525407E+00 0.371374E+00 0.315167E-01 0.118113E-01 0.285049E-01 0.114366E+00 0.273376E-01 0.356897E-02 0.230175E+00 0.189504E-01 0.118559E+00 0.322229E-01 0.660481E-02 0.218738E+00 0.197345E-01 0.804813E-02 0.403276E-03 0.485827E+00 0.364140E-01
 0.105789E+02 0.185472E+00 0.520107E-01 0.861451E-02 0.468519E-01 -.118454E+01 0.502116E+00 0.320193E+00 0.311138E-01 0.110901E-01 0.286309E-01 0.106005E+00 0.236866E-01 0.282318E-02 0.210071E+00 0.183077E-01 0.110295E+00 0.283241E-01 0.556067E-02 0.201230E+00 0.189993E-01 0.714899E-02 0.357188E-03 0.504084E+00 0.362919E-01
 0.107632E+02 0.171557E+00 0.452315E-01 0.704435E-02 0.405714E-01 -.144318E+01 0.475933E+00 0.270574E+00 0.302525E-01 0.103330E-01 0.286214E-01 0.982124E-01 0.204020E-01 0.219493E-02 0.191716E+00 0.174567E-01 0.102598E+00 0.248295E-01 0.466287E-02 0.183506E+00 0.181910E-01 0.636226E-02 0.315482E-03 0.522911E+00 0.360620E-01
 0.109474E+02 0.158860E+00 0.392989E-01 0.574396E-02 0.350514E-01 -.171921E+01 0.447151E+00 0.222902E+00 0.290449E-01 0.957459E-02 0.282339E-01 0.911035E-01 0.175215E-01 0.168434E-02 0.173069E+00 0.166620E-01 0.956275E-01 0.217774E-01 0.390764E-02 0.168063E+00 0.172537E-01 0.568574E-02 0.278921E-03 0.542078E+00 0.357325E-01
 0.111316E+02 0.147277E+00 0.341246E-01 0.466739E-02 0.302289E-01 -.200811E+01 0.417145E+00 0.176528E+00 0.277374E-01 0.882638E-02 0.276613E-01 0.846063E-01 0.150014E-01 0.127171E-02 0.156300E+00 0.156624E-01 0.892964E-01 0.191232E-01 0.327128E-02 0.151550E+00 0.163327E-01 0.510074E-02 0.246268E-03 0.561662E+00 0.352817E-01
 0.113158E+02 0.136821E+00 0.296483E-01 0.377987E-02 0.260487E-01 -.230010E+01 0.386021E+00 0.132856E+00 0.261629E-01 0.809942E-02 0.268347E-01 0.786620E-01 0.128145E-01 0.946665E-03 0.139702E+00 0.145431E-01 0.836705E-01 0.168337E-01 0.273063E-02 0.137792E+00 0.153795E-01 0.459616E-02 0.217889E-03 0.580827E+00 0.347184E-01
 0.115000E+02 0.127409E+00 0.257802E-01 0.304368E-02 0.224383E-01 -.257958E+01 0.354582E+00 0.939169E-01 0.244120E-01 0.739556E-02 0.255674E-01 0.733426E-01 0.109481E-01 0.693618E-03 0.125133E+00 0.133502E-01 0.785660E-01 0.148321E-01 0.226491E-02 0.123452E+00 0.145199E-01 0.415914E-02 0.192395E-03 0.600023E+00 0.340537E-01
