# Temperature =   0.8000000000000000E+01
# disorder configuration = 1
# stripe magnitudes =   0.2096325799999975E+00   0.8638970000000071E-01
# expected mean locnem =  -0.1459305533254610E+00
# measured mean locnem =  -0.2611589600000000E+00
# ix iy iz isite occu <s(isite)> <locnem(isite)>
     0      0      0      0   1  -0.4200000000E-02  -0.3922600000E+00
     1      0      0      1   1  -0.1700000000E-02  -0.1128700000E+01
     2      0      0      2   1  -0.1600000000E-03  -0.1176600000E+01
     3      0      0      3   1  -0.5800000000E-03   0.1574600000E+00
     4      0      0      4   1   0.3440000000E-02   0.2779800000E+00
     5      0      0      5   1   0.2200000000E-02  -0.6019400000E+00
     6      0      0      6   1   0.1980000000E-02  -0.9060200000E+00
     7      0      0      7   1   0.2300000000E-02  -0.1247100000E+01
     8      0      0      8   1  -0.1820000000E-02  -0.7641000000E+00
     9      0      0      9   1  -0.6400000000E-03  -0.8233800000E+00
     0      1      0     10   1  -0.6000000000E-04  -0.7617400000E+00
     1      1      0     11   1  -0.2740000000E-02  -0.1536740000E+01
     2      1      0     12   1   0.3080000000E-02  -0.1298080000E+01
     3      1      0     13   1   0.2500000000E-02   0.2180800000E+00
     4      1      0     14   1   0.1900000000E-02   0.3219200000E+00
     5      1      0     15   1   0.7200000000E-03  -0.7111600000E+00
     6      1      0     16   1  -0.3320000000E-02  -0.1368860000E+01
     7      1      0     17   1  -0.3560000000E-02  -0.1771180000E+01
     8      1      0     18   1  -0.3800000000E-03  -0.1296300000E+01
     9      1      0     19   1   0.3500000000E-02  -0.1355040000E+01
     0      2      0     20   1   0.6200000000E-03  -0.2983000000E+00
     1      2      0     21   1  -0.2060000000E-02  -0.9780000000E+00
     2      2      0     22   1  -0.7200000000E-03  -0.1125180000E+01
     3      2      0     23   1   0.1600000000E-02  -0.3016000000E+00
     4      2      0     24   1   0.2340000000E-02   0.4935400000E+00
     5      2      0     25   1   0.2900000000E-02  -0.2182000000E+00
     6      2      0     26   1   0.1200000000E-03  -0.7721800000E+00
     7      2      0     27   1  -0.2940000000E-02  -0.8636200000E+00
     8      2      0     28   1   0.4060000000E-02  -0.5826000000E-01
     9      2      0     29   1   0.1480000000E-02  -0.5594200000E+00
     0      3      0     30   1  -0.1780000000E-02   0.5398800000E+00
     1      3      0     31   1   0.5000000000E-02  -0.4441800000E+00
     2      3      0     32   1   0.1040000000E-02  -0.7818000000E+00
     3      3      0     33   1   0.2640000000E-02  -0.4786600000E+00
     4      3      0     34   1   0.1460000000E-02   0.2693400000E+00
     5      3      0     35   1  -0.1980000000E-02   0.4512600000E+00
     6      3      0     36   1   0.1740000000E-02  -0.4382000000E-01
     7      3      0     37   1  -0.2240000000E-02  -0.2002400000E+00
     8      3      0     38   1  -0.7000000000E-03   0.1098660000E+01
     9      3      0     39   1  -0.2800000000E-03   0.1264240000E+01
     0      4      0     40   1   0.3260000000E-02   0.1252700000E+01
     1      4      0     41   1  -0.3060000000E-02   0.8937400000E+00
     2      4      0     42   1   0.1080000000E-02   0.6739600000E+00
     3      4      0     43   1   0.2240000000E-02   0.1961800000E+00
     4      4      0     44   1  -0.5700000000E-02  -0.3368200000E+00
     5      4      0     45   1   0.5240000000E-02   0.2312400000E+00
     6      4      0     46   1   0.1040000000E-02   0.3260200000E+00
     7      4      0     47   1  -0.1000000000E-03   0.7836000000E-01
     8      4      0     48   1   0.3800000000E-02   0.1505480000E+01
     9      4      0     49   1   0.2520000000E-02   0.2122140000E+01
     0      5      0     50   1  -0.1500000000E-02   0.1609520000E+01
     1      5      0     51   1  -0.2680000000E-02   0.9366600000E+00
     2      5      0     52   1   0.5220000000E-02   0.6453400000E+00
     3      5      0     53   1   0.6400000000E-03   0.7515400000E+00
     4      5      0     54   1  -0.6040000000E-02   0.3982600000E+00
     5      5      0     55   1  -0.8000000000E-04   0.5042400000E+00
     6      5      0     56   1  -0.2420000000E-02   0.6268400000E+00
     7      5      0     57   1   0.4080000000E-02   0.1514000000E-01
     8      5      0     58   1  -0.2600000000E-02   0.1054680000E+01
     9      5      0     59   1  -0.2360000000E-02   0.2103860000E+01
     0      6      0     60   1   0.2420000000E-02   0.7318800000E+00
     1      6      0     61   1   0.1120000000E-02   0.1162800000E+00
     2      6      0     62   1   0.5000000000E-03  -0.4199000000E+00
     3      6      0     63   1  -0.1600000000E-03  -0.7653000000E+00
     4      6      0     64   1  -0.1120000000E-02  -0.2030400000E+00
     5      6      0     65   1   0.9800000000E-03   0.4119200000E+00
     6      6      0     66   1  -0.4800000000E-03   0.9111200000E+00
     7      6      0     67   1   0.6000000000E-04   0.8599800000E+00
     8      6      0     68   1   0.4000000000E-03   0.1196420000E+01
     9      6      0     69   1   0.9200000000E-03   0.1673600000E+01
     0      7      0     70   1   0.4140000000E-02  -0.9140000000E+00
     1      7      0     71   1   0.1240000000E-02  -0.1484280000E+01
     2      7      0     72   1   0.4640000000E-02  -0.1610840000E+01
     3      7      0     73   1   0.8800000000E-03  -0.1460620000E+01
     4      7      0     74   1   0.2420000000E-02  -0.2093000000E+00
     5      7      0     75   1   0.3240000000E-02   0.9964600000E+00
     6      7      0     76   1   0.3220000000E-02   0.1757760000E+01
     7      7      0     77   1   0.2600000000E-03   0.1976100000E+01
     8      7      0     78   1   0.1480000000E-02   0.2058980000E+01
     9      7      0     79   1  -0.3700000000E-02   0.1287100000E+01
     0      8      0     80   1  -0.1480000000E-02  -0.4371000000E+00
     1      8      0     81   1  -0.7000000000E-03  -0.1547220000E+01
     2      8      0     82   1   0.7800000000E-03  -0.1582420000E+01
     3      8      0     83   1  -0.4720000000E-02  -0.4180400000E+00
     4      8      0     84   1  -0.3700000000E-02   0.4517200000E+00
     5      8      0     85   1  -0.4000000000E-04   0.1219760000E+01
     6      8      0     86   1   0.2300000000E-02   0.2437360000E+01
     7      8      0     87   1  -0.3380000000E-02   0.2838000000E+01
     8      8      0     88   1   0.3260000000E-02   0.2817480000E+01
     9      8      0     89   1   0.2280000000E-02   0.1915020000E+01
     0      9      0     90   1   0.4200000000E-03   0.6925000000E+00
     1      9      0     91   1   0.2920000000E-02  -0.3855000000E+00
     2      9      0     92   1  -0.1560000000E-02  -0.1161620000E+01
     3      9      0     93   1   0.4400000000E-03  -0.3204000000E-01
     4      9      0     94   1   0.7800000000E-03   0.5608200000E+00
     5      9      0     95   1  -0.4480000000E-02   0.6689800000E+00
     6      9      0     96   1  -0.1480000000E-02   0.1815140000E+01
     7      9      0     97   1  -0.4540000000E-02   0.1985220000E+01
     8      9      0     98   1  -0.4460000000E-02   0.2085040000E+01
     9      9      0     99   1   0.1140000000E-02   0.1446760000E+01
     0      0      1    100   1  -0.2600000000E-02  -0.7068400000E+00
     1      0      1    101   1  -0.1160000000E-02  -0.1117840000E+01
     2      0      1    102   1  -0.3720000000E-02   0.1495600000E+00
     3      0      1    103   1  -0.4920000000E-02   0.8550200000E+00
     4      0      1    104   1  -0.1580000000E-02   0.4436000000E+00
     5      0      1    105   1  -0.1500000000E-02  -0.4466000000E-01
     6      0      1    106   1  -0.9200000000E-03  -0.2934600000E+00
     7      0      1    107   1  -0.5800000000E-03  -0.1329900000E+01
     8      0      1    108   1  -0.1060000000E-02  -0.7643200000E+00
     9      0      1    109   1   0.1260000000E-02  -0.4509200000E+00
     0      1      1    110   1   0.1160000000E-02  -0.8661800000E+00
     1      1      1    111   1   0.3800000000E-03  -0.7389600000E+00
     2      1      1    112   1   0.2000000000E-04   0.7617000000E+00
     3      1      1    113   1   0.1540000000E-02   0.1549500000E+01
     4      1      1    114   1   0.1400000000E-02   0.1021220000E+01
     5      1      1    115   1   0.3080000000E-02   0.3489200000E+00
     6      1      1    116   1  -0.3040000000E-02  -0.3687600000E+00
     7      1      1    117   1   0.2700000000E-02  -0.1414200000E+01
     8      1      1    118   1   0.2800000000E-03  -0.8752000000E+00
     9      1      1    119   1   0.7600000000E-02  -0.3551800000E+00
     0      2      1    120   1  -0.7200000000E-03  -0.3364200000E+00
     1      2      1    121   1  -0.3740000000E-02  -0.3223800000E+00
     2      2      1    122   1  -0.3800000000E-03   0.6124400000E+00
     3      2      1    123   1  -0.1840000000E-02   0.1034520000E+01
     4      2      1    124   1   0.2580000000E-02   0.1151740000E+01
     5      2      1    125   1   0.1800000000E-03   0.5438400000E+00
     6      2      1    126   1  -0.5140000000E-02  -0.1200400000E+00
     7      2      1    127   1   0.2660000000E-02  -0.7046800000E+00
     8      2      1    128   1  -0.6080000000E-02   0.3878000000E-01
     9      2      1    129   1   0.8400000000E-03   0.4344200000E+00
     0      3      1    130   1  -0.4720000000E-02   0.5885200000E+00
     1      3      1    131   1   0.3380000000E-02   0.4919200000E+00
     2      3      1    132   1  -0.4120000000E-02   0.6850400000E+00
     3      3      1    133   1   0.3620000000E-02   0.6093000000E+00
     4      3      1    134   1   0.1600000000E-02   0.8806800000E+00
     5      3      1    135   1  -0.3600000000E-03   0.2675200000E+00
     6      3      1    136   1   0.2200000000E-02   0.4968600000E+00
     7      3      1    137   1   0.4160000000E-02   0.2344800000E+00
     8      3      1    138   1  -0.1080000000E-02   0.6498400000E+00
     9      3      1    139   1  -0.5220000000E-02   0.1267900000E+01
     0      4      1    140   1   0.1600000000E-03   0.1695860000E+01
     1      4      1    141   1  -0.3940000000E-02   0.1515640000E+01
     2      4      1    142   1  -0.6980000000E-02   0.9297800000E+00
     3      4      1    143   1  -0.1000000000E-03   0.1842000000E+00
     4      4      1    144   1   0.4480000000E-02  -0.4166400000E+00
     5      4      1    145   1   0.9400000000E-03  -0.3959400000E+00
     6      4      1    146   1  -0.1400000000E-02   0.2342200000E+00
     7      4      1    147   1   0.5500000000E-02   0.1112800000E+00
     8      4      1    148   1   0.3420000000E-02   0.7141800000E+00
     9      4      1    149   1   0.3740000000E-02   0.1981280000E+01
     0      5      1    150   1   0.1400000000E-03   0.1393540000E+01
     1      5      1    151   1   0.8000000000E-03   0.6456200000E+00
     2      5      1    152   1  -0.1180000000E-02  -0.2987000000E+00
     3      5      1    153   1   0.2000000000E-02  -0.2964600000E+00
     4      5      1    154   1  -0.1920000000E-02  -0.7223000000E+00
     5      5      1    155   1   0.1220000000E-02  -0.6012600000E+00
     6      5      1    156   1  -0.4260000000E-02   0.3529200000E+00
     7      5      1    157   1  -0.1580000000E-02   0.6674800000E+00
     8      5      1    158   1  -0.1900000000E-02   0.1152180000E+01
     9      5      1    159   1   0.1040000000E-02   0.1991500000E+01
     0      6      1    160   1  -0.1380000000E-02   0.5349200000E+00
     1      6      1    161   1   0.1160000000E-02  -0.9083000000E+00
     2      6      1    162   1   0.2000000000E-02  -0.1846860000E+01
     3      6      1    163   1  -0.3860000000E-02  -0.1529580000E+01
     4      6      1    164   1   0.1560000000E-02  -0.1128960000E+01
     5      6      1    165   1   0.4260000000E-02  -0.3394600000E+00
     6      6      1    166   1  -0.2920000000E-02   0.1204560000E+01
     7      6      1    167   1   0.2060000000E-02   0.1848760000E+01
     8      6      1    168   1   0.3420000000E-02   0.2023980000E+01
     9      6      1    169   1   0.2720000000E-02   0.1580560000E+01
     0      7      1    170   1   0.8200000000E-03   0.7333400000E+00
     1      7      1    171   1  -0.2000000000E-02  -0.1362560000E+01
     2      7      1    172   1   0.3740000000E-02  -0.2162440000E+01
     3      7      1    173   1  -0.2580000000E-02  -0.2042480000E+01
     4      7      1    174   1   0.3960000000E-02  -0.1245240000E+01
     5      7      1    175   1  -0.2800000000E-02   0.6246800000E+00
     6      7      1    176   1  -0.4300000000E-02   0.2268060000E+01
     7      7      1    177   1  -0.4960000000E-02   0.2702620000E+01
     8      7      1    178   1  -0.2700000000E-02   0.2684880000E+01
     9      7      1    179   1  -0.2480000000E-02   0.1841680000E+01
     0      8      1    180   1  -0.1200000000E-03   0.8206800000E+00
     1      8      1    181   1   0.2360000000E-02  -0.1168480000E+01
     2      8      1    182   1   0.2780000000E-02  -0.1384000000E+01
     3      8      1    183   1  -0.2720000000E-02  -0.1632080000E+01
     4      8      1    184   1   0.4500000000E-02  -0.8555400000E+00
     5      8      1    185   1   0.9600000000E-03   0.1099960000E+01
     6      8      1    186   1   0.1300000000E-02   0.2577000000E+01
     7      8      1    187   1   0.4000000000E-04   0.2843100000E+01
     8      8      1    188   1  -0.1740000000E-02   0.2843820000E+01
     9      8      1    189   1  -0.3800000000E-02   0.2297680000E+01
     0      9      1    190   1  -0.1060000000E-02   0.3548000000E+00
     1      9      1    191   1   0.1020000000E-02  -0.5927200000E+00
     2      9      1    192   1   0.5300000000E-02  -0.4740000000E-02
     3      9      1    193   1   0.4180000000E-02  -0.6931200000E+00
     4      9      1    194   1   0.2020000000E-02  -0.8808600000E+00
     5      9      1    195   1   0.2400000000E-03   0.2209400000E+00
     6      9      1    196   1  -0.1020000000E-02   0.1753520000E+01
     7      9      1    197   1  -0.4060000000E-02   0.1674960000E+01
     8      9      1    198   1   0.1520000000E-02   0.1862920000E+01
     9      9      1    199   1  -0.1300000000E-02   0.1437520000E+01
     0      0      2    200   1   0.1760000000E-02  -0.5456800000E+00
     1      0      2    201   1  -0.1840000000E-02  -0.4636000000E+00
     2      0      2    202   1   0.1900000000E-02   0.5109200000E+00
     3      0      2    203   1   0.2440000000E-02   0.1187840000E+01
     4      0      2    204   1   0.2160000000E-02   0.1527540000E+01
     5      0      2    205   1  -0.2180000000E-02   0.6695600000E+00
     6      0      2    206   1   0.2820000000E-02  -0.6950000000E+00
     7      0      2    207   1  -0.3660000000E-02  -0.1320480000E+01
     8      0      2    208   1   0.3900000000E-02  -0.9622600000E+00
     9      0      2    209   1  -0.3800000000E-02  -0.3077000000E+00
     0      1      2    210   1   0.1860000000E-02  -0.1368340000E+01
     1      1      2    211   1  -0.6320000000E-02  -0.1353020000E+01
     2      1      2    212   1   0.2600000000E-03  -0.3968600000E+00
     3      1      2    213   1   0.1140000000E-02   0.7693600000E+00
     4      1      2    214   1  -0.6900000000E-02   0.1135440000E+01
     5      1      2    215   1  -0.9000000000E-03   0.7649200000E+00
     6      1      2    216   1   0.4860000000E-02  -0.7861400000E+00
     7      1      2    217   1  -0.4220000000E-02  -0.9332400000E+00
     8      1      2    218   1   0.1880000000E-02  -0.6846400000E+00
     9      1      2    219   1  -0.1182000000E-01  -0.9373800000E+00
     0      2      2    220   1   0.9160000000E-02  -0.9493600000E+00
     1      2      2    221   1  -0.4660000000E-02  -0.1811240000E+01
     2      2      2    222   1  -0.1580000000E-02  -0.1462100000E+01
     3      2      2    223   1   0.8000000000E-04  -0.6645000000E+00
     4      2      2    224   1  -0.3800000000E-02  -0.4193800000E+00
     5      2      2    225   1  -0.1980000000E-02   0.4427800000E+00
     6      2      2    226   1  -0.1840000000E-02   0.5368000000E-01
     7      2      2    227   1  -0.2600000000E-02   0.2859200000E+00
     8      2      2    228   1   0.3380000000E-02   0.1011960000E+01
     9      2      2    229   1  -0.1040000000E-02   0.3034000000E+00
     0      3      2    230   1  -0.2280000000E-02  -0.3951600000E+00
     1      3      2    231   1   0.7800000000E-03  -0.1348080000E+01
     2      3      2    232   1   0.2900000000E-02  -0.1153560000E+01
     3      3      2    233   1   0.2860000000E-02  -0.7270200000E+00
     4      3      2    234   1  -0.3020000000E-02  -0.8036200000E+00
     5      3      2    235   1  -0.1640000000E-02  -0.1059800000E+00
     6      3      2    236   1   0.4400000000E-03   0.7343800000E+00
     7      3      2    237   1   0.3800000000E-02   0.9867200000E+00
     8      3      2    238   1  -0.1600000000E-03   0.1466720000E+01
     9      3      2    239   1  -0.1680000000E-02   0.9916000000E+00
     0      4      2    240   1   0.1000000000E-03   0.1978200000E+00
     1      4      2    241   1  -0.1880000000E-02  -0.5361200000E+00
     2      4      2    242   1   0.2020000000E-02  -0.1056280000E+01
     3      4      2    243   1   0.5000000000E-03  -0.1125540000E+01
     4      4      2    244   1  -0.4720000000E-02  -0.1162420000E+01
     5      4      2    245   1  -0.6600000000E-03  -0.8230000000E+00
     6      4      2    246   1   0.3800000000E-03   0.3446600000E+00
     7      4      2    247   1   0.8480000000E-02   0.6035800000E+00
     8      4      2    248   1  -0.2200000000E-03   0.1210200000E+01
     9      4      2    249   1  -0.4440000000E-02   0.1413040000E+01
     0      5      2    250   1   0.9060000000E-02   0.5703200000E+00
     1      5      2    251   1   0.1420000000E-02  -0.5565000000E+00
     2      5      2    252   1  -0.1280000000E-02  -0.1321920000E+01
     3      5      2    253   1   0.4780000000E-02  -0.1155460000E+01
     4      5      2    254   1   0.4000000000E-04  -0.1345820000E+01
     5      5      2    255   1  -0.7000000000E-03  -0.6447400000E+00
     6      5      2    256   1  -0.1040000000E-02   0.8123000000E+00
     7      5      2    257   1   0.2260000000E-02   0.6355200000E+00
     8      5      2    258   1   0.6800000000E-03   0.9520400000E+00
     9      5      2    259   1   0.4600000000E-02   0.1428620000E+01
     0      6      2    260   1  -0.1240000000E-02   0.8542800000E+00
     1      6      2    261   1  -0.7840000000E-02  -0.4582400000E+00
     2      6      2    262   1  -0.1060000000E-02  -0.1254420000E+01
     3      6      2    263   1   0.3200000000E-03  -0.8213200000E+00
     4      6      2    264   1   0.5180000000E-02  -0.6996400000E+00
     5      6      2    265   1   0.3840000000E-02  -0.2200000000E-02
     6      6      2    266   1  -0.6400000000E-03   0.1508440000E+01
     7      6      2    267   1  -0.2720000000E-02   0.1365920000E+01
     8      6      2    268   1  -0.4760000000E-02   0.1630220000E+01
     9      6      2    269   1  -0.3200000000E-03   0.1264760000E+01
     0      7      2    270   1   0.4540000000E-02   0.7502400000E+00
     1      7      2    271   1   0.1880000000E-02  -0.1116340000E+01
     2      7      2    272   1  -0.5000000000E-03  -0.1995000000E+01
     3      7      2    273   1  -0.3500000000E-02  -0.1702960000E+01
     4      7      2    274   1  -0.4000000000E-04  -0.5919800000E+00
     5      7      2    275   1   0.1720000000E-02   0.5273800000E+00
     6      7      2    276   1   0.3400000000E-02   0.2053680000E+01
     7      7      2    277   1   0.2100000000E-02   0.2303380000E+01
     8      7      2    278   1   0.1620000000E-02   0.1828920000E+01
     9      7      2    279   1   0.1400000000E-02   0.8517400000E+00
     0      8      2    280   1  -0.3600000000E-02   0.8474000000E+00
     1      8      2    281   1   0.3800000000E-03  -0.1495180000E+01
     2      8      2    282   1   0.1040000000E-02  -0.2302840000E+01
     3      8      2    283   1  -0.3800000000E-03  -0.2330680000E+01
     4      8      2    284   1   0.7800000000E-03  -0.1173380000E+01
     5      8      2    285   1   0.1500000000E-02   0.4301600000E+00
     6      8      2    286   1  -0.2200000000E-03   0.2083640000E+01
     7      8      2    287   1  -0.2360000000E-02   0.2019240000E+01
     8      8      2    288   1   0.4600000000E-03   0.1655880000E+01
     9      8      2    289   1  -0.2820000000E-02   0.1466760000E+01
     0      9      2    290   1   0.6180000000E-02   0.3998000000E+00
     1      9      2    291   1   0.1260000000E-02  -0.1210900000E+01
     2      9      2    292   1   0.9800000000E-03  -0.1654680000E+01
     3      9      2    293   1  -0.6400000000E-03  -0.1607660000E+01
     4      9      2    294   1   0.1900000000E-02  -0.8220600000E+00
     5      9      2    295   1   0.1240000000E-02  -0.1365600000E+00
     6      9      2    296   1  -0.2500000000E-02   0.7515400000E+00
     7      9      2    297   1  -0.3140000000E-02   0.2082800000E+00
     8      9      2    298   1   0.2400000000E-03   0.4068000000E+00
     9      9      2    299   1   0.3380000000E-02   0.1150000000E+01
     0      0      3    300   1   0.2800000000E-02  -0.1556400000E+00
     1      0      3    301   1   0.1880000000E-02  -0.5324200000E+00
     2      0      3    302   1  -0.4600000000E-02  -0.4064600000E+00
     3      0      3    303   1   0.2780000000E-02   0.2659800000E+00
     4      0      3    304   1   0.4900000000E-02   0.3938000000E+00
     5      0      3    305   1   0.1440000000E-02   0.6202000000E-01
     6      0      3    306   1  -0.3200000000E-03   0.4798000000E-01
     7      0      3    307   1   0.3940000000E-02   0.3626000000E-01
     8      0      3    308   1  -0.4800000000E-03   0.4439800000E+00
     9      0      3    309   1   0.4740000000E-02   0.6905400000E+00
     0      1      3    310   1   0.2960000000E-02   0.2000200000E+00
     1      1      3    311   1  -0.7600000000E-03  -0.8400000000E+00
     2      1      3    312   1   0.2620000000E-02  -0.1007660000E+01
     3      1      3    313   1   0.2020000000E-02  -0.9617000000E+00
     4      1      3    314   1  -0.1820000000E-02  -0.5439200000E+00
     5      1      3    315   1   0.2560000000E-02  -0.6685000000E+00
     6      1      3    316   1   0.4400000000E-02  -0.2962000000E+00
     7      1      3    317   1   0.6520000000E-02   0.3604000000E-01
     8      1      3    318   1  -0.2600000000E-02   0.8348400000E+00
     9      1      3    319   1  -0.3380000000E-02   0.1228660000E+01
     0      2      3    320   1   0.9200000000E-03   0.6141400000E+00
     1      2      3    321   1  -0.5220000000E-02  -0.3266800000E+00
     2      2      3    322   1   0.2000000000E-02  -0.1383940000E+01
     3      2      3    323   1   0.4800000000E-02  -0.2377020000E+01
     4      2      3    324   1  -0.6640000000E-02  -0.2103600000E+01
     5      2      3    325   1  -0.6400000000E-03  -0.1257600000E+01
     6      2      3    326   1  -0.7200000000E-03  -0.4871800000E+00
     7      2      3    327   1   0.6580000000E-02   0.1884000000E+00
     8      2      3    328   1   0.6600000000E-03   0.6843800000E+00
     9      2      3    329   1  -0.5440000000E-02   0.1199880000E+01
     0      3      3    330   1  -0.1600000000E-03   0.1434600000E+00
     1      3      3    331   1  -0.2760000000E-02   0.5327600000E+00
     2      3      3    332   1   0.1940000000E-02  -0.4409400000E+00
     3      3      3    333   1   0.2680000000E-02  -0.2356760000E+01
     4      3      3    334   1  -0.5300000000E-02  -0.2603860000E+01
     5      3      3    335   1   0.5080000000E-02  -0.1469880000E+01
     6      3      3    336   1  -0.3600000000E-02   0.1603400000E+00
     7      3      3    337   1  -0.4540000000E-02   0.9096600000E+00
     8      3      3    338   1  -0.2400000000E-03   0.7777200000E+00
     9      3      3    339   1   0.2840000000E-02   0.8502800000E+00
     0      4      3    340   1   0.1140000000E-02  -0.9912000000E-01
     1      4      3    341   1  -0.1720000000E-02   0.3995600000E+00
     2      4      3    342   1  -0.9400000000E-03  -0.3681200000E+00
     3      4      3    343   1   0.1600000000E-03  -0.2261720000E+01
     4      4      3    344   1  -0.4140000000E-02  -0.2666880000E+01
     5      4      3    345   1   0.4500000000E-02  -0.1705620000E+01
     6      4      3    346   1  -0.2720000000E-02   0.4269400000E+00
     7      4      3    347   1  -0.4120000000E-02   0.7758200000E+00
     8      4      3    348   1  -0.3600000000E-03   0.1997800000E+00
     9      4      3    349   1  -0.2360000000E-02   0.5106400000E+00
     0      5      3    350   1  -0.2600000000E-02   0.1048640000E+01
     1      5      3    351   1  -0.4560000000E-02   0.1135820000E+01
     2      5      3    352   1  -0.2780000000E-02  -0.5863400000E+00
     3      5      3    353   1   0.3560000000E-02  -0.2004740000E+01
     4      5      3    354   1  -0.7600000000E-03  -0.2093060000E+01
     5      5      3    355   1   0.3800000000E-02  -0.1433300000E+01
     6      5      3    356   1  -0.2320000000E-02  -0.2300800000E+00
     7      5      3    357   1  -0.6360000000E-02  -0.5384000000E-01
     8      5      3    358   1  -0.7700000000E-02  -0.9488000000E-01
     9      5      3    359   1   0.3420000000E-02   0.3921600000E+00
     0      6      3    360   1   0.5040000000E-02   0.7495600000E+00
     1      6      3    361   1   0.7440000000E-02   0.1007900000E+01
     2      6      3    362   1   0.1280000000E-02  -0.2193800000E+00
     3      6      3    363   1   0.2520000000E-02  -0.2503000000E+00
     4      6      3    364   1   0.1480000000E-02  -0.8770000000E-01
     5      6      3    365   1   0.3200000000E-02  -0.3979000000E+00
     6      6      3    366   1  -0.1680000000E-02   0.2970600000E+00
     7      6      3    367   1  -0.3060000000E-02   0.7099800000E+00
     8      6      3    368   1  -0.2540000000E-02   0.7552600000E+00
     9      6      3    369   1   0.1038000000E-01   0.8010000000E-01
     0      7      3    370   1  -0.5000000000E-03   0.1139980000E+01
     1      7      3    371   1   0.3400000000E-03   0.3233000000E+00
     2      7      3    372   1   0.7200000000E-03  -0.6538400000E+00
     3      7      3    373   1   0.3740000000E-02   0.3879000000E+00
     4      7      3    374   1   0.8600000000E-03   0.7836000000E+00
     5      7      3    375   1  -0.3780000000E-02  -0.1554600000E+00
     6      7      3    376   1  -0.1600000000E-03   0.1946600000E+00
     7      7      3    377   1  -0.5200000000E-02   0.9556800000E+00
     8      7      3    378   1  -0.3560000000E-02   0.1573280000E+01
     9      7      3    379   1   0.1580000000E-02   0.1215060000E+01
     0      8      3    380   1  -0.2580000000E-02   0.4891400000E+00
     1      8      3    381   1  -0.1280000000E-02  -0.2118000000E-01
     2      8      3    382   1   0.1600000000E-02  -0.1059100000E+01
     3      8      3    383   1   0.2280000000E-02   0.3160000000E-01
     4      8      3    384   1  -0.3240000000E-02   0.1214220000E+01
     5      8      3    385   1   0.2600000000E-02   0.1129740000E+01
     6      8      3    386   1   0.8040000000E-02   0.1043060000E+01
     7      8      3    387   1   0.3780000000E-02   0.1375460000E+01
     8      8      3    388   1   0.2320000000E-02   0.1662500000E+01
     9      8      3    389   1   0.2900000000E-02   0.1068440000E+01
     0      9      3    390   1  -0.4900000000E-02  -0.4965200000E+00
     1      9      3    391   1  -0.7800000000E-03  -0.2096000000E-01
     2      9      3    392   1  -0.2460000000E-02  -0.9216800000E+00
     3      9      3    393   1   0.2980000000E-02  -0.4356800000E+00
     4      9      3    394   1  -0.4520000000E-02   0.4624400000E+00
     5      9      3    395   1   0.1000000000E-02   0.6064800000E+00
     6      9      3    396   1  -0.7200000000E-03   0.4533000000E+00
     7      9      3    397   1   0.1980000000E-02   0.6460600000E+00
     8      9      3    398   1   0.2380000000E-02   0.6061400000E+00
     9      9      3    399   1   0.4000000000E-04   0.7600000000E-02
     0      0      4    400   1  -0.2600000000E-02   0.9666600000E+00
     1      0      4    401   1   0.1400000000E-03   0.8469400000E+00
     2      0      4    402   1   0.1400000000E-02   0.6681000000E+00
     3      0      4    403   1   0.4960000000E-02  -0.3580600000E+00
     4      0      4    404   1  -0.8280000000E-02  -0.1646940000E+01
     5      0      4    405   1   0.3500000000E-02  -0.2405800000E+01
     6      0      4    406   1  -0.6740000000E-02  -0.2187740000E+01
     7      0      4    407   1   0.6060000000E-02  -0.1245900000E+01
     8      0      4    408   1   0.1200000000E-03  -0.3355600000E+00
     9      0      4    409   1   0.3880000000E-02   0.7007400000E+00
     0      1      4    410   1   0.3660000000E-02   0.4437400000E+00
     1      1      4    411   1   0.6580000000E-02  -0.7627000000E+00
     2      1      4    412   1  -0.3860000000E-02  -0.1833480000E+01
     3      1      4    413   1   0.7660000000E-02  -0.2687360000E+01
     4      1      4    414   1  -0.6420000000E-02  -0.3114260000E+01
     5      1      4    415   1   0.5920000000E-02  -0.3140600000E+01
     6      1      4    416   1  -0.8480000000E-02  -0.2740940000E+01
     7      1      4    417   1   0.4920000000E-02  -0.2054560000E+01
     8      1      4    418   1   0.1060000000E-02  -0.1241600000E+01
     9      1      4    419   1   0.9800000000E-03   0.5403600000E+00
     0      2      4    420   1  -0.7580000000E-02   0.8669600000E+00
     1      2      4    421   1   0.2240000000E-02  -0.3598000000E+00
     2      2      4    422   1  -0.5680000000E-02  -0.2062060000E+01
     3      2      4    423   1   0.2640000000E-02  -0.3188140000E+01
     4      2      4    424   1  -0.5720000000E-02  -0.3454420000E+01
     5      2      4    425   1   0.7480000000E-02  -0.3314980000E+01
     6      2      4    426   1  -0.6960000000E-02  -0.2738320000E+01
     7      2      4    427   1   0.6840000000E-02  -0.2154960000E+01
     8      2      4    428   1  -0.3780000000E-02  -0.1673200000E+01
     9      2      4    429   1  -0.5760000000E-02   0.4411400000E+00
     0      3      4    430   1   0.1180000000E-02   0.4688000000E+00
     1      3      4    431   1   0.2040000000E-02   0.2808400000E+00
     2      3      4    432   1  -0.4480000000E-02  -0.7350200000E+00
     3      3      4    433   1   0.4920000000E-02  -0.2707880000E+01
     4      3      4    434   1  -0.6000000000E-02  -0.3243800000E+01
     5      3      4    435   1   0.5620000000E-02  -0.2736860000E+01
     6      3      4    436   1  -0.1840000000E-02  -0.1528480000E+01
     7      3      4    437   1   0.1980000000E-02  -0.9153200000E+00
     8      3      4    438   1  -0.5100000000E-02  -0.9776800000E+00
     9      3      4    439   1   0.6440000000E-02   0.5935600000E+00
     0      4      4    440   1  -0.1540000000E-02  -0.5357000000E+00
     1      4      4    441   1  -0.3220000000E-02   0.1271200000E+00
     2      4      4    442   1  -0.3740000000E-02  -0.7580800000E+00
     3      4      4    443   1   0.4440000000E-02  -0.2399260000E+01
     4      4      4    444   1  -0.2060000000E-02  -0.2773860000E+01
     5      4      4    445   1   0.3980000000E-02  -0.1740620000E+01
     6      4      4    446   1   0.1560000000E-02  -0.4001200000E+00
     7      4      4    447   1  -0.1780000000E-02   0.1057400000E+00
     8      4      4    448   1  -0.9200000000E-03  -0.7423600000E+00
     9      4      4    449   1   0.3000000000E-02  -0.6599400000E+00
     0      5      4    450   1  -0.2600000000E-03   0.4423600000E+00
     1      5      4    451   1   0.4800000000E-03   0.1036120000E+01
     2      5      4    452   1  -0.7400000000E-03  -0.1923800000E+00
     3      5      4    453   1   0.6260000000E-02  -0.1910660000E+01
     4      5      4    454   1  -0.5680000000E-02  -0.2415140000E+01
     5      5      4    455   1   0.1980000000E-02  -0.1245920000E+01
     6      5      4    456   1   0.2120000000E-02  -0.2691600000E+00
     7      5      4    457   1  -0.2400000000E-02   0.6358000000E-01
     8      5      4    458   1  -0.3200000000E-02  -0.2532800000E+00
     9      5      4    459   1   0.6640000000E-02  -0.6210200000E+00
     0      6      4    460   1  -0.5000000000E-03   0.1566200000E+01
     1      6      4    461   1  -0.2900000000E-02   0.1647960000E+01
     2      6      4    462   1  -0.4580000000E-02   0.9500400000E+00
     3      6      4    463   1   0.2600000000E-02  -0.5898000000E+00
     4      6      4    464   1  -0.5880000000E-02  -0.1415520000E+01
     5      6      4    465   1   0.9400000000E-03   0.1686200000E+00
     6      6      4    466   1  -0.1540000000E-02   0.1059660000E+01
     7      6      4    467   1  -0.4720000000E-02   0.7932400000E+00
     8      6      4    468   1  -0.2040000000E-02   0.7302800000E+00
     9      6      4    469   1   0.3120000000E-02   0.4357600000E+00
     0      7      4    470   1  -0.1200000000E-03   0.1859460000E+01
     1      7      4    471   1   0.2920000000E-02   0.2097440000E+01
     2      7      4    472   1   0.2520000000E-02   0.1915800000E+01
     3      7      4    473   1   0.1760000000E-02   0.1060900000E+01
     4      7      4    474   1  -0.1140000000E-02   0.1230000000E-01
     5      7      4    475   1   0.3460000000E-02   0.5336800000E+00
     6      7      4    476   1  -0.1840000000E-02   0.6903400000E+00
     7      7      4    477   1  -0.3000000000E-03   0.1637200000E+00
     8      7      4    478   1   0.4000000000E-04   0.1106400000E+01
     9      7      4    479   1   0.3380000000E-02   0.1557600000E+01
     0      8      4    480   1   0.1000000000E-03   0.1756240000E+01
     1      8      4    481   1   0.6000000000E-04   0.2499520000E+01
     2      8      4    482   1   0.1340000000E-02   0.2397120000E+01
     3      8      4    483   1  -0.1320000000E-02   0.1813980000E+01
     4      8      4    484   1  -0.4800000000E-03   0.1132440000E+01
     5      8      4    485   1   0.2680000000E-02   0.2268000000E+00
     6      8      4    486   1  -0.3200000000E-03  -0.2283000000E+00
     7      8      4    487   1   0.5600000000E-03   0.6013800000E+00
     8      8      4    488   1   0.2400000000E-02   0.1587000000E+01
     9      8      4    489   1  -0.1080000000E-02   0.1325320000E+01
     0      9      4    490   1  -0.5540000000E-02   0.1464620000E+01
     1      9      4    491   1  -0.3960000000E-02   0.2125080000E+01
     2      9      4    492   1  -0.2780000000E-02   0.1952340000E+01
     3      9      4    493   1   0.8000000000E-03   0.1230320000E+01
     4      9      4    494   1  -0.3220000000E-02   0.1626000000E-01
     5      9      4    495   1   0.2200000000E-03  -0.1031780000E+01
     6      9      4    496   1  -0.1020000000E-02  -0.6148000000E+00
     7      9      4    497   1  -0.2400000000E-03   0.8537200000E+00
     8      9      4    498   1  -0.4160000000E-02   0.1202520000E+01
     9      9      4    499   1  -0.5520000000E-02   0.6811400000E+00
     0      0      5    500   1   0.2200000000E-02   0.4237600000E+00
     1      0      5    501   1   0.1980000000E-02  -0.1409000000E+00
     2      0      5    502   1  -0.4500000000E-02  -0.8565400000E+00
     3      0      5    503   1   0.5640000000E-02  -0.1886040000E+01
     4      0      5    504   1  -0.5740000000E-02  -0.2690680000E+01
     5      0      5    505   1   0.7140000000E-02  -0.3060520000E+01
     6      0      5    506   1  -0.6700000000E-02  -0.2631380000E+01
     7      0      5    507   1   0.6140000000E-02  -0.2151100000E+01
     8      0      5    508   1  -0.7940000000E-02  -0.1048520000E+01
     9      0      5    509   1   0.8600000000E-03   0.6553200000E+00
     0      1      5    510   1  -0.6200000000E-03  -0.2596000000E-01
     1      1      5    511   1   0.4180000000E-02  -0.1375300000E+01
     2      1      5    512   1  -0.9200000000E-02  -0.2410060000E+01
     3      1      5    513   1   0.6580000000E-02  -0.3305600000E+01
     4      1      5    514   1  -0.7280000000E-02  -0.3658480000E+01
     5      1      5    515   1   0.7100000000E-02  -0.3712840000E+01
     6      1      5    516   1  -0.6300000000E-02  -0.3573360000E+01
     7      1      5    517   1   0.7120000000E-02  -0.3293300000E+01
     8      1      5    518   1  -0.1022000000E-01  -0.2433840000E+01
     9      1      5    519   1   0.3500000000E-02  -0.1751800000E+00
     0      2      5    520   1  -0.4240000000E-02  -0.1285880000E+01
     1      2      5    521   1   0.3420000000E-02  -0.2222780000E+01
     2      2      5    522   1  -0.7080000000E-02  -0.2930020000E+01
     3      2      5    523   1   0.5320000000E-02  -0.3513960000E+01
     4      2      5    524   1  -0.6580000000E-02  -0.3694780000E+01
     5      2      5    525   1   0.6760000000E-02  -0.3777600000E+01
     6      2      5    526   1  -0.7440000000E-02  -0.3674100000E+01
     7      2      5    527   1   0.7280000000E-02  -0.3398800000E+01
     8      2      5    528   1  -0.7120000000E-02  -0.2804020000E+01
     9      2      5    529   1   0.1880000000E-02  -0.1350520000E+01
     0      3      5    530   1  -0.5720000000E-02  -0.2445780000E+01
     1      3      5    531   1   0.7640000000E-02  -0.3053240000E+01
     2      3      5    532   1  -0.6640000000E-02  -0.3244440000E+01
     3      3      5    533   1   0.5360000000E-02  -0.3503440000E+01
     4      3      5    534   1  -0.5140000000E-02  -0.3544360000E+01
     5      3      5    535   1   0.6720000000E-02  -0.3660640000E+01
     6      3      5    536   1  -0.6760000000E-02  -0.3392220000E+01
     7      3      5    537   1   0.5600000000E-02  -0.2645840000E+01
     8      3      5    538   1  -0.3400000000E-02  -0.2406380000E+01
     9      3      5    539   1   0.6940000000E-02  -0.1740900000E+01
     0      4      5    540   1  -0.7920000000E-02  -0.2525780000E+01
     1      4      5    541   1   0.6740000000E-02  -0.3266300000E+01
     2      4      5    542   1  -0.7880000000E-02  -0.3454880000E+01
     3      4      5    543   1   0.5740000000E-02  -0.3523260000E+01
     4      4      5    544   1  -0.5580000000E-02  -0.3398560000E+01
     5      4      5    545   1   0.8420000000E-02  -0.3328080000E+01
     6      4      5    546   1  -0.4940000000E-02  -0.2557500000E+01
     7      4      5    547   1   0.1320000000E-02  -0.8819200000E+00
     8      4      5    548   1  -0.8120000000E-02  -0.1589840000E+01
     9      4      5    549   1   0.2660000000E-02  -0.1440620000E+01
     0      5      5    550   1  -0.5820000000E-02  -0.2174260000E+01
     1      5      5    551   1   0.5900000000E-02  -0.2577520000E+01
     2      5      5    552   1  -0.7400000000E-02  -0.2892660000E+01
     3      5      5    553   1   0.6840000000E-02  -0.3372460000E+01
     4      5      5    554   1  -0.4980000000E-02  -0.3313720000E+01
     5      5      5    555   1   0.5200000000E-02  -0.2919640000E+01
     6      5      5    556   1  -0.1268000000E-01  -0.1301720000E+01
     7      5      5    557   1  -0.3660000000E-02   0.9378600000E+00
     8      5      5    558   1  -0.4740000000E-02  -0.2913000000E+00
     9      5      5    559   1   0.3320000000E-02  -0.1024600000E+01
     0      6      5    560   1  -0.1600000000E-02  -0.1417080000E+01
     1      6      5    561   1   0.3160000000E-02  -0.4616000000E+00
     2      6      5    562   1  -0.3600000000E-03  -0.6531600000E+00
     3      6      5    563   1   0.3700000000E-02  -0.2230460000E+01
     4      6      5    564   1  -0.5340000000E-02  -0.2773400000E+01
     5      6      5    565   1   0.4960000000E-02  -0.1789340000E+01
     6      6      5    566   1  -0.6800000000E-02   0.5426400000E+00
     7      6      5    567   1   0.6000000000E-03   0.1534560000E+01
     8      6      5    568   1   0.1720000000E-02   0.4856400000E+00
     9      6      5    569   1   0.1020000000E-02  -0.7499800000E+00
     0      7      5    570   1  -0.4840000000E-02  -0.7804000000E+00
     1      7      5    571   1  -0.5260000000E-02   0.1045080000E+01
     2      7      5    572   1  -0.4620000000E-02   0.1370740000E+01
     3      7      5    573   1   0.8000000000E-03  -0.4588400000E+00
     4      7      5    574   1  -0.4440000000E-02  -0.1112140000E+01
     5      7      5    575   1   0.2400000000E-02  -0.4715600000E+00
     6      7      5    576   1   0.2800000000E-02   0.1179660000E+01
     7      7      5    577   1  -0.2140000000E-02   0.1222880000E+01
     8      7      5    578   1   0.3880000000E-02   0.8994600000E+00
     9      7      5    579   1   0.6140000000E-02  -0.4982600000E+00
     0      8      5    580   1  -0.8000000000E-04   0.4418400000E+00
     1      8      5    581   1  -0.1940000000E-02   0.1594480000E+01
     2      8      5    582   1   0.1920000000E-02   0.1900600000E+01
     3      8      5    583   1   0.4320000000E-02   0.8641000000E+00
     4      8      5    584   1  -0.3480000000E-02   0.6411800000E+00
     5      8      5    585   1  -0.8400000000E-03   0.7926000000E-01
     6      8      5    586   1   0.6800000000E-02   0.1043920000E+01
     7      8      5    587   1   0.4600000000E-02   0.1431020000E+01
     8      8      5    588   1   0.3940000000E-02   0.1595260000E+01
     9      8      5    589   1   0.2000000000E-02   0.3202800000E+00
     0      9      5    590   1  -0.5220000000E-02   0.1528900000E+01
     1      9      5    591   1   0.1220000000E-02   0.1865260000E+01
     2      9      5    592   1  -0.1840000000E-02   0.1718740000E+01
     3      9      5    593   1   0.1000000000E-03   0.1126340000E+01
     4      9      5    594   1  -0.5460000000E-02   0.2796600000E+00
     5      9      5    595   1  -0.2140000000E-02  -0.7455200000E+00
     6      9      5    596   1   0.9600000000E-03   0.2471000000E+00
     7      9      5    597   1   0.2380000000E-02   0.8016000000E+00
     8      9      5    598   1  -0.4020000000E-02   0.1195740000E+01
     9      9      5    599   1  -0.1400000000E-02   0.1171100000E+01
     0      0      6    600   1   0.4800000000E-03   0.4881600000E+00
     1      0      6    601   1   0.6200000000E-03   0.3074800000E+00
     2      0      6    602   1   0.1780000000E-02   0.7721600000E+00
     3      0      6    603   1  -0.1780000000E-02  -0.5632200000E+00
     4      0      6    604   1  -0.5860000000E-02  -0.2256700000E+01
     5      0      6    605   1   0.2780000000E-02  -0.2177500000E+01
     6      0      6    606   1  -0.6000000000E-03  -0.1208600000E+01
     7      0      6    607   1   0.5640000000E-02  -0.5386000000E-01
     8      0      6    608   1   0.2980000000E-02   0.1382260000E+01
     9      0      6    609   1   0.5160000000E-02   0.1384400000E+01
     0      1      6    610   1  -0.3420000000E-02   0.6411600000E+00
     1      1      6    611   1  -0.2880000000E-02   0.1756600000E+00
     2      1      6    612   1  -0.4020000000E-02   0.8090000000E-01
     3      1      6    613   1   0.7920000000E-02  -0.1439980000E+01
     4      1      6    614   1  -0.4020000000E-02  -0.3110780000E+01
     5      1      6    615   1   0.7320000000E-02  -0.3224820000E+01
     6      1      6    616   1  -0.6540000000E-02  -0.2414620000E+01
     7      1      6    617   1   0.6500000000E-02  -0.1794080000E+01
     8      1      6    618   1  -0.1200000000E-02  -0.2012000000E+00
     9      1      6    619   1  -0.3860000000E-02   0.1402140000E+01
     0      2      6    620   1  -0.8200000000E-03   0.8762000000E-01
     1      2      6    621   1   0.6640000000E-02  -0.1635800000E+00
     2      2      6    622   1  -0.2800000000E-02  -0.3453400000E+00
     3      2      6    623   1   0.1480000000E-02  -0.1362580000E+01
     4      2      6    624   1  -0.6120000000E-02  -0.2955100000E+01
     5      2      6    625   1   0.7480000000E-02  -0.3339560000E+01
     6      2      6    626   1  -0.8160000000E-02  -0.2935460000E+01
     7      2      6    627   1   0.6460000000E-02  -0.2559900000E+01
     8      2      6    628   1  -0.1300000000E-02  -0.1191580000E+01
     9      2      6    629   1   0.5480000000E-02   0.7133400000E+00
     0      3      6    630   1   0.1080000000E-02  -0.1268840000E+01
     1      3      6    631   1   0.5280000000E-02  -0.1959640000E+01
     2      3      6    632   1  -0.3560000000E-02  -0.2130060000E+01
     3      3      6    633   1   0.6060000000E-02  -0.2616760000E+01
     4      3      6    634   1  -0.7400000000E-02  -0.3047440000E+01
     5      3      6    635   1   0.4600000000E-02  -0.3015580000E+01
     6      3      6    636   1  -0.7900000000E-02  -0.2503860000E+01
     7      3      6    637   1   0.5140000000E-02  -0.1756180000E+01
     8      3      6    638   1   0.1200000000E-02  -0.3752000000E-01
     9      3      6    639   1  -0.2680000000E-02   0.8843200000E+00
     0      4      6    640   1  -0.2940000000E-02  -0.2279940000E+01
     1      4      6    641   1   0.3960000000E-02  -0.3141660000E+01
     2      4      6    642   1  -0.6360000000E-02  -0.3275180000E+01
     3      4      6    643   1   0.4880000000E-02  -0.3398000000E+01
     4      4      6    644   1  -0.5860000000E-02  -0.3095160000E+01
     5      4      6    645   1   0.6400000000E-02  -0.2644440000E+01
     6      4      6    646   1  -0.3400000000E-02  -0.1785500000E+01
     7      4      6    647   1  -0.1800000000E-03  -0.1680200000E+00
     8      4      6    648   1   0.1120000000E-02   0.1043760000E+01
     9      4      6    649   1  -0.1040000000E-02   0.6656000000E+00
     0      5      6    650   1  -0.5300000000E-02  -0.2251080000E+01
     1      5      6    651   1   0.4360000000E-02  -0.3106500000E+01
     2      5      6    652   1  -0.6740000000E-02  -0.3204540000E+01
     3      5      6    653   1   0.6040000000E-02  -0.3473660000E+01
     4      5      6    654   1  -0.7480000000E-02  -0.3362340000E+01
     5      5      6    655   1   0.1420000000E-02  -0.2521980000E+01
     6      5      6    656   1  -0.2660000000E-02  -0.7169200000E+00
     7      5      6    657   1  -0.2000000000E-03   0.1167040000E+01
     8      5      6    658   1  -0.1780000000E-02   0.1554980000E+01
     9      5      6    659   1  -0.6000000000E-04   0.3916000000E+00
     0      6      6    660   1  -0.2120000000E-02  -0.1823120000E+01
     1      6      6    661   1   0.4620000000E-02  -0.2097940000E+01
     2      6      6    662   1  -0.1620000000E-02  -0.2166380000E+01
     3      6      6    663   1   0.5000000000E-02  -0.2858840000E+01
     4      6      6    664   1  -0.7380000000E-02  -0.3105160000E+01
     5      6      6    665   1   0.3280000000E-02  -0.1946320000E+01
     6      6      6    666   1  -0.7780000000E-02   0.1499400000E+00
     7      6      6    667   1  -0.1940000000E-02   0.1201000000E+01
     8      6      6    668   1  -0.9600000000E-03   0.1466280000E+01
     9      6      6    669   1  -0.3200000000E-02   0.1033600000E+00
     0      7      6    670   1  -0.1680000000E-02  -0.1528980000E+01
     1      7      6    671   1   0.5720000000E-02  -0.1067980000E+01
     2      7      6    672   1  -0.2540000000E-02  -0.1231560000E+01
     3      7      6    673   1   0.5240000000E-02  -0.2269380000E+01
     4      7      6    674   1  -0.4960000000E-02  -0.2535720000E+01
     5      7      6    675   1   0.5220000000E-02  -0.1206580000E+01
     6      7      6    676   1   0.2780000000E-02   0.1043000000E+01
     7      7      6    677   1   0.1060000000E-02   0.1557520000E+01
     8      7      6    678   1   0.1280000000E-02   0.1502200000E+01
     9      7      6    679   1   0.3540000000E-02   0.4044000000E-01
     0      8      6    680   1   0.2880000000E-02  -0.1319620000E+01
     1      8      6    681   1   0.5400000000E-03  -0.9932000000E-01
     2      8      6    682   1  -0.5420000000E-02   0.3392200000E+00
     3      8      6    683   1   0.3440000000E-02  -0.5031200000E+00
     4      8      6    684   1  -0.1560000000E-02  -0.1340480000E+01
     5      8      6    685   1  -0.1560000000E-02  -0.1604800000E+00
     6      8      6    686   1  -0.2140000000E-02   0.1641020000E+01
     7      8      6    687   1   0.4000000000E-04   0.2023580000E+01
     8      8      6    688   1   0.3240000000E-02   0.1683940000E+01
     9      8      6    689   1   0.2600000000E-02  -0.2311800000E+00
     0      9      6    690   1   0.6400000000E-03  -0.4954600000E+00
     1      9      6    691   1  -0.1060000000E-02   0.4821800000E+00
     2      9      6    692   1   0.2140000000E-02   0.1255360000E+01
     3      9      6    693   1   0.2620000000E-02   0.9823200000E+00
     4      9      6    694   1  -0.2320000000E-02  -0.1700000000E-01
     5      9      6    695   1  -0.3920000000E-02   0.3207400000E+00
     6      9      6    696   1   0.0000000000E+00   0.9841600000E+00
     7      9      6    697   1   0.1400000000E-03   0.1407980000E+01
     8      9      6    698   1   0.1980000000E-02   0.1536240000E+01
     9      9      6    699   1   0.1520000000E-02   0.1394600000E+00
     0      0      7    700   1   0.2580000000E-02   0.1500700000E+01
     1      0      7    701   1   0.4880000000E-02   0.1046780000E+01
     2      0      7    702   1   0.6800000000E-03   0.1932600000E+00
     3      0      7    703   1  -0.1620000000E-02  -0.1264540000E+01
     4      0      7    704   1  -0.5060000000E-02  -0.2237440000E+01
     5      0      7    705   1   0.5820000000E-02  -0.2552060000E+01
     6      0      7    706   1  -0.4560000000E-02  -0.1255640000E+01
     7      0      7    707   1   0.3980000000E-02  -0.9088000000E-01
     8      0      7    708   1   0.3600000000E-03   0.1374180000E+01
     9      0      7    709   1   0.1840000000E-02   0.1626400000E+01
     0      1      7    710   1  -0.3200000000E-03   0.1839460000E+01
     1      1      7    711   1   0.1840000000E-02   0.9404400000E+00
     2      1      7    712   1  -0.2280000000E-02   0.2314600000E+00
     3      1      7    713   1   0.6400000000E-03  -0.1932260000E+01
     4      1      7    714   1  -0.3820000000E-02  -0.3127080000E+01
     5      1      7    715   1   0.2780000000E-02  -0.3248860000E+01
     6      1      7    716   1  -0.3760000000E-02  -0.2409160000E+01
     7      1      7    717   1   0.1520000000E-02  -0.1520760000E+01
     8      1      7    718   1  -0.2600000000E-02   0.3598000000E+00
     9      1      7    719   1  -0.9200000000E-03   0.1926480000E+01
     0      2      7    720   1   0.2000000000E-02   0.1768800000E+00
     1      2      7    721   1   0.6520000000E-02  -0.7639800000E+00
     2      2      7    722   1   0.1060000000E-02  -0.9799800000E+00
     3      2      7    723   1  -0.6600000000E-03  -0.2024200000E+01
     4      2      7    724   1  -0.6480000000E-02  -0.2920640000E+01
     5      2      7    725   1   0.5180000000E-02  -0.3137100000E+01
     6      2      7    726   1  -0.3260000000E-02  -0.2323240000E+01
     7      2      7    727   1   0.3220000000E-02  -0.1571100000E+01
     8      2      7    728   1  -0.5600000000E-03   0.1377600000E+00
     9      2      7    729   1   0.1720000000E-02   0.1086220000E+01
     0      3      7    730   1  -0.4400000000E-03  -0.1027640000E+01
     1      3      7    731   1   0.6400000000E-02  -0.2169380000E+01
     2      3      7    732   1  -0.2000000000E-02  -0.2361380000E+01
     3      3      7    733   1   0.2940000000E-02  -0.2623380000E+01
     4      3      7    734   1  -0.1900000000E-02  -0.2871240000E+01
     5      3      7    735   1   0.6460000000E-02  -0.2618060000E+01
     6      3      7    736   1  -0.5600000000E-02  -0.1508540000E+01
     7      3      7    737   1   0.4360000000E-02  -0.5113800000E+00
     8      3      7    738   1  -0.1020000000E-02   0.1456120000E+01
     9      3      7    739   1  -0.1000000000E-03   0.1502640000E+01
     0      4      7    740   1   0.1700000000E-02  -0.1738540000E+01
     1      4      7    741   1  -0.1820000000E-02  -0.2276040000E+01
     2      4      7    742   1  -0.2980000000E-02  -0.2916860000E+01
     3      4      7    743   1   0.2940000000E-02  -0.3095300000E+01
     4      4      7    744   1  -0.3080000000E-02  -0.2790040000E+01
     5      4      7    745   1   0.6500000000E-02  -0.2219260000E+01
     6      4      7    746   1  -0.2940000000E-02  -0.1484640000E+01
     7      4      7    747   1  -0.3800000000E-03  -0.4307400000E+00
     8      4      7    748   1   0.7140000000E-02   0.1274860000E+01
     9      4      7    749   1   0.9000000000E-03   0.8522600000E+00
     0      5      7    750   1   0.4200000000E-03  -0.1102380000E+01
     1      5      7    751   1   0.3360000000E-02  -0.1368000000E+01
     2      5      7    752   1  -0.3860000000E-02  -0.2582200000E+01
     3      5      7    753   1   0.5540000000E-02  -0.2893540000E+01
     4      5      7    754   1  -0.7940000000E-02  -0.2769260000E+01
     5      5      7    755   1   0.9260000000E-02  -0.2051640000E+01
     6      5      7    756   1  -0.2760000000E-02  -0.1010900000E+01
     7      5      7    757   1  -0.2940000000E-02   0.8366000000E-01
     8      5      7    758   1  -0.1200000000E-03   0.8523800000E+00
     9      5      7    759   1   0.0000000000E+00   0.3952000000E+00
     0      6      7    760   1  -0.8000000000E-03  -0.7820800000E+00
     1      6      7    761   1  -0.1260000000E-02  -0.1280900000E+01
     2      6      7    762   1  -0.3800000000E-02  -0.2137720000E+01
     3      6      7    763   1   0.7200000000E-03  -0.2112200000E+01
     4      6      7    764   1  -0.6020000000E-02  -0.2445600000E+01
     5      6      7    765   1   0.2840000000E-02  -0.1488800000E+01
     6      6      7    766   1  -0.3560000000E-02   0.1187200000E+00
     7      6      7    767   1   0.3200000000E-03   0.9907200000E+00
     8      6      7    768   1   0.4740000000E-02   0.1102080000E+01
     9      6      7    769   1   0.1920000000E-02   0.4256000000E+00
     0      7      7    770   1  -0.2320000000E-02  -0.1284400000E+01
     1      7      7    771   1   0.1500000000E-02  -0.1989780000E+01
     2      7      7    772   1  -0.1840000000E-02  -0.2485020000E+01
     3      7      7    773   1   0.6440000000E-02  -0.2364080000E+01
     4      7      7    774   1  -0.5980000000E-02  -0.2179580000E+01
     5      7      7    775   1   0.6960000000E-02  -0.6048400000E+00
     6      7      7    776   1   0.3360000000E-02   0.3202200000E+00
     7      7      7    777   1   0.1200000000E-02   0.5397000000E+00
     8      7      7    778   1  -0.2040000000E-02   0.6993800000E+00
     9      7      7    779   1   0.5780000000E-02   0.3422000000E+00
     0      8      7    780   1  -0.7920000000E-02  -0.1884060000E+01
     1      8      7    781   1   0.4400000000E-02  -0.1949780000E+01
     2      8      7    782   1  -0.7000000000E-02  -0.2204540000E+01
     3      8      7    783   1   0.6020000000E-02  -0.2104840000E+01
     4      8      7    784   1  -0.8800000000E-02  -0.1292400000E+01
     5      8      7    785   1   0.4340000000E-02   0.7124000000E+00
     6      8      7    786   1  -0.5400000000E-03   0.1303520000E+01
     7      8      7    787   1  -0.1060000000E-02   0.1023480000E+01
     8      8      7    788   1   0.1540000000E-02   0.9235800000E+00
     9      8      7    789   1  -0.4000000000E-03  -0.2400200000E+00
     0      9      7    790   1  -0.2740000000E-02  -0.1169120000E+01
     1      9      7    791   1   0.3000000000E-02  -0.6473000000E+00
     2      9      7    792   1  -0.2120000000E-02  -0.7912400000E+00
     3      9      7    793   1   0.1680000000E-02  -0.4974600000E+00
     4      9      7    794   1  -0.9800000000E-03  -0.2066000000E+00
     5      9      7    795   1  -0.1800000000E-03  -0.2822000000E-01
     6      9      7    796   1  -0.5360000000E-02   0.7217200000E+00
     7      9      7    797   1   0.1200000000E-02   0.4373600000E+00
     8      9      7    798   1   0.1200000000E-02   0.3060400000E+00
     9      9      7    799   1   0.1820000000E-02  -0.7479000000E+00
     0      0      8    800   1  -0.8000000000E-04   0.2178900000E+01
     1      0      8    801   1  -0.1920000000E-02   0.1745880000E+01
     2      0      8    802   1  -0.1580000000E-02   0.8702400000E+00
     3      0      8    803   1  -0.4480000000E-02  -0.5590800000E+00
     4      0      8    804   1  -0.7400000000E-03  -0.2102960000E+01
     5      0      8    805   1   0.5200000000E-03  -0.2420480000E+01
     6      0      8    806   1  -0.2160000000E-02  -0.1078820000E+01
     7      0      8    807   1   0.2420000000E-02   0.8268400000E+00
     8      0      8    808   1   0.1740000000E-02   0.2141500000E+01
     9      0      8    809   1   0.5800000000E-03   0.2544500000E+01
     0      1      8    810   1  -0.6200000000E-03   0.2362800000E+01
     1      1      8    811   1   0.4600000000E-02   0.1403540000E+01
     2      1      8    812   1   0.4080000000E-02   0.4914600000E+00
     3      1      8    813   1   0.2780000000E-02  -0.9338200000E+00
     4      1      8    814   1  -0.2900000000E-02  -0.2852260000E+01
     5      1      8    815   1   0.9800000000E-03  -0.3189140000E+01
     6      1      8    816   1   0.9800000000E-03  -0.2088980000E+01
     7      1      8    817   1  -0.4460000000E-02   0.4311400000E+00
     8      1      8    818   1  -0.2760000000E-02   0.2123820000E+01
     9      1      8    819   1  -0.1620000000E-02   0.2681740000E+01
     0      2      8    820   1  -0.1700000000E-02   0.9483200000E+00
     1      2      8    821   1  -0.1400000000E-02  -0.3233600000E+00
     2      2      8    822   1   0.3140000000E-02  -0.2056800000E+00
     3      2      8    823   1  -0.1240000000E-02  -0.2308200000E+00
     4      2      8    824   1  -0.4480000000E-02  -0.2446760000E+01
     5      2      8    825   1   0.2420000000E-02  -0.3139780000E+01
     6      2      8    826   1  -0.1620000000E-02  -0.2045700000E+01
     7      2      8    827   1   0.6340000000E-02   0.2500600000E+00
     8      2      8    828   1   0.3480000000E-02   0.1826160000E+01
     9      2      8    829   1   0.2940000000E-02   0.2007080000E+01
     0      3      8    830   1  -0.6560000000E-02  -0.3701200000E+00
     1      3      8    831   1   0.1960000000E-02  -0.1172560000E+01
     2      3      8    832   1   0.7400000000E-02  -0.3580800000E+00
     3      3      8    833   1   0.3180000000E-02  -0.2678200000E+00
     4      3      8    834   1  -0.4160000000E-02  -0.1850300000E+01
     5      3      8    835   1   0.4380000000E-02  -0.2468880000E+01
     6      3      8    836   1  -0.4360000000E-02  -0.1205540000E+01
     7      3      8    837   1  -0.1220000000E-02   0.8109400000E+00
     8      3      8    838   1  -0.3480000000E-02   0.1995480000E+01
     9      3      8    839   1  -0.4720000000E-02   0.1384740000E+01
     0      4      8    840   1   0.5860000000E-02  -0.4313200000E+00
     1      4      8    841   1   0.4440000000E-02  -0.9589000000E+00
     2      4      8    842   1  -0.1240000000E-02  -0.8098200000E+00
     3      4      8    843   1   0.1140000000E-02  -0.1444600000E+01
     4      4      8    844   1  -0.1500000000E-02  -0.1523640000E+01
     5      4      8    845   1   0.5740000000E-02  -0.1446420000E+01
     6      4      8    846   1  -0.7200000000E-03  -0.5033200000E+00
     7      4      8    847   1   0.3440000000E-02   0.5009200000E+00
     8      4      8    848   1   0.5340000000E-02   0.1670580000E+01
     9      4      8    849   1   0.1560000000E-02   0.1070140000E+01
     0      5      8    850   1  -0.1040000000E-02   0.5268200000E+00
     1      5      8    851   1  -0.4040000000E-02  -0.8054000000E-01
     2      5      8    852   1  -0.8400000000E-03  -0.9067800000E+00
     3      5      8    853   1   0.8800000000E-03  -0.1722960000E+01
     4      5      8    854   1  -0.3200000000E-02  -0.1368880000E+01
     5      5      8    855   1   0.4140000000E-02  -0.1368520000E+01
     6      5      8    856   1   0.2900000000E-02  -0.9562000000E-01
     7      5      8    857   1   0.1640000000E-02   0.4533600000E+00
     8      5      8    858   1   0.4260000000E-02   0.1124040000E+01
     9      5      8    859   1   0.2000000000E-04   0.1173680000E+01
     0      6      8    860   1  -0.2180000000E-02   0.7898800000E+00
     1      6      8    861   1   0.6200000000E-03   0.2444800000E+00
     2      6      8    862   1   0.6000000000E-04  -0.7857000000E+00
     3      6      8    863   1  -0.3380000000E-02  -0.1302680000E+01
     4      6      8    864   1  -0.3400000000E-02  -0.1023960000E+01
     5      6      8    865   1  -0.7600000000E-03  -0.8426800000E+00
     6      6      8    866   1   0.2400000000E-03   0.8906600000E+00
     7      6      8    867   1  -0.2240000000E-02   0.1501620000E+01
     8      6      8    868   1  -0.7600000000E-03   0.1505200000E+01
     9      6      8    869   1   0.1660000000E-02   0.1429860000E+01
     0      7      8    870   1   0.2000000000E-02  -0.3001600000E+00
     1      7      8    871   1   0.3680000000E-02  -0.2734000000E-01
     2      7      8    872   1  -0.2260000000E-02  -0.8857200000E+00
     3      7      8    873   1  -0.1140000000E-02  -0.1260380000E+01
     4      7      8    874   1  -0.1220000000E-02  -0.2191800000E+00
     5      7      8    875   1   0.2220000000E-02   0.5990000000E-01
     6      7      8    876   1   0.6400000000E-03   0.1066960000E+01
     7      7      8    877   1  -0.6000000000E-04   0.1840920000E+01
     8      7      8    878   1  -0.3120000000E-02   0.2052020000E+01
     9      7      8    879   1  -0.6600000000E-03   0.1346400000E+01
     0      8      8    880   1   0.1840000000E-02  -0.1610000000E-01
     1      8      8    881   1   0.1420000000E-02   0.7205800000E+00
     2      8      8    882   1   0.5880000000E-02   0.5312000000E+00
     3      8      8    883   1  -0.2880000000E-02  -0.1037000000E+00
     4      8      8    884   1  -0.3980000000E-02   0.6648400000E+00
     5      8      8    885   1   0.1600000000E-03   0.6593200000E+00
     6      8      8    886   1  -0.2400000000E-02   0.1164460000E+01
     7      8      8    887   1   0.1360000000E-02   0.1830440000E+01
     8      8      8    888   1  -0.2000000000E-04   0.2324840000E+01
     9      8      8    889   1  -0.4700000000E-02   0.1692900000E+01
     0      9      8    890   1   0.6260000000E-02   0.9525200000E+00
     1      9      8    891   1  -0.3400000000E-03   0.1099680000E+01
     2      9      8    892   1   0.3600000000E-02   0.9441400000E+00
     3      9      8    893   1  -0.5540000000E-02   0.3309000000E+00
     4      9      8    894   1  -0.2260000000E-02   0.3210000000E-01
     5      9      8    895   1   0.3240000000E-02  -0.1247600000E+00
     6      9      8    896   1  -0.1580000000E-02   0.7156400000E+00
     7      9      8    897   1  -0.6800000000E-03   0.1196140000E+01
     8      9      8    898   1  -0.1580000000E-02   0.1901020000E+01
     9      9      8    899   1   0.2420000000E-02   0.1909960000E+01
     0      0      9    900   1   0.8400000000E-03   0.1949580000E+01
     1      0      9    901   1  -0.2360000000E-02   0.1597720000E+01
     2      0      9    902   1   0.4060000000E-02   0.5565000000E+00
     3      0      9    903   1  -0.2560000000E-02  -0.7732400000E+00
     4      0      9    904   1  -0.2740000000E-02  -0.1681600000E+01
     5      0      9    905   1   0.1260000000E-02  -0.1795020000E+01
     6      0      9    906   1  -0.4460000000E-02  -0.1456620000E+01
     7      0      9    907   1  -0.1520000000E-02  -0.1991200000E+00
     8      0      9    908   1   0.1480000000E-02   0.1237180000E+01
     9      0      9    909   1   0.3800000000E-02   0.1865460000E+01
     0      1      9    910   1   0.8200000000E-03   0.1517320000E+01
     1      1      9    911   1   0.3480000000E-02   0.1108720000E+01
     2      1      9    912   1   0.2180000000E-02   0.3494800000E+00
     3      1      9    913   1   0.1340000000E-02  -0.1026000000E+01
     4      1      9    914   1  -0.4400000000E-02  -0.2067780000E+01
     5      1      9    915   1   0.3660000000E-02  -0.2088280000E+01
     6      1      9    916   1  -0.2440000000E-02  -0.1652500000E+01
     7      1      9    917   1   0.1400000000E-03  -0.3519000000E+00
     8      1      9    918   1   0.1880000000E-02   0.1346380000E+01
     9      1      9    919   1  -0.1020000000E-02   0.1481760000E+01
     0      2      9    920   1   0.2100000000E-02   0.5974000000E+00
     1      2      9    921   1  -0.2680000000E-02  -0.2773800000E+00
     2      2      9    922   1  -0.1120000000E-02   0.8566000000E-01
     3      2      9    923   1   0.4060000000E-02  -0.7496600000E+00
     4      2      9    924   1  -0.5800000000E-02  -0.2323300000E+01
     5      2      9    925   1   0.5620000000E-02  -0.2632040000E+01
     6      2      9    926   1   0.1400000000E-02  -0.2024700000E+01
     7      2      9    927   1   0.4380000000E-02  -0.7102000000E+00
     8      2      9    928   1  -0.1000000000E-03   0.1064400000E+01
     9      2      9    929   1  -0.1620000000E-02   0.1501080000E+01
     0      3      9    930   1  -0.8800000000E-03  -0.7650000000E-01
     1      3      9    931   1  -0.1440000000E-02  -0.1057620000E+01
     2      3      9    932   1   0.1780000000E-02  -0.4431400000E+00
     3      3      9    933   1  -0.1600000000E-03  -0.1018320000E+01
     4      3      9    934   1  -0.2660000000E-02  -0.2287760000E+01
     5      3      9    935   1   0.2500000000E-02  -0.2399920000E+01
     6      3      9    936   1  -0.3260000000E-02  -0.1465120000E+01
     7      3      9    937   1  -0.3400000000E-02  -0.5207200000E+00
     8      3      9    938   1  -0.4040000000E-02   0.1058800000E+00
     9      3      9    939   1  -0.7300000000E-02   0.8476000000E+00
     0      4      9    940   1   0.1000000000E-03  -0.7942000000E-01
     1      4      9    941   1   0.2080000000E-02  -0.5087400000E+00
     2      4      9    942   1  -0.1020000000E-02  -0.8306000000E-01
     3      4      9    943   1   0.1500000000E-02  -0.6474000000E+00
     4      4      9    944   1  -0.1980000000E-02  -0.1346760000E+01
     5      4      9    945   1   0.2340000000E-02  -0.1170760000E+01
     6      4      9    946   1   0.1500000000E-02  -0.4097800000E+00
     7      4      9    947   1   0.4040000000E-02  -0.1859400000E+00
     8      4      9    948   1   0.4040000000E-02   0.3540400000E+00
     9      4      9    949   1   0.3540000000E-02   0.8304600000E+00
     0      5      9    950   1  -0.3760000000E-02   0.7836600000E+00
     1      5      9    951   1  -0.6020000000E-02   0.8354600000E+00
     2      5      9    952   1  -0.5180000000E-02   0.3619000000E+00
     3      5      9    953   1  -0.3720000000E-02  -0.1012880000E+01
     4      5      9    954   1  -0.5140000000E-02  -0.1097880000E+01
     5      5      9    955   1   0.1220000000E-02  -0.2248000000E-01
     6      5      9    956   1   0.4300000000E-02   0.4740000000E+00
     7      5      9    957   1   0.4000000000E-04   0.2508000000E+00
     8      5      9    958   1  -0.4340000000E-02   0.2977200000E+00
     9      5      9    959   1   0.2620000000E-02   0.1134480000E+01
     0      6      9    960   1  -0.3320000000E-02   0.1450620000E+01
     1      6      9    961   1   0.3760000000E-02   0.9191800000E+00
     2      6      9    962   1   0.7220000000E-02  -0.1635200000E+00
     3      6      9    963   1  -0.2820000000E-02  -0.1631180000E+01
     4      6      9    964   1  -0.4040000000E-02  -0.1328940000E+01
     5      6      9    965   1   0.2420000000E-02   0.2868600000E+00
     6      6      9    966   1  -0.3400000000E-02   0.1100160000E+01
     7      6      9    967   1   0.4480000000E-02   0.1153100000E+01
     8      6      9    968   1  -0.3540000000E-02   0.5618200000E+00
     9      6      9    969   1   0.6800000000E-03   0.1420240000E+01
     0      7      9    970   1  -0.2060000000E-02   0.1857080000E+01
     1      7      9    971   1  -0.7580000000E-02   0.1192320000E+01
     2      7      9    972   1   0.1720000000E-02  -0.8172000000E-01
     3      7      9    973   1  -0.1840000000E-02  -0.1339800000E+01
     4      7      9    974   1  -0.8000000000E-04  -0.9066400000E+00
     5      7      9    975   1   0.3800000000E-02  -0.1052000000E-01
     6      7      9    976   1  -0.3760000000E-02   0.9693400000E+00
     7      7      9    977   1  -0.1360000000E-02   0.1418700000E+01
     8      7      9    978   1  -0.4000000000E-04   0.1353440000E+01
     9      7      9    979   1  -0.2520000000E-02   0.1602840000E+01
     0      8      9    980   1   0.1140000000E-02   0.1914780000E+01
     1      8      9    981   1   0.3740000000E-02   0.1339900000E+01
     2      8      9    982   1   0.6800000000E-03   0.2606800000E+00
     3      8      9    983   1   0.4580000000E-02  -0.5715800000E+00
     4      8      9    984   1  -0.4600000000E-02   0.2777400000E+00
     5      8      9    985   1   0.3300000000E-02   0.1621800000E+00
     6      8      9    986   1  -0.3400000000E-03   0.8018400000E+00
     7      8      9    987   1   0.6200000000E-03   0.1191520000E+01
     8      8      9    988   1  -0.5800000000E-03   0.1670020000E+01
     9      8      9    989   1   0.2740000000E-02   0.1966600000E+01
     0      9      9    990   1  -0.2360000000E-02   0.1137360000E+01
     1      9      9    991   1   0.1740000000E-02   0.5927800000E+00
     2      9      9    992   1  -0.1360000000E-02  -0.3529800000E+00
     3      9      9    993   1   0.2500000000E-02  -0.9467600000E+00
     4      9      9    994   1  -0.2300000000E-02  -0.6160000000E+00
     5      9      9    995   1   0.2560000000E-02  -0.9489400000E+00
     6      9      9    996   1  -0.4680000000E-02  -0.7249600000E+00
     7      9      9    997   1   0.4160000000E-02  -0.3480400000E+00
     8      9      9    998   1   0.2100000000E-02   0.6322200000E+00
     9      9      9    999   1   0.4000000000E-04   0.1436840000E+01
