 program J1J2_6          
 linear system size                20
 J1                         1.0000000000000000     
 deltaJ1                    0.0000000000000000     
 J2                        -1.0000000000000000     
 J3                         1.0000000000000000     
 phi                        2.0000000000000000     
 impurity conc.             0.0000000000000000     
 impurity mode           RAN
 start                   STR
 stripe axis             Y
 sampler mode            PT   
 update order            SEQ
 temperature protocol    INDEP
 PT start mode           COMMON
 PT ladder mode          LINEAR
 PT replicas                       20
 PT swap every                      5
 PT measure index                   1
 disorder configurations          100
 equilibration steps           100000
 measurement steps             100000
 RNG seed                           1
 energy definition       exchange + phi
 -------------------------
 disorder configurations processed          100
 T  BIN   [<energy>]  freq
 0.800000E+01    1 -.861965E+01 0.000000E+00
 0.800000E+01    2 -.852346E+01 0.000000E+00
 0.800000E+01    3 -.842726E+01 0.000000E+00
 0.800000E+01    4 -.833106E+01 0.000000E+00
 0.800000E+01    5 -.823487E+01 0.000000E+00
 0.800000E+01    6 -.813867E+01 0.000000E+00
 0.800000E+01    7 -.804247E+01 0.000000E+00
 0.800000E+01    8 -.794628E+01 0.000000E+00
 0.800000E+01    9 -.785008E+01 0.000000E+00
 0.800000E+01   10 -.775388E+01 0.000000E+00
 0.800000E+01   11 -.765769E+01 0.000000E+00
 0.800000E+01   12 -.756149E+01 0.000000E+00
 0.800000E+01   13 -.746530E+01 0.000000E+00
 0.800000E+01   14 -.736910E+01 0.000000E+00
 0.800000E+01   15 -.727290E+01 0.000000E+00
 0.800000E+01   16 -.717671E+01 0.000000E+00
 0.800000E+01   17 -.708051E+01 0.000000E+00
 0.800000E+01   18 -.698431E+01 0.000000E+00
 0.800000E+01   19 -.688812E+01 0.000000E+00
 0.800000E+01   20 -.679192E+01 0.000000E+00
 0.800000E+01   21 -.669572E+01 0.000000E+00
 0.800000E+01   22 -.659953E+01 0.000000E+00
 0.800000E+01   23 -.650333E+01 0.000000E+00
 0.800000E+01   24 -.640713E+01 0.000000E+00
 0.800000E+01   25 -.631094E+01 0.000000E+00
 0.800000E+01   26 -.621474E+01 0.000000E+00
 0.800000E+01   27 -.611854E+01 0.000000E+00
 0.800000E+01   28 -.602235E+01 0.000000E+00
 0.800000E+01   29 -.592615E+01 0.000000E+00
 0.800000E+01   30 -.582995E+01 0.000000E+00
 0.800000E+01   31 -.573376E+01 0.000000E+00
 0.800000E+01   32 -.563756E+01 0.000000E+00
 0.800000E+01   33 -.554136E+01 0.000000E+00
 0.800000E+01   34 -.544517E+01 0.000000E+00
 0.800000E+01   35 -.534897E+01 0.000000E+00
 0.800000E+01   36 -.525277E+01 0.000000E+00
 0.800000E+01   37 -.515658E+01 0.000000E+00
 0.800000E+01   38 -.506038E+01 0.000000E+00
 0.800000E+01   39 -.496419E+01 0.000000E+00
 0.800000E+01   40 -.486799E+01 0.000000E+00
 0.800000E+01   41 -.477179E+01 0.000000E+00
 0.800000E+01   42 -.467560E+01 0.000000E+00
 0.800000E+01   43 -.457940E+01 0.000000E+00
 0.800000E+01   44 -.448320E+01 0.000000E+00
 0.800000E+01   45 -.438701E+01 0.000000E+00
 0.800000E+01   46 -.429081E+01 0.128000E-04
 0.800000E+01   47 -.419461E+01 0.912800E-03
 0.800000E+01   48 -.409842E+01 0.183183E-01
 0.800000E+01   49 -.400222E+01 0.120832E+00
 0.800000E+01   50 -.390602E+01 0.312509E+00
 0.800000E+01   51 -.380983E+01 0.347533E+00
 0.800000E+01   52 -.371363E+01 0.164068E+00
 0.800000E+01   53 -.361743E+01 0.332532E-01
 0.800000E+01   54 -.352124E+01 0.250440E-02
 0.800000E+01   55 -.342504E+01 0.563000E-04
 0.800000E+01   56 -.332884E+01 0.300000E-06
 0.800000E+01   57 -.323265E+01 0.000000E+00
 0.800000E+01   58 -.313645E+01 0.000000E+00
 0.800000E+01   59 -.304025E+01 0.000000E+00
 0.800000E+01   60 -.294406E+01 0.000000E+00
 0.800000E+01   61 -.284786E+01 0.000000E+00
 0.800000E+01   62 -.275166E+01 0.000000E+00
 0.800000E+01   63 -.265547E+01 0.000000E+00
 0.800000E+01   64 -.255927E+01 0.000000E+00
 0.800000E+01   65 -.246308E+01 0.000000E+00
 0.800000E+01   66 -.236688E+01 0.000000E+00
 0.800000E+01   67 -.227068E+01 0.000000E+00
 0.800000E+01   68 -.217449E+01 0.000000E+00
 0.800000E+01   69 -.207829E+01 0.000000E+00
 0.800000E+01   70 -.198209E+01 0.000000E+00
 0.800000E+01   71 -.188590E+01 0.000000E+00
 0.800000E+01   72 -.178970E+01 0.000000E+00
 0.800000E+01   73 -.169350E+01 0.000000E+00
 0.800000E+01   74 -.159731E+01 0.000000E+00
 0.800000E+01   75 -.150111E+01 0.000000E+00
 0.800000E+01   76 -.140491E+01 0.000000E+00
 0.800000E+01   77 -.130872E+01 0.000000E+00
 0.800000E+01   78 -.121252E+01 0.000000E+00
 0.800000E+01   79 -.111632E+01 0.000000E+00
 0.800000E+01   80 -.102013E+01 0.000000E+00
 0.800000E+01   81 -.923931E+00 0.000000E+00
 0.800000E+01   82 -.827734E+00 0.000000E+00
 0.800000E+01   83 -.731538E+00 0.000000E+00
 0.800000E+01   84 -.635341E+00 0.000000E+00
 0.800000E+01   85 -.539145E+00 0.000000E+00
 0.800000E+01   86 -.442948E+00 0.000000E+00
 0.800000E+01   87 -.346752E+00 0.000000E+00
 0.800000E+01   88 -.250555E+00 0.000000E+00
 0.800000E+01   89 -.154358E+00 0.000000E+00
 0.800000E+01   90 -.581619E-01 0.000000E+00
 0.800000E+01   91 0.380346E-01 0.000000E+00
 0.800000E+01   92 0.134231E+00 0.000000E+00
 0.800000E+01   93 0.230428E+00 0.000000E+00
 0.800000E+01   94 0.326624E+00 0.000000E+00
 0.800000E+01   95 0.422821E+00 0.000000E+00
 0.800000E+01   96 0.519017E+00 0.000000E+00
 0.800000E+01   97 0.615214E+00 0.000000E+00
 0.800000E+01   98 0.711410E+00 0.000000E+00
 0.800000E+01   99 0.807607E+00 0.000000E+00
 0.818421E+01    1 -.863415E+01 0.000000E+00
 0.818421E+01    2 -.853781E+01 0.000000E+00
 0.818421E+01    3 -.844147E+01 0.000000E+00
 0.818421E+01    4 -.834513E+01 0.000000E+00
 0.818421E+01    5 -.824879E+01 0.000000E+00
 0.818421E+01    6 -.815245E+01 0.000000E+00
 0.818421E+01    7 -.805611E+01 0.000000E+00
 0.818421E+01    8 -.795976E+01 0.000000E+00
 0.818421E+01    9 -.786342E+01 0.000000E+00
 0.818421E+01   10 -.776708E+01 0.000000E+00
 0.818421E+01   11 -.767074E+01 0.000000E+00
 0.818421E+01   12 -.757440E+01 0.000000E+00
 0.818421E+01   13 -.747806E+01 0.000000E+00
 0.818421E+01   14 -.738171E+01 0.000000E+00
 0.818421E+01   15 -.728537E+01 0.000000E+00
 0.818421E+01   16 -.718903E+01 0.000000E+00
 0.818421E+01   17 -.709269E+01 0.000000E+00
 0.818421E+01   18 -.699635E+01 0.000000E+00
 0.818421E+01   19 -.690001E+01 0.000000E+00
 0.818421E+01   20 -.680367E+01 0.000000E+00
 0.818421E+01   21 -.670732E+01 0.000000E+00
 0.818421E+01   22 -.661098E+01 0.000000E+00
 0.818421E+01   23 -.651464E+01 0.000000E+00
 0.818421E+01   24 -.641830E+01 0.000000E+00
 0.818421E+01   25 -.632196E+01 0.000000E+00
 0.818421E+01   26 -.622562E+01 0.000000E+00
 0.818421E+01   27 -.612927E+01 0.000000E+00
 0.818421E+01   28 -.603293E+01 0.000000E+00
 0.818421E+01   29 -.593659E+01 0.000000E+00
 0.818421E+01   30 -.584025E+01 0.000000E+00
 0.818421E+01   31 -.574391E+01 0.000000E+00
 0.818421E+01   32 -.564757E+01 0.000000E+00
 0.818421E+01   33 -.555123E+01 0.000000E+00
 0.818421E+01   34 -.545488E+01 0.000000E+00
 0.818421E+01   35 -.535854E+01 0.000000E+00
 0.818421E+01   36 -.526220E+01 0.000000E+00
 0.818421E+01   37 -.516586E+01 0.000000E+00
 0.818421E+01   38 -.506952E+01 0.000000E+00
 0.818421E+01   39 -.497318E+01 0.000000E+00
 0.818421E+01   40 -.487683E+01 0.000000E+00
 0.818421E+01   41 -.478049E+01 0.000000E+00
 0.818421E+01   42 -.468415E+01 0.000000E+00
 0.818421E+01   43 -.458781E+01 0.000000E+00
 0.818421E+01   44 -.449147E+01 0.000000E+00
 0.818421E+01   45 -.439513E+01 0.370000E-05
 0.818421E+01   46 -.429879E+01 0.169500E-03
 0.818421E+01   47 -.420244E+01 0.372520E-02
 0.818421E+01   48 -.410610E+01 0.353136E-01
 0.818421E+01   49 -.400976E+01 0.153045E+00
 0.818421E+01   50 -.391342E+01 0.325760E+00
 0.818421E+01   51 -.381708E+01 0.326534E+00
 0.818421E+01   52 -.372074E+01 0.132551E+00
 0.818421E+01   53 -.362439E+01 0.213033E-01
 0.818421E+01   54 -.352805E+01 0.155060E-02
 0.818421E+01   55 -.343171E+01 0.435000E-04
 0.818421E+01   56 -.333537E+01 0.700000E-06
 0.818421E+01   57 -.323903E+01 0.000000E+00
 0.818421E+01   58 -.314269E+01 0.000000E+00
 0.818421E+01   59 -.304634E+01 0.000000E+00
 0.818421E+01   60 -.295000E+01 0.000000E+00
 0.818421E+01   61 -.285366E+01 0.000000E+00
 0.818421E+01   62 -.275732E+01 0.000000E+00
 0.818421E+01   63 -.266098E+01 0.000000E+00
 0.818421E+01   64 -.256464E+01 0.000000E+00
 0.818421E+01   65 -.246830E+01 0.000000E+00
 0.818421E+01   66 -.237195E+01 0.000000E+00
 0.818421E+01   67 -.227561E+01 0.000000E+00
 0.818421E+01   68 -.217927E+01 0.000000E+00
 0.818421E+01   69 -.208293E+01 0.000000E+00
 0.818421E+01   70 -.198659E+01 0.000000E+00
 0.818421E+01   71 -.189025E+01 0.000000E+00
 0.818421E+01   72 -.179390E+01 0.000000E+00
 0.818421E+01   73 -.169756E+01 0.000000E+00
 0.818421E+01   74 -.160122E+01 0.000000E+00
 0.818421E+01   75 -.150488E+01 0.000000E+00
 0.818421E+01   76 -.140854E+01 0.000000E+00
 0.818421E+01   77 -.131220E+01 0.000000E+00
 0.818421E+01   78 -.121586E+01 0.000000E+00
 0.818421E+01   79 -.111951E+01 0.000000E+00
 0.818421E+01   80 -.102317E+01 0.000000E+00
 0.818421E+01   81 -.926831E+00 0.000000E+00
 0.818421E+01   82 -.830489E+00 0.000000E+00
 0.818421E+01   83 -.734148E+00 0.000000E+00
 0.818421E+01   84 -.637806E+00 0.000000E+00
 0.818421E+01   85 -.541465E+00 0.000000E+00
 0.818421E+01   86 -.445123E+00 0.000000E+00
 0.818421E+01   87 -.348782E+00 0.000000E+00
 0.818421E+01   88 -.252440E+00 0.000000E+00
 0.818421E+01   89 -.156099E+00 0.000000E+00
 0.818421E+01   90 -.597570E-01 0.000000E+00
 0.818421E+01   91 0.365845E-01 0.000000E+00
 0.818421E+01   92 0.132926E+00 0.000000E+00
 0.818421E+01   93 0.229268E+00 0.000000E+00
 0.818421E+01   94 0.325609E+00 0.000000E+00
 0.818421E+01   95 0.421951E+00 0.000000E+00
 0.818421E+01   96 0.518292E+00 0.000000E+00
 0.818421E+01   97 0.614634E+00 0.000000E+00
 0.818421E+01   98 0.710975E+00 0.000000E+00
 0.818421E+01   99 0.807317E+00 0.000000E+00
 0.836842E+01    1 -.798940E+01 0.000000E+00
 0.836842E+01    2 -.789951E+01 0.000000E+00
 0.836842E+01    3 -.780962E+01 0.000000E+00
 0.836842E+01    4 -.771972E+01 0.000000E+00
 0.836842E+01    5 -.762983E+01 0.000000E+00
 0.836842E+01    6 -.753993E+01 0.000000E+00
 0.836842E+01    7 -.745004E+01 0.000000E+00
 0.836842E+01    8 -.736015E+01 0.000000E+00
 0.836842E+01    9 -.727025E+01 0.000000E+00
 0.836842E+01   10 -.718036E+01 0.000000E+00
 0.836842E+01   11 -.709046E+01 0.000000E+00
 0.836842E+01   12 -.700057E+01 0.000000E+00
 0.836842E+01   13 -.691068E+01 0.000000E+00
 0.836842E+01   14 -.682078E+01 0.000000E+00
 0.836842E+01   15 -.673089E+01 0.000000E+00
 0.836842E+01   16 -.664099E+01 0.000000E+00
 0.836842E+01   17 -.655110E+01 0.000000E+00
 0.836842E+01   18 -.646121E+01 0.000000E+00
 0.836842E+01   19 -.637131E+01 0.000000E+00
 0.836842E+01   20 -.628142E+01 0.000000E+00
 0.836842E+01   21 -.619152E+01 0.000000E+00
 0.836842E+01   22 -.610163E+01 0.000000E+00
 0.836842E+01   23 -.601174E+01 0.000000E+00
 0.836842E+01   24 -.592184E+01 0.000000E+00
 0.836842E+01   25 -.583195E+01 0.000000E+00
 0.836842E+01   26 -.574205E+01 0.000000E+00
 0.836842E+01   27 -.565216E+01 0.000000E+00
 0.836842E+01   28 -.556227E+01 0.000000E+00
 0.836842E+01   29 -.547237E+01 0.000000E+00
 0.836842E+01   30 -.538248E+01 0.000000E+00
 0.836842E+01   31 -.529258E+01 0.000000E+00
 0.836842E+01   32 -.520269E+01 0.000000E+00
 0.836842E+01   33 -.511280E+01 0.000000E+00
 0.836842E+01   34 -.502290E+01 0.000000E+00
 0.836842E+01   35 -.493301E+01 0.000000E+00
 0.836842E+01   36 -.484311E+01 0.000000E+00
 0.836842E+01   37 -.475322E+01 0.000000E+00
 0.836842E+01   38 -.466333E+01 0.000000E+00
 0.836842E+01   39 -.457343E+01 0.000000E+00
 0.836842E+01   40 -.448354E+01 0.000000E+00
 0.836842E+01   41 -.439364E+01 0.000000E+00
 0.836842E+01   42 -.430375E+01 0.000000E+00
 0.836842E+01   43 -.421385E+01 0.000000E+00
 0.836842E+01   44 -.412396E+01 0.000000E+00
 0.836842E+01   45 -.403407E+01 0.660000E-05
 0.836842E+01   46 -.394417E+01 0.268100E-03
 0.836842E+01   47 -.385428E+01 0.415160E-02
 0.836842E+01   48 -.376438E+01 0.340566E-01
 0.836842E+01   49 -.367449E+01 0.151446E+00
 0.836842E+01   50 -.358460E+01 0.317815E+00
 0.836842E+01   51 -.349470E+01 0.317095E+00
 0.836842E+01   52 -.340481E+01 0.146266E+00
 0.836842E+01   53 -.331491E+01 0.270326E-01
 0.836842E+01   54 -.322502E+01 0.180700E-02
 0.836842E+01   55 -.313513E+01 0.537000E-04
 0.836842E+01   56 -.304523E+01 0.160000E-05
 0.836842E+01   57 -.295534E+01 0.000000E+00
 0.836842E+01   58 -.286544E+01 0.000000E+00
 0.836842E+01   59 -.277555E+01 0.000000E+00
 0.836842E+01   60 -.268566E+01 0.000000E+00
 0.836842E+01   61 -.259576E+01 0.000000E+00
 0.836842E+01   62 -.250587E+01 0.000000E+00
 0.836842E+01   63 -.241597E+01 0.000000E+00
 0.836842E+01   64 -.232608E+01 0.000000E+00
 0.836842E+01   65 -.223619E+01 0.000000E+00
 0.836842E+01   66 -.214629E+01 0.000000E+00
 0.836842E+01   67 -.205640E+01 0.000000E+00
 0.836842E+01   68 -.196650E+01 0.000000E+00
 0.836842E+01   69 -.187661E+01 0.000000E+00
 0.836842E+01   70 -.178672E+01 0.000000E+00
 0.836842E+01   71 -.169682E+01 0.000000E+00
 0.836842E+01   72 -.160693E+01 0.000000E+00
 0.836842E+01   73 -.151703E+01 0.000000E+00
 0.836842E+01   74 -.142714E+01 0.000000E+00
 0.836842E+01   75 -.133725E+01 0.000000E+00
 0.836842E+01   76 -.124735E+01 0.000000E+00
 0.836842E+01   77 -.115746E+01 0.000000E+00
 0.836842E+01   78 -.106756E+01 0.000000E+00
 0.836842E+01   79 -.977669E+00 0.000000E+00
 0.836842E+01   80 -.887775E+00 0.000000E+00
 0.836842E+01   81 -.797881E+00 0.000000E+00
 0.836842E+01   82 -.707987E+00 0.000000E+00
 0.836842E+01   83 -.618093E+00 0.000000E+00
 0.836842E+01   84 -.528199E+00 0.000000E+00
 0.836842E+01   85 -.438305E+00 0.000000E+00
 0.836842E+01   86 -.348411E+00 0.000000E+00
 0.836842E+01   87 -.258517E+00 0.000000E+00
 0.836842E+01   88 -.168623E+00 0.000000E+00
 0.836842E+01   89 -.787286E-01 0.000000E+00
 0.836842E+01   90 0.111655E-01 0.000000E+00
 0.836842E+01   91 0.101060E+00 0.000000E+00
 0.836842E+01   92 0.190954E+00 0.000000E+00
 0.836842E+01   93 0.280848E+00 0.000000E+00
 0.836842E+01   94 0.370742E+00 0.000000E+00
 0.836842E+01   95 0.460636E+00 0.000000E+00
 0.836842E+01   96 0.550530E+00 0.000000E+00
 0.836842E+01   97 0.640424E+00 0.000000E+00
 0.836842E+01   98 0.730318E+00 0.000000E+00
 0.836842E+01   99 0.820212E+00 0.000000E+00
 0.855263E+01    1 -.784175E+01 0.000000E+00
 0.855263E+01    2 -.775333E+01 0.000000E+00
 0.855263E+01    3 -.766492E+01 0.000000E+00
 0.855263E+01    4 -.757650E+01 0.000000E+00
 0.855263E+01    5 -.748808E+01 0.000000E+00
 0.855263E+01    6 -.739966E+01 0.000000E+00
 0.855263E+01    7 -.731125E+01 0.000000E+00
 0.855263E+01    8 -.722283E+01 0.000000E+00
 0.855263E+01    9 -.713441E+01 0.000000E+00
 0.855263E+01   10 -.704599E+01 0.000000E+00
 0.855263E+01   11 -.695758E+01 0.000000E+00
 0.855263E+01   12 -.686916E+01 0.000000E+00
 0.855263E+01   13 -.678074E+01 0.000000E+00
 0.855263E+01   14 -.669232E+01 0.000000E+00
 0.855263E+01   15 -.660391E+01 0.000000E+00
 0.855263E+01   16 -.651549E+01 0.000000E+00
 0.855263E+01   17 -.642707E+01 0.000000E+00
 0.855263E+01   18 -.633865E+01 0.000000E+00
 0.855263E+01   19 -.625024E+01 0.000000E+00
 0.855263E+01   20 -.616182E+01 0.000000E+00
 0.855263E+01   21 -.607340E+01 0.000000E+00
 0.855263E+01   22 -.598498E+01 0.000000E+00
 0.855263E+01   23 -.589657E+01 0.000000E+00
 0.855263E+01   24 -.580815E+01 0.000000E+00
 0.855263E+01   25 -.571973E+01 0.000000E+00
 0.855263E+01   26 -.563131E+01 0.000000E+00
 0.855263E+01   27 -.554290E+01 0.000000E+00
 0.855263E+01   28 -.545448E+01 0.000000E+00
 0.855263E+01   29 -.536606E+01 0.000000E+00
 0.855263E+01   30 -.527764E+01 0.000000E+00
 0.855263E+01   31 -.518923E+01 0.000000E+00
 0.855263E+01   32 -.510081E+01 0.000000E+00
 0.855263E+01   33 -.501239E+01 0.000000E+00
 0.855263E+01   34 -.492397E+01 0.000000E+00
 0.855263E+01   35 -.483556E+01 0.000000E+00
 0.855263E+01   36 -.474714E+01 0.000000E+00
 0.855263E+01   37 -.465872E+01 0.000000E+00
 0.855263E+01   38 -.457030E+01 0.000000E+00
 0.855263E+01   39 -.448189E+01 0.000000E+00
 0.855263E+01   40 -.439347E+01 0.000000E+00
 0.855263E+01   41 -.430505E+01 0.000000E+00
 0.855263E+01   42 -.421663E+01 0.000000E+00
 0.855263E+01   43 -.412822E+01 0.000000E+00
 0.855263E+01   44 -.403980E+01 0.100000E-06
 0.855263E+01   45 -.395138E+01 0.124000E-04
 0.855263E+01   46 -.386296E+01 0.421300E-03
 0.855263E+01   47 -.377455E+01 0.599270E-02
 0.855263E+01   48 -.368613E+01 0.422665E-01
 0.855263E+01   49 -.359771E+01 0.155003E+00
 0.855263E+01   50 -.350929E+01 0.296332E+00
 0.855263E+01   51 -.342088E+01 0.293941E+00
 0.855263E+01   52 -.333246E+01 0.158763E+00
 0.855263E+01   53 -.324404E+01 0.423746E-01
 0.855263E+01   54 -.315562E+01 0.469450E-02
 0.855263E+01   55 -.306721E+01 0.196400E-03
 0.855263E+01   56 -.297879E+01 0.270000E-05
 0.855263E+01   57 -.289037E+01 0.000000E+00
 0.855263E+01   58 -.280195E+01 0.000000E+00
 0.855263E+01   59 -.271354E+01 0.000000E+00
 0.855263E+01   60 -.262512E+01 0.000000E+00
 0.855263E+01   61 -.253670E+01 0.000000E+00
 0.855263E+01   62 -.244828E+01 0.000000E+00
 0.855263E+01   63 -.235987E+01 0.000000E+00
 0.855263E+01   64 -.227145E+01 0.000000E+00
 0.855263E+01   65 -.218303E+01 0.000000E+00
 0.855263E+01   66 -.209461E+01 0.000000E+00
 0.855263E+01   67 -.200620E+01 0.000000E+00
 0.855263E+01   68 -.191778E+01 0.000000E+00
 0.855263E+01   69 -.182936E+01 0.000000E+00
 0.855263E+01   70 -.174094E+01 0.000000E+00
 0.855263E+01   71 -.165253E+01 0.000000E+00
 0.855263E+01   72 -.156411E+01 0.000000E+00
 0.855263E+01   73 -.147569E+01 0.000000E+00
 0.855263E+01   74 -.138727E+01 0.000000E+00
 0.855263E+01   75 -.129886E+01 0.000000E+00
 0.855263E+01   76 -.121044E+01 0.000000E+00
 0.855263E+01   77 -.112202E+01 0.000000E+00
 0.855263E+01   78 -.103360E+01 0.000000E+00
 0.855263E+01   79 -.945185E+00 0.000000E+00
 0.855263E+01   80 -.856768E+00 0.000000E+00
 0.855263E+01   81 -.768350E+00 0.000000E+00
 0.855263E+01   82 -.679933E+00 0.000000E+00
 0.855263E+01   83 -.591515E+00 0.000000E+00
 0.855263E+01   84 -.503098E+00 0.000000E+00
 0.855263E+01   85 -.414680E+00 0.000000E+00
 0.855263E+01   86 -.326263E+00 0.000000E+00
 0.855263E+01   87 -.237845E+00 0.000000E+00
 0.855263E+01   88 -.149428E+00 0.000000E+00
 0.855263E+01   89 -.610102E-01 0.000000E+00
 0.855263E+01   90 0.274073E-01 0.000000E+00
 0.855263E+01   91 0.115825E+00 0.000000E+00
 0.855263E+01   92 0.204242E+00 0.000000E+00
 0.855263E+01   93 0.292660E+00 0.000000E+00
 0.855263E+01   94 0.381077E+00 0.000000E+00
 0.855263E+01   95 0.469495E+00 0.000000E+00
 0.855263E+01   96 0.557912E+00 0.000000E+00
 0.855263E+01   97 0.646330E+00 0.000000E+00
 0.855263E+01   98 0.734747E+00 0.000000E+00
 0.855263E+01   99 0.823165E+00 0.000000E+00
 0.873684E+01    1 -.797397E+01 0.000000E+00
 0.873684E+01    2 -.788423E+01 0.000000E+00
 0.873684E+01    3 -.779449E+01 0.000000E+00
 0.873684E+01    4 -.770475E+01 0.000000E+00
 0.873684E+01    5 -.761501E+01 0.000000E+00
 0.873684E+01    6 -.752527E+01 0.000000E+00
 0.873684E+01    7 -.743553E+01 0.000000E+00
 0.873684E+01    8 -.734579E+01 0.000000E+00
 0.873684E+01    9 -.725605E+01 0.000000E+00
 0.873684E+01   10 -.716631E+01 0.000000E+00
 0.873684E+01   11 -.707657E+01 0.000000E+00
 0.873684E+01   12 -.698683E+01 0.000000E+00
 0.873684E+01   13 -.689709E+01 0.000000E+00
 0.873684E+01   14 -.680735E+01 0.000000E+00
 0.873684E+01   15 -.671761E+01 0.000000E+00
 0.873684E+01   16 -.662787E+01 0.000000E+00
 0.873684E+01   17 -.653813E+01 0.000000E+00
 0.873684E+01   18 -.644839E+01 0.000000E+00
 0.873684E+01   19 -.635865E+01 0.000000E+00
 0.873684E+01   20 -.626891E+01 0.000000E+00
 0.873684E+01   21 -.617917E+01 0.000000E+00
 0.873684E+01   22 -.608943E+01 0.000000E+00
 0.873684E+01   23 -.599969E+01 0.000000E+00
 0.873684E+01   24 -.590995E+01 0.000000E+00
 0.873684E+01   25 -.582021E+01 0.000000E+00
 0.873684E+01   26 -.573047E+01 0.000000E+00
 0.873684E+01   27 -.564074E+01 0.000000E+00
 0.873684E+01   28 -.555100E+01 0.000000E+00
 0.873684E+01   29 -.546126E+01 0.000000E+00
 0.873684E+01   30 -.537152E+01 0.000000E+00
 0.873684E+01   31 -.528178E+01 0.000000E+00
 0.873684E+01   32 -.519204E+01 0.000000E+00
 0.873684E+01   33 -.510230E+01 0.000000E+00
 0.873684E+01   34 -.501256E+01 0.000000E+00
 0.873684E+01   35 -.492282E+01 0.000000E+00
 0.873684E+01   36 -.483308E+01 0.000000E+00
 0.873684E+01   37 -.474334E+01 0.000000E+00
 0.873684E+01   38 -.465360E+01 0.000000E+00
 0.873684E+01   39 -.456386E+01 0.000000E+00
 0.873684E+01   40 -.447412E+01 0.000000E+00
 0.873684E+01   41 -.438438E+01 0.000000E+00
 0.873684E+01   42 -.429464E+01 0.000000E+00
 0.873684E+01   43 -.420490E+01 0.000000E+00
 0.873684E+01   44 -.411516E+01 0.300000E-06
 0.873684E+01   45 -.402542E+01 0.167000E-04
 0.873684E+01   46 -.393568E+01 0.544100E-03
 0.873684E+01   47 -.384594E+01 0.731540E-02
 0.873684E+01   48 -.375620E+01 0.471499E-01
 0.873684E+01   49 -.366646E+01 0.163310E+00
 0.873684E+01   50 -.357672E+01 0.301680E+00
 0.873684E+01   51 -.348698E+01 0.286019E+00
 0.873684E+01   52 -.339724E+01 0.142540E+00
 0.873684E+01   53 -.330750E+01 0.413924E-01
 0.873684E+01   54 -.321776E+01 0.870630E-02
 0.873684E+01   55 -.312802E+01 0.123830E-02
 0.873684E+01   56 -.303828E+01 0.845000E-04
 0.873684E+01   57 -.294855E+01 0.280000E-05
 0.873684E+01   58 -.285881E+01 0.000000E+00
 0.873684E+01   59 -.276907E+01 0.000000E+00
 0.873684E+01   60 -.267933E+01 0.000000E+00
 0.873684E+01   61 -.258959E+01 0.000000E+00
 0.873684E+01   62 -.249985E+01 0.000000E+00
 0.873684E+01   63 -.241011E+01 0.000000E+00
 0.873684E+01   64 -.232037E+01 0.000000E+00
 0.873684E+01   65 -.223063E+01 0.000000E+00
 0.873684E+01   66 -.214089E+01 0.000000E+00
 0.873684E+01   67 -.205115E+01 0.000000E+00
 0.873684E+01   68 -.196141E+01 0.000000E+00
 0.873684E+01   69 -.187167E+01 0.000000E+00
 0.873684E+01   70 -.178193E+01 0.000000E+00
 0.873684E+01   71 -.169219E+01 0.000000E+00
 0.873684E+01   72 -.160245E+01 0.000000E+00
 0.873684E+01   73 -.151271E+01 0.000000E+00
 0.873684E+01   74 -.142297E+01 0.000000E+00
 0.873684E+01   75 -.133323E+01 0.000000E+00
 0.873684E+01   76 -.124349E+01 0.000000E+00
 0.873684E+01   77 -.115375E+01 0.000000E+00
 0.873684E+01   78 -.106401E+01 0.000000E+00
 0.873684E+01   79 -.974273E+00 0.000000E+00
 0.873684E+01   80 -.884533E+00 0.000000E+00
 0.873684E+01   81 -.794793E+00 0.000000E+00
 0.873684E+01   82 -.705054E+00 0.000000E+00
 0.873684E+01   83 -.615314E+00 0.000000E+00
 0.873684E+01   84 -.525574E+00 0.000000E+00
 0.873684E+01   85 -.435835E+00 0.000000E+00
 0.873684E+01   86 -.346095E+00 0.000000E+00
 0.873684E+01   87 -.256355E+00 0.000000E+00
 0.873684E+01   88 -.166616E+00 0.000000E+00
 0.873684E+01   89 -.768760E-01 0.000000E+00
 0.873684E+01   90 0.128637E-01 0.000000E+00
 0.873684E+01   91 0.102603E+00 0.000000E+00
 0.873684E+01   92 0.192343E+00 0.000000E+00
 0.873684E+01   93 0.282083E+00 0.000000E+00
 0.873684E+01   94 0.371822E+00 0.000000E+00
 0.873684E+01   95 0.461562E+00 0.000000E+00
 0.873684E+01   96 0.551302E+00 0.000000E+00
 0.873684E+01   97 0.641041E+00 0.000000E+00
 0.873684E+01   98 0.730781E+00 0.000000E+00
 0.873684E+01   99 0.820521E+00 0.000000E+00
 0.892105E+01    1 -.767485E+01 0.000000E+00
 0.892105E+01    2 -.758810E+01 0.000000E+00
 0.892105E+01    3 -.750135E+01 0.000000E+00
 0.892105E+01    4 -.741460E+01 0.000000E+00
 0.892105E+01    5 -.732785E+01 0.000000E+00
 0.892105E+01    6 -.724111E+01 0.000000E+00
 0.892105E+01    7 -.715436E+01 0.000000E+00
 0.892105E+01    8 -.706761E+01 0.000000E+00
 0.892105E+01    9 -.698086E+01 0.000000E+00
 0.892105E+01   10 -.689411E+01 0.000000E+00
 0.892105E+01   11 -.680736E+01 0.000000E+00
 0.892105E+01   12 -.672062E+01 0.000000E+00
 0.892105E+01   13 -.663387E+01 0.000000E+00
 0.892105E+01   14 -.654712E+01 0.000000E+00
 0.892105E+01   15 -.646037E+01 0.000000E+00
 0.892105E+01   16 -.637362E+01 0.000000E+00
 0.892105E+01   17 -.628687E+01 0.000000E+00
 0.892105E+01   18 -.620012E+01 0.000000E+00
 0.892105E+01   19 -.611338E+01 0.000000E+00
 0.892105E+01   20 -.602663E+01 0.000000E+00
 0.892105E+01   21 -.593988E+01 0.000000E+00
 0.892105E+01   22 -.585313E+01 0.000000E+00
 0.892105E+01   23 -.576638E+01 0.000000E+00
 0.892105E+01   24 -.567963E+01 0.000000E+00
 0.892105E+01   25 -.559289E+01 0.000000E+00
 0.892105E+01   26 -.550614E+01 0.000000E+00
 0.892105E+01   27 -.541939E+01 0.000000E+00
 0.892105E+01   28 -.533264E+01 0.000000E+00
 0.892105E+01   29 -.524589E+01 0.000000E+00
 0.892105E+01   30 -.515914E+01 0.000000E+00
 0.892105E+01   31 -.507239E+01 0.000000E+00
 0.892105E+01   32 -.498565E+01 0.000000E+00
 0.892105E+01   33 -.489890E+01 0.000000E+00
 0.892105E+01   34 -.481215E+01 0.000000E+00
 0.892105E+01   35 -.472540E+01 0.000000E+00
 0.892105E+01   36 -.463865E+01 0.000000E+00
 0.892105E+01   37 -.455190E+01 0.000000E+00
 0.892105E+01   38 -.446515E+01 0.000000E+00
 0.892105E+01   39 -.437841E+01 0.000000E+00
 0.892105E+01   40 -.429166E+01 0.000000E+00
 0.892105E+01   41 -.420491E+01 0.000000E+00
 0.892105E+01   42 -.411816E+01 0.000000E+00
 0.892105E+01   43 -.403141E+01 0.000000E+00
 0.892105E+01   44 -.394466E+01 0.110000E-05
 0.892105E+01   45 -.385792E+01 0.544000E-04
 0.892105E+01   46 -.377117E+01 0.948600E-03
 0.892105E+01   47 -.368442E+01 0.849300E-02
 0.892105E+01   48 -.359767E+01 0.459181E-01
 0.892105E+01   49 -.351092E+01 0.149056E+00
 0.892105E+01   50 -.342417E+01 0.275155E+00
 0.892105E+01   51 -.333742E+01 0.285765E+00
 0.892105E+01   52 -.325068E+01 0.165100E+00
 0.892105E+01   53 -.316393E+01 0.567456E-01
 0.892105E+01   54 -.307718E+01 0.115432E-01
 0.892105E+01   55 -.299043E+01 0.116580E-02
 0.892105E+01   56 -.290368E+01 0.529000E-04
 0.892105E+01   57 -.281693E+01 0.120000E-05
 0.892105E+01   58 -.273018E+01 0.000000E+00
 0.892105E+01   59 -.264344E+01 0.000000E+00
 0.892105E+01   60 -.255669E+01 0.000000E+00
 0.892105E+01   61 -.246994E+01 0.000000E+00
 0.892105E+01   62 -.238319E+01 0.000000E+00
 0.892105E+01   63 -.229644E+01 0.000000E+00
 0.892105E+01   64 -.220969E+01 0.000000E+00
 0.892105E+01   65 -.212295E+01 0.000000E+00
 0.892105E+01   66 -.203620E+01 0.000000E+00
 0.892105E+01   67 -.194945E+01 0.000000E+00
 0.892105E+01   68 -.186270E+01 0.000000E+00
 0.892105E+01   69 -.177595E+01 0.000000E+00
 0.892105E+01   70 -.168920E+01 0.000000E+00
 0.892105E+01   71 -.160245E+01 0.000000E+00
 0.892105E+01   72 -.151571E+01 0.000000E+00
 0.892105E+01   73 -.142896E+01 0.000000E+00
 0.892105E+01   74 -.134221E+01 0.000000E+00
 0.892105E+01   75 -.125546E+01 0.000000E+00
 0.892105E+01   76 -.116871E+01 0.000000E+00
 0.892105E+01   77 -.108196E+01 0.000000E+00
 0.892105E+01   78 -.995215E+00 0.000000E+00
 0.892105E+01   79 -.908467E+00 0.000000E+00
 0.892105E+01   80 -.821718E+00 0.000000E+00
 0.892105E+01   81 -.734970E+00 0.000000E+00
 0.892105E+01   82 -.648221E+00 0.000000E+00
 0.892105E+01   83 -.561473E+00 0.000000E+00
 0.892105E+01   84 -.474724E+00 0.000000E+00
 0.892105E+01   85 -.387976E+00 0.000000E+00
 0.892105E+01   86 -.301227E+00 0.000000E+00
 0.892105E+01   87 -.214479E+00 0.000000E+00
 0.892105E+01   88 -.127730E+00 0.000000E+00
 0.892105E+01   89 -.409819E-01 0.000000E+00
 0.892105E+01   90 0.457666E-01 0.000000E+00
 0.892105E+01   91 0.132515E+00 0.000000E+00
 0.892105E+01   92 0.219264E+00 0.000000E+00
 0.892105E+01   93 0.306012E+00 0.000000E+00
 0.892105E+01   94 0.392761E+00 0.000000E+00
 0.892105E+01   95 0.479509E+00 0.000000E+00
 0.892105E+01   96 0.566258E+00 0.000000E+00
 0.892105E+01   97 0.653006E+00 0.000000E+00
 0.892105E+01   98 0.739755E+00 0.000000E+00
 0.892105E+01   99 0.826503E+00 0.000000E+00
 0.910526E+01    1 -.763401E+01 0.000000E+00
 0.910526E+01    2 -.754767E+01 0.000000E+00
 0.910526E+01    3 -.746133E+01 0.000000E+00
 0.910526E+01    4 -.737499E+01 0.000000E+00
 0.910526E+01    5 -.728864E+01 0.000000E+00
 0.910526E+01    6 -.720230E+01 0.000000E+00
 0.910526E+01    7 -.711596E+01 0.000000E+00
 0.910526E+01    8 -.702962E+01 0.000000E+00
 0.910526E+01    9 -.694328E+01 0.000000E+00
 0.910526E+01   10 -.685694E+01 0.000000E+00
 0.910526E+01   11 -.677060E+01 0.000000E+00
 0.910526E+01   12 -.668426E+01 0.000000E+00
 0.910526E+01   13 -.659792E+01 0.000000E+00
 0.910526E+01   14 -.651158E+01 0.000000E+00
 0.910526E+01   15 -.642524E+01 0.000000E+00
 0.910526E+01   16 -.633890E+01 0.000000E+00
 0.910526E+01   17 -.625256E+01 0.000000E+00
 0.910526E+01   18 -.616622E+01 0.000000E+00
 0.910526E+01   19 -.607988E+01 0.000000E+00
 0.910526E+01   20 -.599354E+01 0.000000E+00
 0.910526E+01   21 -.590720E+01 0.000000E+00
 0.910526E+01   22 -.582086E+01 0.000000E+00
 0.910526E+01   23 -.573452E+01 0.000000E+00
 0.910526E+01   24 -.564818E+01 0.000000E+00
 0.910526E+01   25 -.556184E+01 0.000000E+00
 0.910526E+01   26 -.547550E+01 0.000000E+00
 0.910526E+01   27 -.538916E+01 0.000000E+00
 0.910526E+01   28 -.530282E+01 0.000000E+00
 0.910526E+01   29 -.521648E+01 0.000000E+00
 0.910526E+01   30 -.513014E+01 0.000000E+00
 0.910526E+01   31 -.504380E+01 0.000000E+00
 0.910526E+01   32 -.495746E+01 0.000000E+00
 0.910526E+01   33 -.487112E+01 0.000000E+00
 0.910526E+01   34 -.478478E+01 0.000000E+00
 0.910526E+01   35 -.469844E+01 0.000000E+00
 0.910526E+01   36 -.461210E+01 0.000000E+00
 0.910526E+01   37 -.452576E+01 0.000000E+00
 0.910526E+01   38 -.443942E+01 0.000000E+00
 0.910526E+01   39 -.435308E+01 0.000000E+00
 0.910526E+01   40 -.426674E+01 0.000000E+00
 0.910526E+01   41 -.418040E+01 0.000000E+00
 0.910526E+01   42 -.409406E+01 0.000000E+00
 0.910526E+01   43 -.400772E+01 0.000000E+00
 0.910526E+01   44 -.392138E+01 0.190000E-05
 0.910526E+01   45 -.383504E+01 0.886000E-04
 0.910526E+01   46 -.374870E+01 0.146600E-02
 0.910526E+01   47 -.366236E+01 0.122219E-01
 0.910526E+01   48 -.357602E+01 0.552090E-01
 0.910526E+01   49 -.348968E+01 0.152208E+00
 0.910526E+01   50 -.340334E+01 0.263275E+00
 0.910526E+01   51 -.331700E+01 0.278075E+00
 0.910526E+01   52 -.323066E+01 0.165810E+00
 0.910526E+01   53 -.314432E+01 0.571214E-01
 0.910526E+01   54 -.305798E+01 0.124964E-01
 0.910526E+01   55 -.297164E+01 0.184990E-02
 0.910526E+01   56 -.288530E+01 0.168000E-03
 0.910526E+01   57 -.279896E+01 0.830000E-05
 0.910526E+01   58 -.271262E+01 0.200000E-06
 0.910526E+01   59 -.262628E+01 0.000000E+00
 0.910526E+01   60 -.253994E+01 0.000000E+00
 0.910526E+01   61 -.245360E+01 0.000000E+00
 0.910526E+01   62 -.236726E+01 0.000000E+00
 0.910526E+01   63 -.228092E+01 0.000000E+00
 0.910526E+01   64 -.219458E+01 0.000000E+00
 0.910526E+01   65 -.210824E+01 0.000000E+00
 0.910526E+01   66 -.202190E+01 0.000000E+00
 0.910526E+01   67 -.193556E+01 0.000000E+00
 0.910526E+01   68 -.184922E+01 0.000000E+00
 0.910526E+01   69 -.176288E+01 0.000000E+00
 0.910526E+01   70 -.167654E+01 0.000000E+00
 0.910526E+01   71 -.159020E+01 0.000000E+00
 0.910526E+01   72 -.150386E+01 0.000000E+00
 0.910526E+01   73 -.141752E+01 0.000000E+00
 0.910526E+01   74 -.133118E+01 0.000000E+00
 0.910526E+01   75 -.124484E+01 0.000000E+00
 0.910526E+01   76 -.115850E+01 0.000000E+00
 0.910526E+01   77 -.107216E+01 0.000000E+00
 0.910526E+01   78 -.985821E+00 0.000000E+00
 0.910526E+01   79 -.899481E+00 0.000000E+00
 0.910526E+01   80 -.813141E+00 0.000000E+00
 0.910526E+01   81 -.726801E+00 0.000000E+00
 0.910526E+01   82 -.640461E+00 0.000000E+00
 0.910526E+01   83 -.554121E+00 0.000000E+00
 0.910526E+01   84 -.467781E+00 0.000000E+00
 0.910526E+01   85 -.381441E+00 0.000000E+00
 0.910526E+01   86 -.295101E+00 0.000000E+00
 0.910526E+01   87 -.208761E+00 0.000000E+00
 0.910526E+01   88 -.122421E+00 0.000000E+00
 0.910526E+01   89 -.360806E-01 0.000000E+00
 0.910526E+01   90 0.502594E-01 0.000000E+00
 0.910526E+01   91 0.136599E+00 0.000000E+00
 0.910526E+01   92 0.222940E+00 0.000000E+00
 0.910526E+01   93 0.309280E+00 0.000000E+00
 0.910526E+01   94 0.395620E+00 0.000000E+00
 0.910526E+01   95 0.481960E+00 0.000000E+00
 0.910526E+01   96 0.568300E+00 0.000000E+00
 0.910526E+01   97 0.654640E+00 0.000000E+00
 0.910526E+01   98 0.740980E+00 0.000000E+00
 0.910526E+01   99 0.827320E+00 0.000000E+00
 0.928947E+01    1 -.719387E+01 0.000000E+00
 0.928947E+01    2 -.711193E+01 0.000000E+00
 0.928947E+01    3 -.702999E+01 0.000000E+00
 0.928947E+01    4 -.694805E+01 0.000000E+00
 0.928947E+01    5 -.686612E+01 0.000000E+00
 0.928947E+01    6 -.678418E+01 0.000000E+00
 0.928947E+01    7 -.670224E+01 0.000000E+00
 0.928947E+01    8 -.662030E+01 0.000000E+00
 0.928947E+01    9 -.653836E+01 0.000000E+00
 0.928947E+01   10 -.645642E+01 0.000000E+00
 0.928947E+01   11 -.637448E+01 0.000000E+00
 0.928947E+01   12 -.629254E+01 0.000000E+00
 0.928947E+01   13 -.621061E+01 0.000000E+00
 0.928947E+01   14 -.612867E+01 0.000000E+00
 0.928947E+01   15 -.604673E+01 0.000000E+00
 0.928947E+01   16 -.596479E+01 0.000000E+00
 0.928947E+01   17 -.588285E+01 0.000000E+00
 0.928947E+01   18 -.580091E+01 0.000000E+00
 0.928947E+01   19 -.571897E+01 0.000000E+00
 0.928947E+01   20 -.563703E+01 0.000000E+00
 0.928947E+01   21 -.555510E+01 0.000000E+00
 0.928947E+01   22 -.547316E+01 0.000000E+00
 0.928947E+01   23 -.539122E+01 0.000000E+00
 0.928947E+01   24 -.530928E+01 0.000000E+00
 0.928947E+01   25 -.522734E+01 0.000000E+00
 0.928947E+01   26 -.514540E+01 0.000000E+00
 0.928947E+01   27 -.506346E+01 0.000000E+00
 0.928947E+01   28 -.498153E+01 0.000000E+00
 0.928947E+01   29 -.489959E+01 0.000000E+00
 0.928947E+01   30 -.481765E+01 0.000000E+00
 0.928947E+01   31 -.473571E+01 0.000000E+00
 0.928947E+01   32 -.465377E+01 0.000000E+00
 0.928947E+01   33 -.457183E+01 0.000000E+00
 0.928947E+01   34 -.448989E+01 0.000000E+00
 0.928947E+01   35 -.440795E+01 0.000000E+00
 0.928947E+01   36 -.432602E+01 0.000000E+00
 0.928947E+01   37 -.424408E+01 0.000000E+00
 0.928947E+01   38 -.416214E+01 0.000000E+00
 0.928947E+01   39 -.408020E+01 0.000000E+00
 0.928947E+01   40 -.399826E+01 0.000000E+00
 0.928947E+01   41 -.391632E+01 0.000000E+00
 0.928947E+01   42 -.383438E+01 0.000000E+00
 0.928947E+01   43 -.375244E+01 0.100000E-06
 0.928947E+01   44 -.367051E+01 0.430000E-05
 0.928947E+01   45 -.358857E+01 0.151700E-03
 0.928947E+01   46 -.350663E+01 0.229000E-02
 0.928947E+01   47 -.342469E+01 0.164611E-01
 0.928947E+01   48 -.334275E+01 0.638339E-01
 0.928947E+01   49 -.326081E+01 0.155380E+00
 0.928947E+01   50 -.317887E+01 0.251406E+00
 0.928947E+01   51 -.309694E+01 0.261912E+00
 0.928947E+01   52 -.301500E+01 0.169095E+00
 0.928947E+01   53 -.293306E+01 0.638372E-01
 0.928947E+01   54 -.285112E+01 0.137669E-01
 0.928947E+01   55 -.276918E+01 0.172970E-02
 0.928947E+01   56 -.268724E+01 0.126300E-03
 0.928947E+01   57 -.260530E+01 0.490000E-05
 0.928947E+01   58 -.252336E+01 0.100000E-06
 0.928947E+01   59 -.244143E+01 0.000000E+00
 0.928947E+01   60 -.235949E+01 0.000000E+00
 0.928947E+01   61 -.227755E+01 0.000000E+00
 0.928947E+01   62 -.219561E+01 0.000000E+00
 0.928947E+01   63 -.211367E+01 0.000000E+00
 0.928947E+01   64 -.203173E+01 0.000000E+00
 0.928947E+01   65 -.194979E+01 0.000000E+00
 0.928947E+01   66 -.186785E+01 0.000000E+00
 0.928947E+01   67 -.178592E+01 0.000000E+00
 0.928947E+01   68 -.170398E+01 0.000000E+00
 0.928947E+01   69 -.162204E+01 0.000000E+00
 0.928947E+01   70 -.154010E+01 0.000000E+00
 0.928947E+01   71 -.145816E+01 0.000000E+00
 0.928947E+01   72 -.137622E+01 0.000000E+00
 0.928947E+01   73 -.129428E+01 0.000000E+00
 0.928947E+01   74 -.121234E+01 0.000000E+00
 0.928947E+01   75 -.113041E+01 0.000000E+00
 0.928947E+01   76 -.104847E+01 0.000000E+00
 0.928947E+01   77 -.966529E+00 0.000000E+00
 0.928947E+01   78 -.884590E+00 0.000000E+00
 0.928947E+01   79 -.802651E+00 0.000000E+00
 0.928947E+01   80 -.720713E+00 0.000000E+00
 0.928947E+01   81 -.638774E+00 0.000000E+00
 0.928947E+01   82 -.556835E+00 0.000000E+00
 0.928947E+01   83 -.474897E+00 0.000000E+00
 0.928947E+01   84 -.392958E+00 0.000000E+00
 0.928947E+01   85 -.311019E+00 0.000000E+00
 0.928947E+01   86 -.229081E+00 0.000000E+00
 0.928947E+01   87 -.147142E+00 0.000000E+00
 0.928947E+01   88 -.652031E-01 0.000000E+00
 0.928947E+01   89 0.167356E-01 0.000000E+00
 0.928947E+01   90 0.986743E-01 0.000000E+00
 0.928947E+01   91 0.180613E+00 0.000000E+00
 0.928947E+01   92 0.262552E+00 0.000000E+00
 0.928947E+01   93 0.344490E+00 0.000000E+00
 0.928947E+01   94 0.426429E+00 0.000000E+00
 0.928947E+01   95 0.508368E+00 0.000000E+00
 0.928947E+01   96 0.590306E+00 0.000000E+00
 0.928947E+01   97 0.672245E+00 0.000000E+00
 0.928947E+01   98 0.754184E+00 0.000000E+00
 0.928947E+01   99 0.836123E+00 0.000000E+00
 0.947368E+01    1 -.711969E+01 0.000000E+00
 0.947368E+01    2 -.703849E+01 0.000000E+00
 0.947368E+01    3 -.695729E+01 0.000000E+00
 0.947368E+01    4 -.687609E+01 0.000000E+00
 0.947368E+01    5 -.679490E+01 0.000000E+00
 0.947368E+01    6 -.671370E+01 0.000000E+00
 0.947368E+01    7 -.663250E+01 0.000000E+00
 0.947368E+01    8 -.655131E+01 0.000000E+00
 0.947368E+01    9 -.647011E+01 0.000000E+00
 0.947368E+01   10 -.638891E+01 0.000000E+00
 0.947368E+01   11 -.630772E+01 0.000000E+00
 0.947368E+01   12 -.622652E+01 0.000000E+00
 0.947368E+01   13 -.614532E+01 0.000000E+00
 0.947368E+01   14 -.606413E+01 0.000000E+00
 0.947368E+01   15 -.598293E+01 0.000000E+00
 0.947368E+01   16 -.590173E+01 0.000000E+00
 0.947368E+01   17 -.582054E+01 0.000000E+00
 0.947368E+01   18 -.573934E+01 0.000000E+00
 0.947368E+01   19 -.565814E+01 0.000000E+00
 0.947368E+01   20 -.557695E+01 0.000000E+00
 0.947368E+01   21 -.549575E+01 0.000000E+00
 0.947368E+01   22 -.541455E+01 0.000000E+00
 0.947368E+01   23 -.533335E+01 0.000000E+00
 0.947368E+01   24 -.525216E+01 0.000000E+00
 0.947368E+01   25 -.517096E+01 0.000000E+00
 0.947368E+01   26 -.508976E+01 0.000000E+00
 0.947368E+01   27 -.500857E+01 0.000000E+00
 0.947368E+01   28 -.492737E+01 0.000000E+00
 0.947368E+01   29 -.484617E+01 0.000000E+00
 0.947368E+01   30 -.476498E+01 0.000000E+00
 0.947368E+01   31 -.468378E+01 0.000000E+00
 0.947368E+01   32 -.460258E+01 0.000000E+00
 0.947368E+01   33 -.452139E+01 0.000000E+00
 0.947368E+01   34 -.444019E+01 0.000000E+00
 0.947368E+01   35 -.435899E+01 0.000000E+00
 0.947368E+01   36 -.427780E+01 0.000000E+00
 0.947368E+01   37 -.419660E+01 0.000000E+00
 0.947368E+01   38 -.411540E+01 0.000000E+00
 0.947368E+01   39 -.403420E+01 0.000000E+00
 0.947368E+01   40 -.395301E+01 0.000000E+00
 0.947368E+01   41 -.387181E+01 0.000000E+00
 0.947368E+01   42 -.379061E+01 0.100000E-06
 0.947368E+01   43 -.370942E+01 0.580000E-05
 0.947368E+01   44 -.362822E+01 0.104800E-03
 0.947368E+01   45 -.354702E+01 0.895300E-03
 0.947368E+01   46 -.346583E+01 0.509330E-02
 0.947368E+01   47 -.338463E+01 0.197362E-01
 0.947368E+01   48 -.330343E+01 0.608871E-01
 0.947368E+01   49 -.322224E+01 0.141956E+00
 0.947368E+01   50 -.314104E+01 0.234232E+00
 0.947368E+01   51 -.305984E+01 0.265442E+00
 0.947368E+01   52 -.297865E+01 0.186298E+00
 0.947368E+01   53 -.289745E+01 0.708271E-01
 0.947368E+01   54 -.281625E+01 0.132935E-01
 0.947368E+01   55 -.273506E+01 0.117840E-02
 0.947368E+01   56 -.265386E+01 0.495000E-04
 0.947368E+01   57 -.257266E+01 0.800000E-06
 0.947368E+01   58 -.249146E+01 0.000000E+00
 0.947368E+01   59 -.241027E+01 0.000000E+00
 0.947368E+01   60 -.232907E+01 0.000000E+00
 0.947368E+01   61 -.224787E+01 0.000000E+00
 0.947368E+01   62 -.216668E+01 0.000000E+00
 0.947368E+01   63 -.208548E+01 0.000000E+00
 0.947368E+01   64 -.200428E+01 0.000000E+00
 0.947368E+01   65 -.192309E+01 0.000000E+00
 0.947368E+01   66 -.184189E+01 0.000000E+00
 0.947368E+01   67 -.176069E+01 0.000000E+00
 0.947368E+01   68 -.167950E+01 0.000000E+00
 0.947368E+01   69 -.159830E+01 0.000000E+00
 0.947368E+01   70 -.151710E+01 0.000000E+00
 0.947368E+01   71 -.143591E+01 0.000000E+00
 0.947368E+01   72 -.135471E+01 0.000000E+00
 0.947368E+01   73 -.127351E+01 0.000000E+00
 0.947368E+01   74 -.119232E+01 0.000000E+00
 0.947368E+01   75 -.111112E+01 0.000000E+00
 0.947368E+01   76 -.102992E+01 0.000000E+00
 0.947368E+01   77 -.948724E+00 0.000000E+00
 0.947368E+01   78 -.867528E+00 0.000000E+00
 0.947368E+01   79 -.786331E+00 0.000000E+00
 0.947368E+01   80 -.705134E+00 0.000000E+00
 0.947368E+01   81 -.623937E+00 0.000000E+00
 0.947368E+01   82 -.542740E+00 0.000000E+00
 0.947368E+01   83 -.461543E+00 0.000000E+00
 0.947368E+01   84 -.380346E+00 0.000000E+00
 0.947368E+01   85 -.299150E+00 0.000000E+00
 0.947368E+01   86 -.217953E+00 0.000000E+00
 0.947368E+01   87 -.136756E+00 0.000000E+00
 0.947368E+01   88 -.555591E-01 0.000000E+00
 0.947368E+01   89 0.256378E-01 0.000000E+00
 0.947368E+01   90 0.106835E+00 0.000000E+00
 0.947368E+01   91 0.188031E+00 0.000000E+00
 0.947368E+01   92 0.269228E+00 0.000000E+00
 0.947368E+01   93 0.350425E+00 0.000000E+00
 0.947368E+01   94 0.431622E+00 0.000000E+00
 0.947368E+01   95 0.512819E+00 0.000000E+00
 0.947368E+01   96 0.594016E+00 0.000000E+00
 0.947368E+01   97 0.675213E+00 0.000000E+00
 0.947368E+01   98 0.756409E+00 0.000000E+00
 0.947368E+01   99 0.837606E+00 0.000000E+00
 0.965789E+01    1 -.680067E+01 0.000000E+00
 0.965789E+01    2 -.672266E+01 0.000000E+00
 0.965789E+01    3 -.664465E+01 0.000000E+00
 0.965789E+01    4 -.656665E+01 0.000000E+00
 0.965789E+01    5 -.648864E+01 0.000000E+00
 0.965789E+01    6 -.641063E+01 0.000000E+00
 0.965789E+01    7 -.633263E+01 0.000000E+00
 0.965789E+01    8 -.625462E+01 0.000000E+00
 0.965789E+01    9 -.617661E+01 0.000000E+00
 0.965789E+01   10 -.609861E+01 0.000000E+00
 0.965789E+01   11 -.602060E+01 0.000000E+00
 0.965789E+01   12 -.594259E+01 0.000000E+00
 0.965789E+01   13 -.586459E+01 0.000000E+00
 0.965789E+01   14 -.578658E+01 0.000000E+00
 0.965789E+01   15 -.570857E+01 0.000000E+00
 0.965789E+01   16 -.563057E+01 0.000000E+00
 0.965789E+01   17 -.555256E+01 0.000000E+00
 0.965789E+01   18 -.547455E+01 0.000000E+00
 0.965789E+01   19 -.539655E+01 0.000000E+00
 0.965789E+01   20 -.531854E+01 0.000000E+00
 0.965789E+01   21 -.524053E+01 0.000000E+00
 0.965789E+01   22 -.516253E+01 0.000000E+00
 0.965789E+01   23 -.508452E+01 0.000000E+00
 0.965789E+01   24 -.500651E+01 0.000000E+00
 0.965789E+01   25 -.492851E+01 0.000000E+00
 0.965789E+01   26 -.485050E+01 0.000000E+00
 0.965789E+01   27 -.477249E+01 0.000000E+00
 0.965789E+01   28 -.469449E+01 0.000000E+00
 0.965789E+01   29 -.461648E+01 0.000000E+00
 0.965789E+01   30 -.453847E+01 0.000000E+00
 0.965789E+01   31 -.446047E+01 0.000000E+00
 0.965789E+01   32 -.438246E+01 0.000000E+00
 0.965789E+01   33 -.430445E+01 0.000000E+00
 0.965789E+01   34 -.422645E+01 0.000000E+00
 0.965789E+01   35 -.414844E+01 0.000000E+00
 0.965789E+01   36 -.407043E+01 0.000000E+00
 0.965789E+01   37 -.399243E+01 0.000000E+00
 0.965789E+01   38 -.391442E+01 0.000000E+00
 0.965789E+01   39 -.383641E+01 0.000000E+00
 0.965789E+01   40 -.375841E+01 0.000000E+00
 0.965789E+01   41 -.368040E+01 0.000000E+00
 0.965789E+01   42 -.360239E+01 0.200000E-06
 0.965789E+01   43 -.352439E+01 0.260000E-05
 0.965789E+01   44 -.344638E+01 0.686000E-04
 0.965789E+01   45 -.336837E+01 0.870300E-03
 0.965789E+01   46 -.329037E+01 0.648780E-02
 0.965789E+01   47 -.321236E+01 0.283928E-01
 0.965789E+01   48 -.313435E+01 0.791499E-01
 0.965789E+01   49 -.305635E+01 0.154326E+00
 0.965789E+01   50 -.297834E+01 0.218160E+00
 0.965789E+01   51 -.290033E+01 0.225478E+00
 0.965789E+01   52 -.282233E+01 0.169747E+00
 0.965789E+01   53 -.274432E+01 0.854528E-01
 0.965789E+01   54 -.266631E+01 0.264295E-01
 0.965789E+01   55 -.258831E+01 0.486400E-02
 0.965789E+01   56 -.251030E+01 0.537000E-03
 0.965789E+01   57 -.243229E+01 0.326000E-04
 0.965789E+01   58 -.235429E+01 0.100000E-05
 0.965789E+01   59 -.227628E+01 0.000000E+00
 0.965789E+01   60 -.219827E+01 0.000000E+00
 0.965789E+01   61 -.212027E+01 0.000000E+00
 0.965789E+01   62 -.204226E+01 0.000000E+00
 0.965789E+01   63 -.196425E+01 0.000000E+00
 0.965789E+01   64 -.188625E+01 0.000000E+00
 0.965789E+01   65 -.180824E+01 0.000000E+00
 0.965789E+01   66 -.173023E+01 0.000000E+00
 0.965789E+01   67 -.165223E+01 0.000000E+00
 0.965789E+01   68 -.157422E+01 0.000000E+00
 0.965789E+01   69 -.149621E+01 0.000000E+00
 0.965789E+01   70 -.141821E+01 0.000000E+00
 0.965789E+01   71 -.134020E+01 0.000000E+00
 0.965789E+01   72 -.126219E+01 0.000000E+00
 0.965789E+01   73 -.118419E+01 0.000000E+00
 0.965789E+01   74 -.110618E+01 0.000000E+00
 0.965789E+01   75 -.102817E+01 0.000000E+00
 0.965789E+01   76 -.950166E+00 0.000000E+00
 0.965789E+01   77 -.872160E+00 0.000000E+00
 0.965789E+01   78 -.794153E+00 0.000000E+00
 0.965789E+01   79 -.716146E+00 0.000000E+00
 0.965789E+01   80 -.638140E+00 0.000000E+00
 0.965789E+01   81 -.560133E+00 0.000000E+00
 0.965789E+01   82 -.482126E+00 0.000000E+00
 0.965789E+01   83 -.404120E+00 0.000000E+00
 0.965789E+01   84 -.326113E+00 0.000000E+00
 0.965789E+01   85 -.248106E+00 0.000000E+00
 0.965789E+01   86 -.170100E+00 0.000000E+00
 0.965789E+01   87 -.920931E-01 0.000000E+00
 0.965789E+01   88 -.140865E-01 0.000000E+00
 0.965789E+01   89 0.639202E-01 0.000000E+00
 0.965789E+01   90 0.141927E+00 0.000000E+00
 0.965789E+01   91 0.219933E+00 0.000000E+00
 0.965789E+01   92 0.297940E+00 0.000000E+00
 0.965789E+01   93 0.375947E+00 0.000000E+00
 0.965789E+01   94 0.453953E+00 0.000000E+00
 0.965789E+01   95 0.531960E+00 0.000000E+00
 0.965789E+01   96 0.609967E+00 0.000000E+00
 0.965789E+01   97 0.687973E+00 0.000000E+00
 0.965789E+01   98 0.765980E+00 0.000000E+00
 0.965789E+01   99 0.843987E+00 0.000000E+00
 0.984211E+01    1 -.663893E+01 0.000000E+00
 0.984211E+01    2 -.656254E+01 0.000000E+00
 0.984211E+01    3 -.648615E+01 0.000000E+00
 0.984211E+01    4 -.640976E+01 0.000000E+00
 0.984211E+01    5 -.633337E+01 0.000000E+00
 0.984211E+01    6 -.625698E+01 0.000000E+00
 0.984211E+01    7 -.618059E+01 0.000000E+00
 0.984211E+01    8 -.610421E+01 0.000000E+00
 0.984211E+01    9 -.602782E+01 0.000000E+00
 0.984211E+01   10 -.595143E+01 0.000000E+00
 0.984211E+01   11 -.587504E+01 0.000000E+00
 0.984211E+01   12 -.579865E+01 0.000000E+00
 0.984211E+01   13 -.572226E+01 0.000000E+00
 0.984211E+01   14 -.564587E+01 0.000000E+00
 0.984211E+01   15 -.556948E+01 0.000000E+00
 0.984211E+01   16 -.549309E+01 0.000000E+00
 0.984211E+01   17 -.541670E+01 0.000000E+00
 0.984211E+01   18 -.534031E+01 0.000000E+00
 0.984211E+01   19 -.526392E+01 0.000000E+00
 0.984211E+01   20 -.518753E+01 0.000000E+00
 0.984211E+01   21 -.511114E+01 0.000000E+00
 0.984211E+01   22 -.503476E+01 0.000000E+00
 0.984211E+01   23 -.495837E+01 0.000000E+00
 0.984211E+01   24 -.488198E+01 0.000000E+00
 0.984211E+01   25 -.480559E+01 0.000000E+00
 0.984211E+01   26 -.472920E+01 0.000000E+00
 0.984211E+01   27 -.465281E+01 0.000000E+00
 0.984211E+01   28 -.457642E+01 0.000000E+00
 0.984211E+01   29 -.450003E+01 0.000000E+00
 0.984211E+01   30 -.442364E+01 0.000000E+00
 0.984211E+01   31 -.434725E+01 0.000000E+00
 0.984211E+01   32 -.427086E+01 0.000000E+00
 0.984211E+01   33 -.419447E+01 0.000000E+00
 0.984211E+01   34 -.411808E+01 0.000000E+00
 0.984211E+01   35 -.404169E+01 0.000000E+00
 0.984211E+01   36 -.396530E+01 0.000000E+00
 0.984211E+01   37 -.388892E+01 0.000000E+00
 0.984211E+01   38 -.381253E+01 0.000000E+00
 0.984211E+01   39 -.373614E+01 0.000000E+00
 0.984211E+01   40 -.365975E+01 0.000000E+00
 0.984211E+01   41 -.358336E+01 0.000000E+00
 0.984211E+01   42 -.350697E+01 0.100000E-06
 0.984211E+01   43 -.343058E+01 0.210000E-05
 0.984211E+01   44 -.335419E+01 0.523000E-04
 0.984211E+01   45 -.327780E+01 0.593700E-03
 0.984211E+01   46 -.320141E+01 0.438470E-02
 0.984211E+01   47 -.312502E+01 0.210435E-01
 0.984211E+01   48 -.304863E+01 0.686667E-01
 0.984211E+01   49 -.297224E+01 0.153426E+00
 0.984211E+01   50 -.289585E+01 0.235473E+00
 0.984211E+01   51 -.281947E+01 0.245464E+00
 0.984211E+01   52 -.274308E+01 0.169526E+00
 0.984211E+01   53 -.266669E+01 0.745447E-01
 0.984211E+01   54 -.259030E+01 0.211054E-01
 0.984211E+01   55 -.251391E+01 0.464280E-02
 0.984211E+01   56 -.243752E+01 0.931700E-03
 0.984211E+01   57 -.236113E+01 0.132500E-03
 0.984211E+01   58 -.228474E+01 0.100000E-04
 0.984211E+01   59 -.220835E+01 0.500000E-06
 0.984211E+01   60 -.213196E+01 0.000000E+00
 0.984211E+01   61 -.205557E+01 0.000000E+00
 0.984211E+01   62 -.197918E+01 0.000000E+00
 0.984211E+01   63 -.190279E+01 0.000000E+00
 0.984211E+01   64 -.182640E+01 0.000000E+00
 0.984211E+01   65 -.175002E+01 0.000000E+00
 0.984211E+01   66 -.167363E+01 0.000000E+00
 0.984211E+01   67 -.159724E+01 0.000000E+00
 0.984211E+01   68 -.152085E+01 0.000000E+00
 0.984211E+01   69 -.144446E+01 0.000000E+00
 0.984211E+01   70 -.136807E+01 0.000000E+00
 0.984211E+01   71 -.129168E+01 0.000000E+00
 0.984211E+01   72 -.121529E+01 0.000000E+00
 0.984211E+01   73 -.113890E+01 0.000000E+00
 0.984211E+01   74 -.106251E+01 0.000000E+00
 0.984211E+01   75 -.986122E+00 0.000000E+00
 0.984211E+01   76 -.909733E+00 0.000000E+00
 0.984211E+01   77 -.833343E+00 0.000000E+00
 0.984211E+01   78 -.756954E+00 0.000000E+00
 0.984211E+01   79 -.680565E+00 0.000000E+00
 0.984211E+01   80 -.604175E+00 0.000000E+00
 0.984211E+01   81 -.527786E+00 0.000000E+00
 0.984211E+01   82 -.451397E+00 0.000000E+00
 0.984211E+01   83 -.375008E+00 0.000000E+00
 0.984211E+01   84 -.298618E+00 0.000000E+00
 0.984211E+01   85 -.222229E+00 0.000000E+00
 0.984211E+01   86 -.145840E+00 0.000000E+00
 0.984211E+01   87 -.694503E-01 0.000000E+00
 0.984211E+01   88 0.693901E-02 0.000000E+00
 0.984211E+01   89 0.833283E-01 0.000000E+00
 0.984211E+01   90 0.159718E+00 0.000000E+00
 0.984211E+01   91 0.236107E+00 0.000000E+00
 0.984211E+01   92 0.312496E+00 0.000000E+00
 0.984211E+01   93 0.388886E+00 0.000000E+00
 0.984211E+01   94 0.465275E+00 0.000000E+00
 0.984211E+01   95 0.541664E+00 0.000000E+00
 0.984211E+01   96 0.618053E+00 0.000000E+00
 0.984211E+01   97 0.694443E+00 0.000000E+00
 0.984211E+01   98 0.770832E+00 0.000000E+00
 0.984211E+01   99 0.847221E+00 0.000000E+00
 0.100263E+02    1 -.619683E+01 0.000000E+00
 0.100263E+02    2 -.612486E+01 0.000000E+00
 0.100263E+02    3 -.605289E+01 0.000000E+00
 0.100263E+02    4 -.598092E+01 0.000000E+00
 0.100263E+02    5 -.590896E+01 0.000000E+00
 0.100263E+02    6 -.583699E+01 0.000000E+00
 0.100263E+02    7 -.576502E+01 0.000000E+00
 0.100263E+02    8 -.569305E+01 0.000000E+00
 0.100263E+02    9 -.562108E+01 0.000000E+00
 0.100263E+02   10 -.554911E+01 0.000000E+00
 0.100263E+02   11 -.547715E+01 0.000000E+00
 0.100263E+02   12 -.540518E+01 0.000000E+00
 0.100263E+02   13 -.533321E+01 0.000000E+00
 0.100263E+02   14 -.526124E+01 0.000000E+00
 0.100263E+02   15 -.518927E+01 0.000000E+00
 0.100263E+02   16 -.511730E+01 0.000000E+00
 0.100263E+02   17 -.504534E+01 0.000000E+00
 0.100263E+02   18 -.497337E+01 0.000000E+00
 0.100263E+02   19 -.490140E+01 0.000000E+00
 0.100263E+02   20 -.482943E+01 0.000000E+00
 0.100263E+02   21 -.475746E+01 0.000000E+00
 0.100263E+02   22 -.468549E+01 0.000000E+00
 0.100263E+02   23 -.461353E+01 0.000000E+00
 0.100263E+02   24 -.454156E+01 0.000000E+00
 0.100263E+02   25 -.446959E+01 0.000000E+00
 0.100263E+02   26 -.439762E+01 0.000000E+00
 0.100263E+02   27 -.432565E+01 0.000000E+00
 0.100263E+02   28 -.425368E+01 0.000000E+00
 0.100263E+02   29 -.418172E+01 0.000000E+00
 0.100263E+02   30 -.410975E+01 0.000000E+00
 0.100263E+02   31 -.403778E+01 0.000000E+00
 0.100263E+02   32 -.396581E+01 0.000000E+00
 0.100263E+02   33 -.389384E+01 0.000000E+00
 0.100263E+02   34 -.382188E+01 0.000000E+00
 0.100263E+02   35 -.374991E+01 0.000000E+00
 0.100263E+02   36 -.367794E+01 0.000000E+00
 0.100263E+02   37 -.360597E+01 0.000000E+00
 0.100263E+02   38 -.353400E+01 0.000000E+00
 0.100263E+02   39 -.346203E+01 0.000000E+00
 0.100263E+02   40 -.339007E+01 0.000000E+00
 0.100263E+02   41 -.331810E+01 0.200000E-06
 0.100263E+02   42 -.324613E+01 0.700000E-06
 0.100263E+02   43 -.317416E+01 0.136000E-04
 0.100263E+02   44 -.310219E+01 0.168600E-03
 0.100263E+02   45 -.303022E+01 0.141590E-02
 0.100263E+02   46 -.295826E+01 0.807410E-02
 0.100263E+02   47 -.288629E+01 0.308161E-01
 0.100263E+02   48 -.281432E+01 0.789067E-01
 0.100263E+02   49 -.274235E+01 0.149301E+00
 0.100263E+02   50 -.267038E+01 0.219825E+00
 0.100263E+02   51 -.259841E+01 0.237236E+00
 0.100263E+02   52 -.252645E+01 0.171426E+00
 0.100263E+02   53 -.245448E+01 0.777669E-01
 0.100263E+02   54 -.238251E+01 0.212672E-01
 0.100263E+02   55 -.231054E+01 0.345070E-02
 0.100263E+02   56 -.223857E+01 0.312000E-03
 0.100263E+02   57 -.216660E+01 0.197000E-04
 0.100263E+02   58 -.209464E+01 0.100000E-06
 0.100263E+02   59 -.202267E+01 0.000000E+00
 0.100263E+02   60 -.195070E+01 0.000000E+00
 0.100263E+02   61 -.187873E+01 0.000000E+00
 0.100263E+02   62 -.180676E+01 0.000000E+00
 0.100263E+02   63 -.173479E+01 0.000000E+00
 0.100263E+02   64 -.166283E+01 0.000000E+00
 0.100263E+02   65 -.159086E+01 0.000000E+00
 0.100263E+02   66 -.151889E+01 0.000000E+00
 0.100263E+02   67 -.144692E+01 0.000000E+00
 0.100263E+02   68 -.137495E+01 0.000000E+00
 0.100263E+02   69 -.130299E+01 0.000000E+00
 0.100263E+02   70 -.123102E+01 0.000000E+00
 0.100263E+02   71 -.115905E+01 0.000000E+00
 0.100263E+02   72 -.108708E+01 0.000000E+00
 0.100263E+02   73 -.101511E+01 0.000000E+00
 0.100263E+02   74 -.943144E+00 0.000000E+00
 0.100263E+02   75 -.871175E+00 0.000000E+00
 0.100263E+02   76 -.799207E+00 0.000000E+00
 0.100263E+02   77 -.727239E+00 0.000000E+00
 0.100263E+02   78 -.655271E+00 0.000000E+00
 0.100263E+02   79 -.583302E+00 0.000000E+00
 0.100263E+02   80 -.511334E+00 0.000000E+00
 0.100263E+02   81 -.439366E+00 0.000000E+00
 0.100263E+02   82 -.367397E+00 0.000000E+00
 0.100263E+02   83 -.295429E+00 0.000000E+00
 0.100263E+02   84 -.223461E+00 0.000000E+00
 0.100263E+02   85 -.151493E+00 0.000000E+00
 0.100263E+02   86 -.795243E-01 0.000000E+00
 0.100263E+02   87 -.755599E-02 0.000000E+00
 0.100263E+02   88 0.644123E-01 0.000000E+00
 0.100263E+02   89 0.136381E+00 0.000000E+00
 0.100263E+02   90 0.208349E+00 0.000000E+00
 0.100263E+02   91 0.280317E+00 0.000000E+00
 0.100263E+02   92 0.352285E+00 0.000000E+00
 0.100263E+02   93 0.424254E+00 0.000000E+00
 0.100263E+02   94 0.496222E+00 0.000000E+00
 0.100263E+02   95 0.568190E+00 0.000000E+00
 0.100263E+02   96 0.640159E+00 0.000000E+00
 0.100263E+02   97 0.712127E+00 0.000000E+00
 0.100263E+02   98 0.784095E+00 0.000000E+00
 0.100263E+02   99 0.856063E+00 0.000000E+00
 0.102105E+02    1 -.578367E+01 0.000000E+00
 0.102105E+02    2 -.571584E+01 0.000000E+00
 0.102105E+02    3 -.564800E+01 0.000000E+00
 0.102105E+02    4 -.558016E+01 0.000000E+00
 0.102105E+02    5 -.551233E+01 0.000000E+00
 0.102105E+02    6 -.544449E+01 0.000000E+00
 0.102105E+02    7 -.537665E+01 0.000000E+00
 0.102105E+02    8 -.530882E+01 0.000000E+00
 0.102105E+02    9 -.524098E+01 0.000000E+00
 0.102105E+02   10 -.517314E+01 0.000000E+00
 0.102105E+02   11 -.510531E+01 0.000000E+00
 0.102105E+02   12 -.503747E+01 0.000000E+00
 0.102105E+02   13 -.496963E+01 0.000000E+00
 0.102105E+02   14 -.490180E+01 0.000000E+00
 0.102105E+02   15 -.483396E+01 0.000000E+00
 0.102105E+02   16 -.476612E+01 0.000000E+00
 0.102105E+02   17 -.469829E+01 0.000000E+00
 0.102105E+02   18 -.463045E+01 0.000000E+00
 0.102105E+02   19 -.456261E+01 0.000000E+00
 0.102105E+02   20 -.449478E+01 0.000000E+00
 0.102105E+02   21 -.442694E+01 0.000000E+00
 0.102105E+02   22 -.435910E+01 0.000000E+00
 0.102105E+02   23 -.429127E+01 0.000000E+00
 0.102105E+02   24 -.422343E+01 0.000000E+00
 0.102105E+02   25 -.415559E+01 0.000000E+00
 0.102105E+02   26 -.408776E+01 0.000000E+00
 0.102105E+02   27 -.401992E+01 0.000000E+00
 0.102105E+02   28 -.395208E+01 0.000000E+00
 0.102105E+02   29 -.388425E+01 0.000000E+00
 0.102105E+02   30 -.381641E+01 0.000000E+00
 0.102105E+02   31 -.374857E+01 0.000000E+00
 0.102105E+02   32 -.368073E+01 0.000000E+00
 0.102105E+02   33 -.361290E+01 0.000000E+00
 0.102105E+02   34 -.354506E+01 0.000000E+00
 0.102105E+02   35 -.347722E+01 0.000000E+00
 0.102105E+02   36 -.340939E+01 0.000000E+00
 0.102105E+02   37 -.334155E+01 0.000000E+00
 0.102105E+02   38 -.327371E+01 0.000000E+00
 0.102105E+02   39 -.320588E+01 0.000000E+00
 0.102105E+02   40 -.313804E+01 0.000000E+00
 0.102105E+02   41 -.307020E+01 0.100000E-05
 0.102105E+02   42 -.300237E+01 0.810000E-05
 0.102105E+02   43 -.293453E+01 0.797000E-04
 0.102105E+02   44 -.286669E+01 0.448500E-03
 0.102105E+02   45 -.279886E+01 0.181120E-02
 0.102105E+02   46 -.273102E+01 0.679300E-02
 0.102105E+02   47 -.266318E+01 0.248646E-01
 0.102105E+02   48 -.259535E+01 0.743261E-01
 0.102105E+02   49 -.252751E+01 0.156524E+00
 0.102105E+02   50 -.245967E+01 0.222592E+00
 0.102105E+02   51 -.239184E+01 0.220955E+00
 0.102105E+02   52 -.232400E+01 0.158378E+00
 0.102105E+02   53 -.225616E+01 0.859566E-01
 0.102105E+02   54 -.218833E+01 0.351762E-01
 0.102105E+02   55 -.212049E+01 0.101077E-01
 0.102105E+02   56 -.205265E+01 0.179080E-02
 0.102105E+02   57 -.198482E+01 0.175700E-03
 0.102105E+02   58 -.191698E+01 0.110000E-04
 0.102105E+02   59 -.184914E+01 0.200000E-06
 0.102105E+02   60 -.178131E+01 0.000000E+00
 0.102105E+02   61 -.171347E+01 0.000000E+00
 0.102105E+02   62 -.164563E+01 0.000000E+00
 0.102105E+02   63 -.157780E+01 0.000000E+00
 0.102105E+02   64 -.150996E+01 0.000000E+00
 0.102105E+02   65 -.144212E+01 0.000000E+00
 0.102105E+02   66 -.137429E+01 0.000000E+00
 0.102105E+02   67 -.130645E+01 0.000000E+00
 0.102105E+02   68 -.123861E+01 0.000000E+00
 0.102105E+02   69 -.117078E+01 0.000000E+00
 0.102105E+02   70 -.110294E+01 0.000000E+00
 0.102105E+02   71 -.103510E+01 0.000000E+00
 0.102105E+02   72 -.967265E+00 0.000000E+00
 0.102105E+02   73 -.899429E+00 0.000000E+00
 0.102105E+02   74 -.831592E+00 0.000000E+00
 0.102105E+02   75 -.763755E+00 0.000000E+00
 0.102105E+02   76 -.695918E+00 0.000000E+00
 0.102105E+02   77 -.628082E+00 0.000000E+00
 0.102105E+02   78 -.560245E+00 0.000000E+00
 0.102105E+02   79 -.492408E+00 0.000000E+00
 0.102105E+02   80 -.424571E+00 0.000000E+00
 0.102105E+02   81 -.356735E+00 0.000000E+00
 0.102105E+02   82 -.288898E+00 0.000000E+00
 0.102105E+02   83 -.221061E+00 0.000000E+00
 0.102105E+02   84 -.153225E+00 0.000000E+00
 0.102105E+02   85 -.853878E-01 0.000000E+00
 0.102105E+02   86 -.175511E-01 0.000000E+00
 0.102105E+02   87 0.502857E-01 0.000000E+00
 0.102105E+02   88 0.118122E+00 0.000000E+00
 0.102105E+02   89 0.185959E+00 0.000000E+00
 0.102105E+02   90 0.253796E+00 0.000000E+00
 0.102105E+02   91 0.321633E+00 0.000000E+00
 0.102105E+02   92 0.389469E+00 0.000000E+00
 0.102105E+02   93 0.457306E+00 0.000000E+00
 0.102105E+02   94 0.525143E+00 0.000000E+00
 0.102105E+02   95 0.592980E+00 0.000000E+00
 0.102105E+02   96 0.660816E+00 0.000000E+00
 0.102105E+02   97 0.728653E+00 0.000000E+00
 0.102105E+02   98 0.796490E+00 0.000000E+00
 0.102105E+02   99 0.864327E+00 0.000000E+00
 0.103947E+02    1 -.549904E+01 0.000000E+00
 0.103947E+02    2 -.543405E+01 0.000000E+00
 0.103947E+02    3 -.536906E+01 0.000000E+00
 0.103947E+02    4 -.530407E+01 0.000000E+00
 0.103947E+02    5 -.523908E+01 0.000000E+00
 0.103947E+02    6 -.517409E+01 0.000000E+00
 0.103947E+02    7 -.510910E+01 0.000000E+00
 0.103947E+02    8 -.504411E+01 0.000000E+00
 0.103947E+02    9 -.497912E+01 0.000000E+00
 0.103947E+02   10 -.491413E+01 0.000000E+00
 0.103947E+02   11 -.484914E+01 0.000000E+00
 0.103947E+02   12 -.478415E+01 0.000000E+00
 0.103947E+02   13 -.471916E+01 0.000000E+00
 0.103947E+02   14 -.465417E+01 0.000000E+00
 0.103947E+02   15 -.458918E+01 0.000000E+00
 0.103947E+02   16 -.452418E+01 0.000000E+00
 0.103947E+02   17 -.445919E+01 0.000000E+00
 0.103947E+02   18 -.439420E+01 0.000000E+00
 0.103947E+02   19 -.432921E+01 0.000000E+00
 0.103947E+02   20 -.426422E+01 0.000000E+00
 0.103947E+02   21 -.419923E+01 0.000000E+00
 0.103947E+02   22 -.413424E+01 0.000000E+00
 0.103947E+02   23 -.406925E+01 0.000000E+00
 0.103947E+02   24 -.400426E+01 0.000000E+00
 0.103947E+02   25 -.393927E+01 0.000000E+00
 0.103947E+02   26 -.387428E+01 0.000000E+00
 0.103947E+02   27 -.380929E+01 0.000000E+00
 0.103947E+02   28 -.374430E+01 0.000000E+00
 0.103947E+02   29 -.367931E+01 0.000000E+00
 0.103947E+02   30 -.361432E+01 0.000000E+00
 0.103947E+02   31 -.354933E+01 0.000000E+00
 0.103947E+02   32 -.348434E+01 0.000000E+00
 0.103947E+02   33 -.341935E+01 0.000000E+00
 0.103947E+02   34 -.335436E+01 0.000000E+00
 0.103947E+02   35 -.328937E+01 0.000000E+00
 0.103947E+02   36 -.322438E+01 0.000000E+00
 0.103947E+02   37 -.315939E+01 0.000000E+00
 0.103947E+02   38 -.309440E+01 0.000000E+00
 0.103947E+02   39 -.302941E+01 0.000000E+00
 0.103947E+02   40 -.296442E+01 0.000000E+00
 0.103947E+02   41 -.289942E+01 0.200000E-06
 0.103947E+02   42 -.283443E+01 0.190000E-05
 0.103947E+02   43 -.276944E+01 0.262000E-04
 0.103947E+02   44 -.270445E+01 0.291400E-03
 0.103947E+02   45 -.263946E+01 0.202460E-02
 0.103947E+02   46 -.257447E+01 0.920980E-02
 0.103947E+02   47 -.250948E+01 0.312128E-01
 0.103947E+02   48 -.244449E+01 0.805526E-01
 0.103947E+02   49 -.237950E+01 0.157770E+00
 0.103947E+02   50 -.231451E+01 0.227162E+00
 0.103947E+02   51 -.224952E+01 0.226975E+00
 0.103947E+02   52 -.218453E+01 0.154657E+00
 0.103947E+02   53 -.211954E+01 0.750430E-01
 0.103947E+02   54 -.205455E+01 0.270157E-01
 0.103947E+02   55 -.198956E+01 0.679360E-02
 0.103947E+02   56 -.192457E+01 0.114140E-02
 0.103947E+02   57 -.185958E+01 0.113900E-03
 0.103947E+02   58 -.179459E+01 0.880000E-05
 0.103947E+02   59 -.172960E+01 0.400000E-06
 0.103947E+02   60 -.166461E+01 0.000000E+00
 0.103947E+02   61 -.159962E+01 0.000000E+00
 0.103947E+02   62 -.153463E+01 0.000000E+00
 0.103947E+02   63 -.146964E+01 0.000000E+00
 0.103947E+02   64 -.140465E+01 0.000000E+00
 0.103947E+02   65 -.133965E+01 0.000000E+00
 0.103947E+02   66 -.127466E+01 0.000000E+00
 0.103947E+02   67 -.120967E+01 0.000000E+00
 0.103947E+02   68 -.114468E+01 0.000000E+00
 0.103947E+02   69 -.107969E+01 0.000000E+00
 0.103947E+02   70 -.101470E+01 0.000000E+00
 0.103947E+02   71 -.949712E+00 0.000000E+00
 0.103947E+02   72 -.884722E+00 0.000000E+00
 0.103947E+02   73 -.819732E+00 0.000000E+00
 0.103947E+02   74 -.754741E+00 0.000000E+00
 0.103947E+02   75 -.689751E+00 0.000000E+00
 0.103947E+02   76 -.624760E+00 0.000000E+00
 0.103947E+02   77 -.559770E+00 0.000000E+00
 0.103947E+02   78 -.494779E+00 0.000000E+00
 0.103947E+02   79 -.429789E+00 0.000000E+00
 0.103947E+02   80 -.364799E+00 0.000000E+00
 0.103947E+02   81 -.299808E+00 0.000000E+00
 0.103947E+02   82 -.234818E+00 0.000000E+00
 0.103947E+02   83 -.169827E+00 0.000000E+00
 0.103947E+02   84 -.104837E+00 0.000000E+00
 0.103947E+02   85 -.398466E-01 0.000000E+00
 0.103947E+02   86 0.251438E-01 0.000000E+00
 0.103947E+02   87 0.901342E-01 0.000000E+00
 0.103947E+02   88 0.155125E+00 0.000000E+00
 0.103947E+02   89 0.220115E+00 0.000000E+00
 0.103947E+02   90 0.285105E+00 0.000000E+00
 0.103947E+02   91 0.350096E+00 0.000000E+00
 0.103947E+02   92 0.415086E+00 0.000000E+00
 0.103947E+02   93 0.480077E+00 0.000000E+00
 0.103947E+02   94 0.545067E+00 0.000000E+00
 0.103947E+02   95 0.610058E+00 0.000000E+00
 0.103947E+02   96 0.675048E+00 0.000000E+00
 0.103947E+02   97 0.740038E+00 0.000000E+00
 0.103947E+02   98 0.805029E+00 0.000000E+00
 0.103947E+02   99 0.870019E+00 0.000000E+00
 0.105789E+02    1 -.575817E+01 0.000000E+00
 0.105789E+02    2 -.569059E+01 0.000000E+00
 0.105789E+02    3 -.562301E+01 0.000000E+00
 0.105789E+02    4 -.555543E+01 0.000000E+00
 0.105789E+02    5 -.548785E+01 0.000000E+00
 0.105789E+02    6 -.542026E+01 0.000000E+00
 0.105789E+02    7 -.535268E+01 0.000000E+00
 0.105789E+02    8 -.528510E+01 0.000000E+00
 0.105789E+02    9 -.521752E+01 0.000000E+00
 0.105789E+02   10 -.514994E+01 0.000000E+00
 0.105789E+02   11 -.508236E+01 0.000000E+00
 0.105789E+02   12 -.501477E+01 0.000000E+00
 0.105789E+02   13 -.494719E+01 0.000000E+00
 0.105789E+02   14 -.487961E+01 0.000000E+00
 0.105789E+02   15 -.481203E+01 0.000000E+00
 0.105789E+02   16 -.474445E+01 0.000000E+00
 0.105789E+02   17 -.467687E+01 0.000000E+00
 0.105789E+02   18 -.460928E+01 0.000000E+00
 0.105789E+02   19 -.454170E+01 0.000000E+00
 0.105789E+02   20 -.447412E+01 0.000000E+00
 0.105789E+02   21 -.440654E+01 0.000000E+00
 0.105789E+02   22 -.433896E+01 0.000000E+00
 0.105789E+02   23 -.427138E+01 0.000000E+00
 0.105789E+02   24 -.420379E+01 0.000000E+00
 0.105789E+02   25 -.413621E+01 0.000000E+00
 0.105789E+02   26 -.406863E+01 0.000000E+00
 0.105789E+02   27 -.400105E+01 0.000000E+00
 0.105789E+02   28 -.393347E+01 0.000000E+00
 0.105789E+02   29 -.386588E+01 0.000000E+00
 0.105789E+02   30 -.379830E+01 0.000000E+00
 0.105789E+02   31 -.373072E+01 0.000000E+00
 0.105789E+02   32 -.366314E+01 0.000000E+00
 0.105789E+02   33 -.359556E+01 0.000000E+00
 0.105789E+02   34 -.352798E+01 0.000000E+00
 0.105789E+02   35 -.346039E+01 0.000000E+00
 0.105789E+02   36 -.339281E+01 0.000000E+00
 0.105789E+02   37 -.332523E+01 0.000000E+00
 0.105789E+02   38 -.325765E+01 0.000000E+00
 0.105789E+02   39 -.319007E+01 0.000000E+00
 0.105789E+02   40 -.312249E+01 0.100000E-06
 0.105789E+02   41 -.305490E+01 0.800000E-06
 0.105789E+02   42 -.298732E+01 0.143000E-04
 0.105789E+02   43 -.291974E+01 0.115900E-03
 0.105789E+02   44 -.285216E+01 0.722800E-03
 0.105789E+02   45 -.278458E+01 0.308370E-02
 0.105789E+02   46 -.271700E+01 0.109075E-01
 0.105789E+02   47 -.264941E+01 0.325703E-01
 0.105789E+02   48 -.258183E+01 0.789994E-01
 0.105789E+02   49 -.251425E+01 0.149374E+00
 0.105789E+02   50 -.244667E+01 0.211295E+00
 0.105789E+02   51 -.237909E+01 0.217441E+00
 0.105789E+02   52 -.231150E+01 0.162625E+00
 0.105789E+02   53 -.224392E+01 0.885687E-01
 0.105789E+02   54 -.217634E+01 0.340665E-01
 0.105789E+02   55 -.210876E+01 0.867340E-02
 0.105789E+02   56 -.204118E+01 0.139840E-02
 0.105789E+02   57 -.197360E+01 0.135600E-03
 0.105789E+02   58 -.190601E+01 0.670000E-05
 0.105789E+02   59 -.183843E+01 0.200000E-06
 0.105789E+02   60 -.177085E+01 0.000000E+00
 0.105789E+02   61 -.170327E+01 0.000000E+00
 0.105789E+02   62 -.163569E+01 0.000000E+00
 0.105789E+02   63 -.156811E+01 0.000000E+00
 0.105789E+02   64 -.150052E+01 0.000000E+00
 0.105789E+02   65 -.143294E+01 0.000000E+00
 0.105789E+02   66 -.136536E+01 0.000000E+00
 0.105789E+02   67 -.129778E+01 0.000000E+00
 0.105789E+02   68 -.123020E+01 0.000000E+00
 0.105789E+02   69 -.116262E+01 0.000000E+00
 0.105789E+02   70 -.109503E+01 0.000000E+00
 0.105789E+02   71 -.102745E+01 0.000000E+00
 0.105789E+02   72 -.959870E+00 0.000000E+00
 0.105789E+02   73 -.892289E+00 0.000000E+00
 0.105789E+02   74 -.824707E+00 0.000000E+00
 0.105789E+02   75 -.757125E+00 0.000000E+00
 0.105789E+02   76 -.689543E+00 0.000000E+00
 0.105789E+02   77 -.621962E+00 0.000000E+00
 0.105789E+02   78 -.554380E+00 0.000000E+00
 0.105789E+02   79 -.486798E+00 0.000000E+00
 0.105789E+02   80 -.419216E+00 0.000000E+00
 0.105789E+02   81 -.351635E+00 0.000000E+00
 0.105789E+02   82 -.284053E+00 0.000000E+00
 0.105789E+02   83 -.216471E+00 0.000000E+00
 0.105789E+02   84 -.148889E+00 0.000000E+00
 0.105789E+02   85 -.813077E-01 0.000000E+00
 0.105789E+02   86 -.137260E-01 0.000000E+00
 0.105789E+02   87 0.538557E-01 0.000000E+00
 0.105789E+02   88 0.121437E+00 0.000000E+00
 0.105789E+02   89 0.189019E+00 0.000000E+00
 0.105789E+02   90 0.256601E+00 0.000000E+00
 0.105789E+02   91 0.324183E+00 0.000000E+00
 0.105789E+02   92 0.391764E+00 0.000000E+00
 0.105789E+02   93 0.459346E+00 0.000000E+00
 0.105789E+02   94 0.526928E+00 0.000000E+00
 0.105789E+02   95 0.594510E+00 0.000000E+00
 0.105789E+02   96 0.662091E+00 0.000000E+00
 0.105789E+02   97 0.729673E+00 0.000000E+00
 0.105789E+02   98 0.797255E+00 0.000000E+00
 0.105789E+02   99 0.864837E+00 0.000000E+00
 0.107632E+02    1 -.527134E+01 0.000000E+00
 0.107632E+02    2 -.520862E+01 0.000000E+00
 0.107632E+02    3 -.514591E+01 0.000000E+00
 0.107632E+02    4 -.508320E+01 0.000000E+00
 0.107632E+02    5 -.502048E+01 0.000000E+00
 0.107632E+02    6 -.495777E+01 0.000000E+00
 0.107632E+02    7 -.489506E+01 0.000000E+00
 0.107632E+02    8 -.483234E+01 0.000000E+00
 0.107632E+02    9 -.476963E+01 0.000000E+00
 0.107632E+02   10 -.470692E+01 0.000000E+00
 0.107632E+02   11 -.464420E+01 0.000000E+00
 0.107632E+02   12 -.458149E+01 0.000000E+00
 0.107632E+02   13 -.451878E+01 0.000000E+00
 0.107632E+02   14 -.445606E+01 0.000000E+00
 0.107632E+02   15 -.439335E+01 0.000000E+00
 0.107632E+02   16 -.433064E+01 0.000000E+00
 0.107632E+02   17 -.426792E+01 0.000000E+00
 0.107632E+02   18 -.420521E+01 0.000000E+00
 0.107632E+02   19 -.414250E+01 0.000000E+00
 0.107632E+02   20 -.407978E+01 0.000000E+00
 0.107632E+02   21 -.401707E+01 0.000000E+00
 0.107632E+02   22 -.395436E+01 0.000000E+00
 0.107632E+02   23 -.389164E+01 0.000000E+00
 0.107632E+02   24 -.382893E+01 0.000000E+00
 0.107632E+02   25 -.376622E+01 0.000000E+00
 0.107632E+02   26 -.370350E+01 0.000000E+00
 0.107632E+02   27 -.364079E+01 0.000000E+00
 0.107632E+02   28 -.357808E+01 0.000000E+00
 0.107632E+02   29 -.351536E+01 0.000000E+00
 0.107632E+02   30 -.345265E+01 0.000000E+00
 0.107632E+02   31 -.338994E+01 0.000000E+00
 0.107632E+02   32 -.332722E+01 0.000000E+00
 0.107632E+02   33 -.326451E+01 0.000000E+00
 0.107632E+02   34 -.320180E+01 0.000000E+00
 0.107632E+02   35 -.313908E+01 0.000000E+00
 0.107632E+02   36 -.307637E+01 0.000000E+00
 0.107632E+02   37 -.301366E+01 0.000000E+00
 0.107632E+02   38 -.295094E+01 0.000000E+00
 0.107632E+02   39 -.288823E+01 0.000000E+00
 0.107632E+02   40 -.282552E+01 0.000000E+00
 0.107632E+02   41 -.276280E+01 0.220000E-05
 0.107632E+02   42 -.270009E+01 0.203000E-04
 0.107632E+02   43 -.263738E+01 0.187700E-03
 0.107632E+02   44 -.257466E+01 0.108150E-02
 0.107632E+02   45 -.251195E+01 0.446760E-02
 0.107632E+02   46 -.244924E+01 0.147653E-01
 0.107632E+02   47 -.238652E+01 0.402155E-01
 0.107632E+02   48 -.232381E+01 0.896661E-01
 0.107632E+02   49 -.226110E+01 0.156374E+00
 0.107632E+02   50 -.219838E+01 0.209965E+00
 0.107632E+02   51 -.213567E+01 0.213639E+00
 0.107632E+02   52 -.207296E+01 0.158160E+00
 0.107632E+02   53 -.201024E+01 0.798272E-01
 0.107632E+02   54 -.194753E+01 0.259114E-01
 0.107632E+02   55 -.188482E+01 0.509810E-02
 0.107632E+02   56 -.182210E+01 0.581600E-03
 0.107632E+02   57 -.175939E+01 0.355000E-04
 0.107632E+02   58 -.169668E+01 0.140000E-05
 0.107632E+02   59 -.163396E+01 0.100000E-06
 0.107632E+02   60 -.157125E+01 0.000000E+00
 0.107632E+02   61 -.150853E+01 0.000000E+00
 0.107632E+02   62 -.144582E+01 0.000000E+00
 0.107632E+02   63 -.138311E+01 0.000000E+00
 0.107632E+02   64 -.132039E+01 0.000000E+00
 0.107632E+02   65 -.125768E+01 0.000000E+00
 0.107632E+02   66 -.119497E+01 0.000000E+00
 0.107632E+02   67 -.113225E+01 0.000000E+00
 0.107632E+02   68 -.106954E+01 0.000000E+00
 0.107632E+02   69 -.100683E+01 0.000000E+00
 0.107632E+02   70 -.944115E+00 0.000000E+00
 0.107632E+02   71 -.881401E+00 0.000000E+00
 0.107632E+02   72 -.818688E+00 0.000000E+00
 0.107632E+02   73 -.755974E+00 0.000000E+00
 0.107632E+02   74 -.693261E+00 0.000000E+00
 0.107632E+02   75 -.630548E+00 0.000000E+00
 0.107632E+02   76 -.567834E+00 0.000000E+00
 0.107632E+02   77 -.505121E+00 0.000000E+00
 0.107632E+02   78 -.442408E+00 0.000000E+00
 0.107632E+02   79 -.379694E+00 0.000000E+00
 0.107632E+02   80 -.316981E+00 0.000000E+00
 0.107632E+02   81 -.254267E+00 0.000000E+00
 0.107632E+02   82 -.191554E+00 0.000000E+00
 0.107632E+02   83 -.128841E+00 0.000000E+00
 0.107632E+02   84 -.661274E-01 0.000000E+00
 0.107632E+02   85 -.341398E-02 0.000000E+00
 0.107632E+02   86 0.592994E-01 0.000000E+00
 0.107632E+02   87 0.122013E+00 0.000000E+00
 0.107632E+02   88 0.184726E+00 0.000000E+00
 0.107632E+02   89 0.247440E+00 0.000000E+00
 0.107632E+02   90 0.310153E+00 0.000000E+00
 0.107632E+02   91 0.372866E+00 0.000000E+00
 0.107632E+02   92 0.435580E+00 0.000000E+00
 0.107632E+02   93 0.498293E+00 0.000000E+00
 0.107632E+02   94 0.561006E+00 0.000000E+00
 0.107632E+02   95 0.623720E+00 0.000000E+00
 0.107632E+02   96 0.686433E+00 0.000000E+00
 0.107632E+02   97 0.749147E+00 0.000000E+00
 0.107632E+02   98 0.811860E+00 0.000000E+00
 0.107632E+02   99 0.874573E+00 0.000000E+00
 0.109474E+02    1 -.491378E+01 0.000000E+00
 0.109474E+02    2 -.485464E+01 0.000000E+00
 0.109474E+02    3 -.479551E+01 0.000000E+00
 0.109474E+02    4 -.473637E+01 0.000000E+00
 0.109474E+02    5 -.467723E+01 0.000000E+00
 0.109474E+02    6 -.461809E+01 0.000000E+00
 0.109474E+02    7 -.455896E+01 0.000000E+00
 0.109474E+02    8 -.449982E+01 0.000000E+00
 0.109474E+02    9 -.444068E+01 0.000000E+00
 0.109474E+02   10 -.438154E+01 0.000000E+00
 0.109474E+02   11 -.432240E+01 0.000000E+00
 0.109474E+02   12 -.426327E+01 0.000000E+00
 0.109474E+02   13 -.420413E+01 0.000000E+00
 0.109474E+02   14 -.414499E+01 0.000000E+00
 0.109474E+02   15 -.408585E+01 0.000000E+00
 0.109474E+02   16 -.402672E+01 0.000000E+00
 0.109474E+02   17 -.396758E+01 0.000000E+00
 0.109474E+02   18 -.390844E+01 0.000000E+00
 0.109474E+02   19 -.384930E+01 0.000000E+00
 0.109474E+02   20 -.379016E+01 0.000000E+00
 0.109474E+02   21 -.373103E+01 0.000000E+00
 0.109474E+02   22 -.367189E+01 0.000000E+00
 0.109474E+02   23 -.361275E+01 0.000000E+00
 0.109474E+02   24 -.355361E+01 0.000000E+00
 0.109474E+02   25 -.349447E+01 0.000000E+00
 0.109474E+02   26 -.343534E+01 0.000000E+00
 0.109474E+02   27 -.337620E+01 0.000000E+00
 0.109474E+02   28 -.331706E+01 0.000000E+00
 0.109474E+02   29 -.325792E+01 0.000000E+00
 0.109474E+02   30 -.319879E+01 0.000000E+00
 0.109474E+02   31 -.313965E+01 0.000000E+00
 0.109474E+02   32 -.308051E+01 0.000000E+00
 0.109474E+02   33 -.302137E+01 0.000000E+00
 0.109474E+02   34 -.296223E+01 0.000000E+00
 0.109474E+02   35 -.290310E+01 0.000000E+00
 0.109474E+02   36 -.284396E+01 0.000000E+00
 0.109474E+02   37 -.278482E+01 0.000000E+00
 0.109474E+02   38 -.272568E+01 0.000000E+00
 0.109474E+02   39 -.266655E+01 0.000000E+00
 0.109474E+02   40 -.260741E+01 0.000000E+00
 0.109474E+02   41 -.254827E+01 0.000000E+00
 0.109474E+02   42 -.248913E+01 0.400000E-05
 0.109474E+02   43 -.242999E+01 0.456000E-04
 0.109474E+02   44 -.237086E+01 0.462000E-03
 0.109474E+02   45 -.231172E+01 0.300580E-02
 0.109474E+02   46 -.225258E+01 0.136509E-01
 0.109474E+02   47 -.219344E+01 0.428929E-01
 0.109474E+02   48 -.213430E+01 0.975233E-01
 0.109474E+02   49 -.207517E+01 0.163649E+00
 0.109474E+02   50 -.201603E+01 0.206386E+00
 0.109474E+02   51 -.195689E+01 0.197307E+00
 0.109474E+02   52 -.189775E+01 0.144071E+00
 0.109474E+02   53 -.183862E+01 0.817963E-01
 0.109474E+02   54 -.177948E+01 0.355911E-01
 0.109474E+02   55 -.172034E+01 0.111604E-01
 0.109474E+02   56 -.166120E+01 0.220030E-02
 0.109474E+02   57 -.160206E+01 0.238800E-03
 0.109474E+02   58 -.154293E+01 0.155000E-04
 0.109474E+02   59 -.148379E+01 0.200000E-06
 0.109474E+02   60 -.142465E+01 0.000000E+00
 0.109474E+02   61 -.136551E+01 0.000000E+00
 0.109474E+02   62 -.130638E+01 0.000000E+00
 0.109474E+02   63 -.124724E+01 0.000000E+00
 0.109474E+02   64 -.118810E+01 0.000000E+00
 0.109474E+02   65 -.112896E+01 0.000000E+00
 0.109474E+02   66 -.106982E+01 0.000000E+00
 0.109474E+02   67 -.101069E+01 0.000000E+00
 0.109474E+02   68 -.951548E+00 0.000000E+00
 0.109474E+02   69 -.892410E+00 0.000000E+00
 0.109474E+02   70 -.833273E+00 0.000000E+00
 0.109474E+02   71 -.774135E+00 0.000000E+00
 0.109474E+02   72 -.714997E+00 0.000000E+00
 0.109474E+02   73 -.655859E+00 0.000000E+00
 0.109474E+02   74 -.596721E+00 0.000000E+00
 0.109474E+02   75 -.537583E+00 0.000000E+00
 0.109474E+02   76 -.478446E+00 0.000000E+00
 0.109474E+02   77 -.419308E+00 0.000000E+00
 0.109474E+02   78 -.360170E+00 0.000000E+00
 0.109474E+02   79 -.301032E+00 0.000000E+00
 0.109474E+02   80 -.241894E+00 0.000000E+00
 0.109474E+02   81 -.182757E+00 0.000000E+00
 0.109474E+02   82 -.123619E+00 0.000000E+00
 0.109474E+02   83 -.644809E-01 0.000000E+00
 0.109474E+02   84 -.534303E-02 0.000000E+00
 0.109474E+02   85 0.537948E-01 0.000000E+00
 0.109474E+02   86 0.112933E+00 0.000000E+00
 0.109474E+02   87 0.172070E+00 0.000000E+00
 0.109474E+02   88 0.231208E+00 0.000000E+00
 0.109474E+02   89 0.290346E+00 0.000000E+00
 0.109474E+02   90 0.349484E+00 0.000000E+00
 0.109474E+02   91 0.408622E+00 0.000000E+00
 0.109474E+02   92 0.467760E+00 0.000000E+00
 0.109474E+02   93 0.526897E+00 0.000000E+00
 0.109474E+02   94 0.586035E+00 0.000000E+00
 0.109474E+02   95 0.645173E+00 0.000000E+00
 0.109474E+02   96 0.704311E+00 0.000000E+00
 0.109474E+02   97 0.763449E+00 0.000000E+00
 0.109474E+02   98 0.822587E+00 0.000000E+00
 0.109474E+02   99 0.881724E+00 0.000000E+00
 0.111316E+02    1 -.500280E+01 0.000000E+00
 0.111316E+02    2 -.494277E+01 0.000000E+00
 0.111316E+02    3 -.488274E+01 0.000000E+00
 0.111316E+02    4 -.482272E+01 0.000000E+00
 0.111316E+02    5 -.476269E+01 0.000000E+00
 0.111316E+02    6 -.470266E+01 0.000000E+00
 0.111316E+02    7 -.464263E+01 0.000000E+00
 0.111316E+02    8 -.458260E+01 0.000000E+00
 0.111316E+02    9 -.452258E+01 0.000000E+00
 0.111316E+02   10 -.446255E+01 0.000000E+00
 0.111316E+02   11 -.440252E+01 0.000000E+00
 0.111316E+02   12 -.434249E+01 0.000000E+00
 0.111316E+02   13 -.428246E+01 0.000000E+00
 0.111316E+02   14 -.422244E+01 0.000000E+00
 0.111316E+02   15 -.416241E+01 0.000000E+00
 0.111316E+02   16 -.410238E+01 0.000000E+00
 0.111316E+02   17 -.404235E+01 0.000000E+00
 0.111316E+02   18 -.398232E+01 0.000000E+00
 0.111316E+02   19 -.392230E+01 0.000000E+00
 0.111316E+02   20 -.386227E+01 0.000000E+00
 0.111316E+02   21 -.380224E+01 0.000000E+00
 0.111316E+02   22 -.374221E+01 0.000000E+00
 0.111316E+02   23 -.368218E+01 0.000000E+00
 0.111316E+02   24 -.362216E+01 0.000000E+00
 0.111316E+02   25 -.356213E+01 0.000000E+00
 0.111316E+02   26 -.350210E+01 0.000000E+00
 0.111316E+02   27 -.344207E+01 0.000000E+00
 0.111316E+02   28 -.338204E+01 0.000000E+00
 0.111316E+02   29 -.332202E+01 0.000000E+00
 0.111316E+02   30 -.326199E+01 0.000000E+00
 0.111316E+02   31 -.320196E+01 0.000000E+00
 0.111316E+02   32 -.314193E+01 0.000000E+00
 0.111316E+02   33 -.308190E+01 0.000000E+00
 0.111316E+02   34 -.302188E+01 0.000000E+00
 0.111316E+02   35 -.296185E+01 0.000000E+00
 0.111316E+02   36 -.290182E+01 0.000000E+00
 0.111316E+02   37 -.284179E+01 0.000000E+00
 0.111316E+02   38 -.278176E+01 0.000000E+00
 0.111316E+02   39 -.272174E+01 0.000000E+00
 0.111316E+02   40 -.266171E+01 0.700000E-06
 0.111316E+02   41 -.260168E+01 0.760000E-05
 0.111316E+02   42 -.254165E+01 0.577000E-04
 0.111316E+02   43 -.248162E+01 0.326400E-03
 0.111316E+02   44 -.242160E+01 0.131050E-02
 0.111316E+02   45 -.236157E+01 0.440690E-02
 0.111316E+02   46 -.230154E+01 0.133127E-01
 0.111316E+02   47 -.224151E+01 0.370087E-01
 0.111316E+02   48 -.218148E+01 0.851252E-01
 0.111316E+02   49 -.212146E+01 0.150365E+00
 0.111316E+02   50 -.206143E+01 0.200023E+00
 0.111316E+02   51 -.200140E+01 0.202912E+00
 0.111316E+02   52 -.194137E+01 0.158435E+00
 0.111316E+02   53 -.188134E+01 0.918863E-01
 0.111316E+02   54 -.182132E+01 0.386407E-01
 0.111316E+02   55 -.176129E+01 0.122363E-01
 0.111316E+02   56 -.170126E+01 0.315220E-02
 0.111316E+02   57 -.164123E+01 0.681000E-03
 0.111316E+02   58 -.158120E+01 0.102300E-03
 0.111316E+02   59 -.152118E+01 0.100000E-04
 0.111316E+02   60 -.146115E+01 0.400000E-06
 0.111316E+02   61 -.140112E+01 0.000000E+00
 0.111316E+02   62 -.134109E+01 0.000000E+00
 0.111316E+02   63 -.128106E+01 0.000000E+00
 0.111316E+02   64 -.122104E+01 0.000000E+00
 0.111316E+02   65 -.116101E+01 0.000000E+00
 0.111316E+02   66 -.110098E+01 0.000000E+00
 0.111316E+02   67 -.104095E+01 0.000000E+00
 0.111316E+02   68 -.980924E+00 0.000000E+00
 0.111316E+02   69 -.920896E+00 0.000000E+00
 0.111316E+02   70 -.860868E+00 0.000000E+00
 0.111316E+02   71 -.800840E+00 0.000000E+00
 0.111316E+02   72 -.740812E+00 0.000000E+00
 0.111316E+02   73 -.680784E+00 0.000000E+00
 0.111316E+02   74 -.620756E+00 0.000000E+00
 0.111316E+02   75 -.560728E+00 0.000000E+00
 0.111316E+02   76 -.500700E+00 0.000000E+00
 0.111316E+02   77 -.440672E+00 0.000000E+00
 0.111316E+02   78 -.380644E+00 0.000000E+00
 0.111316E+02   79 -.320616E+00 0.000000E+00
 0.111316E+02   80 -.260588E+00 0.000000E+00
 0.111316E+02   81 -.200560E+00 0.000000E+00
 0.111316E+02   82 -.140532E+00 0.000000E+00
 0.111316E+02   83 -.805039E-01 0.000000E+00
 0.111316E+02   84 -.204759E-01 0.000000E+00
 0.111316E+02   85 0.395521E-01 0.000000E+00
 0.111316E+02   86 0.995801E-01 0.000000E+00
 0.111316E+02   87 0.159608E+00 0.000000E+00
 0.111316E+02   88 0.219636E+00 0.000000E+00
 0.111316E+02   89 0.279664E+00 0.000000E+00
 0.111316E+02   90 0.339692E+00 0.000000E+00
 0.111316E+02   91 0.399720E+00 0.000000E+00
 0.111316E+02   92 0.459748E+00 0.000000E+00
 0.111316E+02   93 0.519776E+00 0.000000E+00
 0.111316E+02   94 0.579804E+00 0.000000E+00
 0.111316E+02   95 0.639832E+00 0.000000E+00
 0.111316E+02   96 0.699860E+00 0.000000E+00
 0.111316E+02   97 0.759888E+00 0.000000E+00
 0.111316E+02   98 0.819916E+00 0.000000E+00
 0.111316E+02   99 0.879944E+00 0.000000E+00
 0.113158E+02    1 -.489715E+01 0.000000E+00
 0.113158E+02    2 -.483818E+01 0.000000E+00
 0.113158E+02    3 -.477921E+01 0.000000E+00
 0.113158E+02    4 -.472024E+01 0.000000E+00
 0.113158E+02    5 -.466127E+01 0.000000E+00
 0.113158E+02    6 -.460229E+01 0.000000E+00
 0.113158E+02    7 -.454332E+01 0.000000E+00
 0.113158E+02    8 -.448435E+01 0.000000E+00
 0.113158E+02    9 -.442538E+01 0.000000E+00
 0.113158E+02   10 -.436641E+01 0.000000E+00
 0.113158E+02   11 -.430744E+01 0.000000E+00
 0.113158E+02   12 -.424847E+01 0.000000E+00
 0.113158E+02   13 -.418949E+01 0.000000E+00
 0.113158E+02   14 -.413052E+01 0.000000E+00
 0.113158E+02   15 -.407155E+01 0.000000E+00
 0.113158E+02   16 -.401258E+01 0.000000E+00
 0.113158E+02   17 -.395361E+01 0.000000E+00
 0.113158E+02   18 -.389464E+01 0.000000E+00
 0.113158E+02   19 -.383567E+01 0.000000E+00
 0.113158E+02   20 -.377669E+01 0.000000E+00
 0.113158E+02   21 -.371772E+01 0.000000E+00
 0.113158E+02   22 -.365875E+01 0.000000E+00
 0.113158E+02   23 -.359978E+01 0.000000E+00
 0.113158E+02   24 -.354081E+01 0.000000E+00
 0.113158E+02   25 -.348184E+01 0.000000E+00
 0.113158E+02   26 -.342286E+01 0.000000E+00
 0.113158E+02   27 -.336389E+01 0.000000E+00
 0.113158E+02   28 -.330492E+01 0.000000E+00
 0.113158E+02   29 -.324595E+01 0.000000E+00
 0.113158E+02   30 -.318698E+01 0.000000E+00
 0.113158E+02   31 -.312801E+01 0.000000E+00
 0.113158E+02   32 -.306904E+01 0.000000E+00
 0.113158E+02   33 -.301006E+01 0.000000E+00
 0.113158E+02   34 -.295109E+01 0.000000E+00
 0.113158E+02   35 -.289212E+01 0.000000E+00
 0.113158E+02   36 -.283315E+01 0.000000E+00
 0.113158E+02   37 -.277418E+01 0.000000E+00
 0.113158E+02   38 -.271521E+01 0.000000E+00
 0.113158E+02   39 -.265623E+01 0.000000E+00
 0.113158E+02   40 -.259726E+01 0.000000E+00
 0.113158E+02   41 -.253829E+01 0.000000E+00
 0.113158E+02   42 -.247932E+01 0.200000E-05
 0.113158E+02   43 -.242035E+01 0.268000E-04
 0.113158E+02   44 -.236138E+01 0.303900E-03
 0.113158E+02   45 -.230241E+01 0.211100E-02
 0.113158E+02   46 -.224343E+01 0.103509E-01
 0.113158E+02   47 -.218446E+01 0.353661E-01
 0.113158E+02   48 -.212549E+01 0.866320E-01
 0.113158E+02   49 -.206652E+01 0.155991E+00
 0.113158E+02   50 -.200755E+01 0.211060E+00
 0.113158E+02   51 -.194858E+01 0.213180E+00
 0.113158E+02   52 -.188960E+01 0.156945E+00
 0.113158E+02   53 -.183063E+01 0.823245E-01
 0.113158E+02   54 -.177166E+01 0.313496E-01
 0.113158E+02   55 -.171269E+01 0.100378E-01
 0.113158E+02   56 -.165372E+01 0.326690E-02
 0.113158E+02   57 -.159475E+01 0.898200E-03
 0.113158E+02   58 -.153578E+01 0.145500E-03
 0.113158E+02   59 -.147680E+01 0.870000E-05
 0.113158E+02   60 -.141783E+01 0.500000E-06
 0.113158E+02   61 -.135886E+01 0.000000E+00
 0.113158E+02   62 -.129989E+01 0.000000E+00
 0.113158E+02   63 -.124092E+01 0.000000E+00
 0.113158E+02   64 -.118195E+01 0.000000E+00
 0.113158E+02   65 -.112297E+01 0.000000E+00
 0.113158E+02   66 -.106400E+01 0.000000E+00
 0.113158E+02   67 -.100503E+01 0.000000E+00
 0.113158E+02   68 -.946060E+00 0.000000E+00
 0.113158E+02   69 -.887089E+00 0.000000E+00
 0.113158E+02   70 -.828117E+00 0.000000E+00
 0.113158E+02   71 -.769146E+00 0.000000E+00
 0.113158E+02   72 -.710174E+00 0.000000E+00
 0.113158E+02   73 -.651203E+00 0.000000E+00
 0.113158E+02   74 -.592231E+00 0.000000E+00
 0.113158E+02   75 -.533260E+00 0.000000E+00
 0.113158E+02   76 -.474288E+00 0.000000E+00
 0.113158E+02   77 -.415317E+00 0.000000E+00
 0.113158E+02   78 -.356345E+00 0.000000E+00
 0.113158E+02   79 -.297374E+00 0.000000E+00
 0.113158E+02   80 -.238402E+00 0.000000E+00
 0.113158E+02   81 -.179431E+00 0.000000E+00
 0.113158E+02   82 -.120459E+00 0.000000E+00
 0.113158E+02   83 -.614875E-01 0.000000E+00
 0.113158E+02   84 -.251594E-02 0.000000E+00
 0.113158E+02   85 0.564556E-01 0.000000E+00
 0.113158E+02   86 0.115427E+00 0.000000E+00
 0.113158E+02   87 0.174399E+00 0.000000E+00
 0.113158E+02   88 0.233370E+00 0.000000E+00
 0.113158E+02   89 0.292342E+00 0.000000E+00
 0.113158E+02   90 0.351313E+00 0.000000E+00
 0.113158E+02   91 0.410285E+00 0.000000E+00
 0.113158E+02   92 0.469256E+00 0.000000E+00
 0.113158E+02   93 0.528228E+00 0.000000E+00
 0.113158E+02   94 0.587199E+00 0.000000E+00
 0.113158E+02   95 0.646171E+00 0.000000E+00
 0.113158E+02   96 0.705142E+00 0.000000E+00
 0.113158E+02   97 0.764114E+00 0.000000E+00
 0.113158E+02   98 0.823085E+00 0.000000E+00
 0.113158E+02   99 0.882057E+00 0.000000E+00
 0.115000E+02    1 -.492346E+01 0.000000E+00
 0.115000E+02    2 -.486423E+01 0.000000E+00
 0.115000E+02    3 -.480499E+01 0.000000E+00
 0.115000E+02    4 -.474576E+01 0.000000E+00
 0.115000E+02    5 -.468653E+01 0.000000E+00
 0.115000E+02    6 -.462729E+01 0.000000E+00
 0.115000E+02    7 -.456806E+01 0.000000E+00
 0.115000E+02    8 -.450882E+01 0.000000E+00
 0.115000E+02    9 -.444959E+01 0.000000E+00
 0.115000E+02   10 -.439035E+01 0.000000E+00
 0.115000E+02   11 -.433112E+01 0.000000E+00
 0.115000E+02   12 -.427188E+01 0.000000E+00
 0.115000E+02   13 -.421265E+01 0.000000E+00
 0.115000E+02   14 -.415341E+01 0.000000E+00
 0.115000E+02   15 -.409418E+01 0.000000E+00
 0.115000E+02   16 -.403494E+01 0.000000E+00
 0.115000E+02   17 -.397571E+01 0.000000E+00
 0.115000E+02   18 -.391647E+01 0.000000E+00
 0.115000E+02   19 -.385724E+01 0.000000E+00
 0.115000E+02   20 -.379801E+01 0.000000E+00
 0.115000E+02   21 -.373877E+01 0.000000E+00
 0.115000E+02   22 -.367954E+01 0.000000E+00
 0.115000E+02   23 -.362030E+01 0.000000E+00
 0.115000E+02   24 -.356107E+01 0.000000E+00
 0.115000E+02   25 -.350183E+01 0.000000E+00
 0.115000E+02   26 -.344260E+01 0.000000E+00
 0.115000E+02   27 -.338336E+01 0.000000E+00
 0.115000E+02   28 -.332413E+01 0.000000E+00
 0.115000E+02   29 -.326489E+01 0.000000E+00
 0.115000E+02   30 -.320566E+01 0.000000E+00
 0.115000E+02   31 -.314642E+01 0.000000E+00
 0.115000E+02   32 -.308719E+01 0.000000E+00
 0.115000E+02   33 -.302796E+01 0.000000E+00
 0.115000E+02   34 -.296872E+01 0.000000E+00
 0.115000E+02   35 -.290949E+01 0.000000E+00
 0.115000E+02   36 -.285025E+01 0.000000E+00
 0.115000E+02   37 -.279102E+01 0.000000E+00
 0.115000E+02   38 -.273178E+01 0.000000E+00
 0.115000E+02   39 -.267255E+01 0.000000E+00
 0.115000E+02   40 -.261331E+01 0.800000E-06
 0.115000E+02   41 -.255408E+01 0.910000E-05
 0.115000E+02   42 -.249484E+01 0.895000E-04
 0.115000E+02   43 -.243561E+01 0.541500E-03
 0.115000E+02   44 -.237637E+01 0.231130E-02
 0.115000E+02   45 -.231714E+01 0.797820E-02
 0.115000E+02   46 -.225791E+01 0.230114E-01
 0.115000E+02   47 -.219867E+01 0.556882E-01
 0.115000E+02   48 -.213944E+01 0.108947E+00
 0.115000E+02   49 -.208020E+01 0.167688E+00
 0.115000E+02   50 -.202097E+01 0.202698E+00
 0.115000E+02   51 -.196173E+01 0.190666E+00
 0.115000E+02   52 -.190250E+01 0.135695E+00
 0.115000E+02   53 -.184326E+01 0.707479E-01
 0.115000E+02   54 -.178403E+01 0.259825E-01
 0.115000E+02   55 -.172479E+01 0.668820E-02
 0.115000E+02   56 -.166556E+01 0.113170E-02
 0.115000E+02   57 -.160632E+01 0.119800E-03
 0.115000E+02   58 -.154709E+01 0.650000E-05
 0.115000E+02   59 -.148785E+01 0.200000E-06
 0.115000E+02   60 -.142862E+01 0.000000E+00
 0.115000E+02   61 -.136939E+01 0.000000E+00
 0.115000E+02   62 -.131015E+01 0.000000E+00
 0.115000E+02   63 -.125092E+01 0.000000E+00
 0.115000E+02   64 -.119168E+01 0.000000E+00
 0.115000E+02   65 -.113245E+01 0.000000E+00
 0.115000E+02   66 -.107321E+01 0.000000E+00
 0.115000E+02   67 -.101398E+01 0.000000E+00
 0.115000E+02   68 -.954743E+00 0.000000E+00
 0.115000E+02   69 -.895508E+00 0.000000E+00
 0.115000E+02   70 -.836274E+00 0.000000E+00
 0.115000E+02   71 -.777039E+00 0.000000E+00
 0.115000E+02   72 -.717805E+00 0.000000E+00
 0.115000E+02   73 -.658570E+00 0.000000E+00
 0.115000E+02   74 -.599335E+00 0.000000E+00
 0.115000E+02   75 -.540101E+00 0.000000E+00
 0.115000E+02   76 -.480866E+00 0.000000E+00
 0.115000E+02   77 -.421631E+00 0.000000E+00
 0.115000E+02   78 -.362397E+00 0.000000E+00
 0.115000E+02   79 -.303162E+00 0.000000E+00
 0.115000E+02   80 -.243927E+00 0.000000E+00
 0.115000E+02   81 -.184693E+00 0.000000E+00
 0.115000E+02   82 -.125458E+00 0.000000E+00
 0.115000E+02   83 -.662235E-01 0.000000E+00
 0.115000E+02   84 -.698885E-02 0.000000E+00
 0.115000E+02   85 0.522458E-01 0.000000E+00
 0.115000E+02   86 0.111480E+00 0.000000E+00
 0.115000E+02   87 0.170715E+00 0.000000E+00
 0.115000E+02   88 0.229950E+00 0.000000E+00
 0.115000E+02   89 0.289184E+00 0.000000E+00
 0.115000E+02   90 0.348419E+00 0.000000E+00
 0.115000E+02   91 0.407654E+00 0.000000E+00
 0.115000E+02   92 0.466888E+00 0.000000E+00
 0.115000E+02   93 0.526123E+00 0.000000E+00
 0.115000E+02   94 0.585358E+00 0.000000E+00
 0.115000E+02   95 0.644592E+00 0.000000E+00
 0.115000E+02   96 0.703827E+00 0.000000E+00
 0.115000E+02   97 0.763061E+00 0.000000E+00
 0.115000E+02   98 0.822296E+00 0.000000E+00
 0.115000E+02   99 0.881531E+00 0.000000E+00
