 program J1J2_6          
 spatial system size               10
 J1                         1.0000000000000000     
 deltaJ1                    0.0000000000000000     
 J2                        -1.0000000000000000     
 J3                         1.0000000000000000     
 phi, xi                        2.0000000000000000        3.0000000000000000     
 impurity conc.             0.0000000000000000     
 impurity mode           RAN
 start                   HOT
 stripe axis             X
 sampler mode            PT   
 update order            SEQ
 temperature protocol    INDEP
 PT start mode           COMMON
 PT ladder mode          LINEAR
 PT replicas                       20
 PT swap every                      5
 PT measure index                   1
 disorder configurations          100
 equilibration steps           100000
 measurement steps             100000
 RNG seed                         601
 ------------------------
 disorder configurations processed          100
    T      absstr    str2      str4      nem      Global.Strip.Binder      Strip.susc  Local.Strip.Binder     Local.Strip.Binder.Error      Strip.OP.error      stri.susc.error strx   strx2   strx4   Local.Strx.Binder    Local.Strx.Binder.Error  stry   stry2   stry4   Local.Stry.Binder    Local.Stry.Binder.Error absstrx_absstry  absstrx_absstry.Error  coex_angle  coex_angle.Error
 0.800000E+01 0.473224E+00 0.247131E+00 0.825117E-01 0.207798E+00 0.648984E+00 0.379198E+00 0.915898E+00 0.113974E-01 0.141973E-01 0.265884E-01 0.284115E+00 0.127751E+00 0.417492E-01 0.501796E+00 0.176154E-01 0.276325E+00 0.119380E+00 0.346042E-01 0.487744E+00 0.199978E-01 0.452680E-01 0.228073E-02 0.367896E+00 0.340979E-01
 0.818421E+01 0.453335E+00 0.230213E+00 0.741846E-01 0.196354E+00 0.600237E+00 0.405753E+00 0.897989E+00 0.132954E-01 0.146218E-01 0.260059E-01 0.270388E+00 0.118880E+00 0.378044E-01 0.483824E+00 0.184612E-01 0.263563E+00 0.111333E+00 0.313926E-01 0.471419E+00 0.206486E-01 0.401494E-01 0.204836E-02 0.360231E+00 0.340887E-01
 0.836842E+01 0.433152E+00 0.213664E+00 0.663812E-01 0.184619E+00 0.545945E+00 0.434115E+00 0.877551E+00 0.150569E-01 0.149704E-01 0.263211E-01 0.256636E+00 0.110148E+00 0.340238E-01 0.465200E+00 0.191754E-01 0.250927E+00 0.103516E+00 0.283453E-01 0.454845E+00 0.211696E-01 0.354869E-01 0.182364E-02 0.354200E+00 0.340873E-01
 0.855263E+01 0.412617E+00 0.197472E+00 0.590899E-01 0.172638E+00 0.484681E+00 0.462963E+00 0.853782E+00 0.166921E-01 0.152509E-01 0.273718E-01 0.242842E+00 0.101558E+00 0.304315E-01 0.445813E+00 0.198070E-01 0.238423E+00 0.959136E-01 0.254506E-01 0.437354E+00 0.216739E-01 0.312837E-01 0.160964E-02 0.350115E+00 0.340819E-01
 0.873684E+01 0.391840E+00 0.181708E+00 0.522848E-01 0.160499E+00 0.416472E+00 0.490099E+00 0.825939E+00 0.184510E-01 0.154556E-01 0.285674E-01 0.229028E+00 0.931365E-01 0.270076E-01 0.425246E+00 0.203282E-01 0.226120E+00 0.885718E-01 0.227258E-01 0.419363E+00 0.221309E-01 0.275090E-01 0.141154E-02 0.348535E+00 0.341238E-01
 0.892105E+01 0.371018E+00 0.166516E+00 0.460133E-01 0.148419E+00 0.340532E+00 0.512182E+00 0.794009E+00 0.202200E-01 0.155861E-01 0.290691E-01 0.215349E+00 0.849935E-01 0.238109E-01 0.404005E+00 0.206915E-01 0.214086E+00 0.815230E-01 0.201790E-01 0.401233E+00 0.224448E-01 0.241559E-01 0.123125E-02 0.349366E+00 0.341644E-01
 0.910526E+01 0.350237E+00 0.151924E+00 0.402291E-01 0.136439E+00 0.257032E+00 0.528315E+00 0.757473E+00 0.221424E-01 0.156356E-01 0.287148E-01 0.201940E+00 0.771682E-01 0.208212E-01 0.382789E+00 0.208791E-01 0.202320E+00 0.747556E-01 0.178029E-01 0.382728E+00 0.226872E-01 0.212233E-01 0.107322E-02 0.353646E+00 0.342584E-01
 0.928947E+01 0.329712E+00 0.137986E+00 0.349160E-01 0.124720E+00 0.166184E+00 0.537199E+00 0.717522E+00 0.240678E-01 0.155838E-01 0.273217E-01 0.188836E+00 0.696925E-01 0.180411E-01 0.360519E+00 0.209433E-01 0.190888E+00 0.682932E-01 0.156042E-01 0.364512E+00 0.228162E-01 0.186335E-01 0.934431E-03 0.360454E+00 0.343769E-01
 0.947368E+01 0.309595E+00 0.124762E+00 0.300551E-01 0.113355E+00 0.691171E-01 0.542272E+00 0.673102E+00 0.261032E-01 0.154193E-01 0.256510E-01 0.176217E+00 0.626199E-01 0.154720E-01 0.337885E+00 0.208697E-01 0.179765E+00 0.621418E-01 0.135748E-01 0.345303E+00 0.228878E-01 0.163678E-01 0.814765E-03 0.369737E+00 0.345364E-01
 0.965789E+01 0.289985E+00 0.112256E+00 0.256441E-01 0.102387E+00 -.350288E-01 0.544087E+00 0.626636E+00 0.279850E-01 0.151360E-01 0.244665E-01 0.164183E+00 0.559716E-01 0.131295E-01 0.315263E+00 0.207415E-01 0.168980E+00 0.562842E-01 0.117112E-01 0.326311E+00 0.228638E-01 0.144146E-01 0.715919E-03 0.381495E+00 0.346730E-01
 0.984211E+01 0.270855E+00 0.100387E+00 0.216231E-01 0.918092E-01 -.145686E+00 0.545137E+00 0.577702E+00 0.295628E-01 0.147170E-01 0.245463E-01 0.152538E+00 0.496205E-01 0.109618E-01 0.292773E+00 0.204669E-01 0.158597E+00 0.507661E-01 0.100198E-01 0.307245E+00 0.227241E-01 0.127001E-01 0.631753E-03 0.395592E+00 0.348618E-01
 0.100263E+02 0.252336E+00 0.892368E-01 0.180205E-01 0.817266E-01 -.262972E+00 0.544378E+00 0.526942E+00 0.308323E-01 0.141792E-01 0.258365E-01 0.141477E+00 0.436938E-01 0.902743E-02 0.271067E+00 0.200298E-01 0.148566E+00 0.455430E-01 0.847920E-02 0.288682E+00 0.224589E-01 0.112121E-01 0.560886E-03 0.411482E+00 0.350041E-01
 0.102105E+02 0.234526E+00 0.788261E-01 0.148299E-01 0.722033E-01 -.386694E+00 0.541762E+00 0.474971E+00 0.316782E-01 0.135248E-01 0.278053E-01 0.130854E+00 0.381352E-01 0.730838E-02 0.248337E+00 0.195544E-01 0.139076E+00 0.406909E-01 0.710742E-02 0.270581E+00 0.220637E-01 0.991746E-02 0.500703E-03 0.428830E+00 0.351160E-01
 0.103947E+02 0.217448E+00 0.691404E-01 0.120236E-01 0.632486E-01 -.515193E+00 0.534922E+00 0.422962E+00 0.319972E-01 0.127658E-01 0.297409E-01 0.120820E+00 0.329836E-01 0.580301E-02 0.227554E+00 0.188654E-01 0.129996E+00 0.361568E-01 0.588619E-02 0.251756E+00 0.216572E-01 0.879301E-02 0.449383E-03 0.447413E+00 0.351652E-01
 0.105789E+02 0.201215E+00 0.602575E-01 0.961720E-02 0.549741E-01 -.648660E+00 0.524330E+00 0.371001E+00 0.319198E-01 0.119261E-01 0.315323E-01 0.111428E+00 0.283113E-01 0.452739E-02 0.206765E+00 0.180911E-01 0.121347E+00 0.319462E-01 0.481861E-02 0.234467E+00 0.210978E-01 0.781204E-02 0.403754E-03 0.467257E+00 0.351907E-01
 0.107632E+02 0.185965E+00 0.522061E-01 0.757748E-02 0.474319E-01 -.780240E+00 0.509263E+00 0.319055E+00 0.314794E-01 0.110191E-01 0.329705E-01 0.102783E+00 0.241582E-01 0.347041E-02 0.187599E+00 0.171425E-01 0.113131E+00 0.280480E-01 0.388628E-02 0.217005E+00 0.204599E-01 0.695828E-02 0.362677E-03 0.487352E+00 0.351241E-01
 0.109474E+02 0.171789E+00 0.450173E-01 0.589470E-02 0.406691E-01 -.908726E+00 0.489326E+00 0.268912E+00 0.305775E-01 0.100743E-01 0.340537E-01 0.948862E-01 0.205095E-01 0.261612E-02 0.169027E+00 0.161616E-01 0.105420E+00 0.245078E-01 0.309817E-02 0.200344E+00 0.197277E-01 0.621652E-02 0.325361E-03 0.507632E+00 0.349903E-01
 0.111316E+02 0.158601E+00 0.386179E-01 0.451803E-02 0.346352E-01 -.102950E+01 0.463458E+00 0.219703E+00 0.293176E-01 0.911304E-02 0.340934E-01 0.876761E-01 0.173229E-01 0.193141E-02 0.151162E+00 0.151232E-01 0.981406E-01 0.212951E-01 0.243912E-02 0.183914E+00 0.188811E-01 0.556192E-02 0.290203E-03 0.528102E+00 0.347744E-01
 0.113158E+02 0.146716E+00 0.331206E-01 0.343919E-02 0.294393E-01 -.113515E+01 0.434458E+00 0.174584E+00 0.276425E-01 0.817240E-02 0.332208E-01 0.813360E-01 0.146633E-01 0.141566E-02 0.135460E+00 0.139770E-01 0.914524E-01 0.184573E-01 0.190209E-02 0.168516E+00 0.179716E-01 0.500109E-02 0.257779E-03 0.548444E+00 0.344752E-01
 0.115000E+02 0.135953E+00 0.284093E-01 0.260407E-02 0.249873E-01 -.122650E+01 0.402753E+00 0.130330E+00 0.259030E-01 0.727628E-02 0.315340E-01 0.757259E-01 0.124493E-01 0.103132E-02 0.120536E+00 0.128184E-01 0.852691E-01 0.159600E-01 0.147225E-02 0.153271E+00 0.169756E-01 0.451329E-02 0.228483E-03 0.568909E+00 0.341148E-01
