 program J1J2_6          
 spatial system size               10
 J1                         1.0000000000000000     
 deltaJ1                    0.0000000000000000     
 J2                        -1.0000000000000000     
 J3                         1.0000000000000000     
 phi, xi                        2.0000000000000000        3.0000000000000000     
 impurity conc.             0.0000000000000000     
 impurity mode           RAN
 start                   STR
 stripe axis             Y
 sampler mode            PT   
 update order            SEQ
 temperature protocol    INDEP
 PT start mode           COMMON
 PT ladder mode          LINEAR
 PT replicas                       20
 PT swap every                      5
 PT measure index                   1
 disorder configurations          100
 equilibration steps           100000
 measurement steps             100000
 RNG seed                           1
 ------------------------
 disorder configurations processed          100
    T      absstr    str2      str4      nem      Global.Strip.Binder      Strip.susc  Local.Strip.Binder     Local.Strip.Binder.Error      Strip.OP.error      stri.susc.error strx   strx2   strx4   Local.Strx.Binder    Local.Strx.Binder.Error  stry   stry2   stry4   Local.Stry.Binder    Local.Stry.Binder.Error absstrx_absstry  absstrx_absstry.Error  coex_angle  coex_angle.Error
 0.800000E+01 0.477696E+00 0.247644E+00 0.791098E-01 0.204787E+00 0.710046E+00 0.384398E+00 0.922277E+00 0.999912E-02 0.127966E-01 0.248192E-01 0.265088E+00 0.111707E+00 0.302152E-01 0.481013E+00 0.196163E-01 0.302391E+00 0.135937E+00 0.418410E-01 0.517808E+00 0.177506E-01 0.478077E-01 0.273617E-02 0.357737E+00 0.343918E-01
 0.818421E+01 0.457074E+00 0.229830E+00 0.705134E-01 0.192113E+00 0.665074E+00 0.417229E+00 0.903982E+00 0.120165E-01 0.132282E-01 0.252627E-01 0.252718E+00 0.103622E+00 0.268761E-01 0.465019E+00 0.202886E-01 0.287983E+00 0.126208E+00 0.378003E-01 0.501865E+00 0.185359E-01 0.427728E-01 0.253051E-02 0.354300E+00 0.345400E-01
 0.836842E+01 0.435958E+00 0.212282E+00 0.624812E-01 0.179201E+00 0.613491E+00 0.449373E+00 0.882880E+00 0.139441E-01 0.135877E-01 0.256167E-01 0.240304E+00 0.956489E-01 0.237104E-01 0.448838E+00 0.208229E-01 0.273439E+00 0.116633E+00 0.339732E-01 0.485511E+00 0.191520E-01 0.381302E-01 0.232448E-02 0.352610E+00 0.347209E-01
 0.855263E+01 0.414463E+00 0.195157E+00 0.550738E-01 0.166228E+00 0.553974E+00 0.481799E+00 0.857958E+00 0.159728E-01 0.138769E-01 0.258931E-01 0.227878E+00 0.878289E-01 0.207449E-01 0.431658E+00 0.213426E-01 0.258845E+00 0.107328E+00 0.304088E-01 0.467261E+00 0.198161E-01 0.338736E-01 0.212395E-02 0.352786E+00 0.349655E-01
 0.873684E+01 0.392569E+00 0.178444E+00 0.482456E-01 0.153216E+00 0.484848E+00 0.513451E+00 0.829203E+00 0.179599E-01 0.140879E-01 0.260100E-01 0.215506E+00 0.802112E-01 0.179879E-01 0.414142E+00 0.217757E-01 0.244161E+00 0.982324E-01 0.270718E-01 0.448646E+00 0.202854E-01 0.300114E-01 0.193139E-02 0.354952E+00 0.352125E-01
 0.892105E+01 0.370509E+00 0.162298E+00 0.420081E-01 0.140351E+00 0.405199E+00 0.542521E+00 0.796352E+00 0.199007E-01 0.142061E-01 0.262118E-01 0.203147E+00 0.728126E-01 0.154486E-01 0.396322E+00 0.220498E-01 0.229629E+00 0.894854E-01 0.239849E-01 0.429222E+00 0.206802E-01 0.265083E-01 0.174543E-02 0.358889E+00 0.354463E-01
 0.910526E+01 0.348380E+00 0.146785E+00 0.363472E-01 0.127745E+00 0.313025E+00 0.567735E+00 0.759012E+00 0.218328E-01 0.142292E-01 0.270120E-01 0.190829E+00 0.656351E-01 0.131215E-01 0.377770E+00 0.222187E-01 0.215331E+00 0.811497E-01 0.211577E-01 0.408553E+00 0.209904E-01 0.233555E-01 0.156532E-02 0.364924E+00 0.356425E-01
 0.928947E+01 0.326333E+00 0.132026E+00 0.312733E-01 0.115519E+00 0.205870E+00 0.587320E+00 0.716427E+00 0.237599E-01 0.141693E-01 0.278698E-01 0.178737E+00 0.588201E-01 0.110429E-01 0.358479E+00 0.223180E-01 0.201224E+00 0.732059E-01 0.185763E-01 0.386842E+00 0.211597E-01 0.205254E-01 0.139640E-02 0.373152E+00 0.358048E-01
 0.947368E+01 0.304768E+00 0.118191E+00 0.267719E-01 0.103886E+00 0.834789E-01 0.597906E+00 0.669976E+00 0.255411E-01 0.140151E-01 0.280570E-01 0.166899E+00 0.523705E-01 0.919450E-02 0.338990E+00 0.222228E-01 0.187695E+00 0.658201E-01 0.162592E-01 0.365207E+00 0.211658E-01 0.180211E-01 0.123920E-02 0.383152E+00 0.358977E-01
 0.965789E+01 0.283728E+00 0.105277E+00 0.227968E-01 0.928760E-01 -.568648E-01 0.599420E+00 0.619999E+00 0.271362E-01 0.137792E-01 0.278140E-01 0.155414E+00 0.463251E-01 0.756585E-02 0.319313E+00 0.220152E-01 0.174653E+00 0.589520E-01 0.141840E-01 0.342775E+00 0.210983E-01 0.157950E-01 0.109490E-02 0.395005E+00 0.359297E-01
 0.984211E+01 0.263634E+00 0.934518E-01 0.193373E-01 0.826943E-01 -.214214E+00 0.592607E+00 0.567028E+00 0.285833E-01 0.134597E-01 0.275338E-01 0.144450E+00 0.407492E-01 0.615376E-02 0.299498E+00 0.216328E-01 0.162341E+00 0.527026E-01 0.123544E-01 0.320102E+00 0.208541E-01 0.138409E-01 0.962818E-03 0.408512E+00 0.358997E-01
 0.100263E+02 0.244444E+00 0.826508E-01 0.163416E-01 0.732865E-01 -.392214E+00 0.579011E+00 0.511043E+00 0.298023E-01 0.130739E-01 0.273627E-01 0.133932E+00 0.356043E-01 0.493958E-02 0.278382E+00 0.212464E-01 0.150780E+00 0.470465E-01 0.107449E-01 0.297052E+00 0.205196E-01 0.121319E-01 0.845395E-03 0.423875E+00 0.357951E-01
 0.102105E+02 0.226416E+00 0.728709E-01 0.137319E-01 0.646931E-01 -.585960E+00 0.559729E+00 0.455063E+00 0.306372E-01 0.126062E-01 0.273508E-01 0.123942E+00 0.308823E-01 0.389613E-02 0.258394E+00 0.206480E-01 0.140133E+00 0.419885E-01 0.931588E-02 0.274829E+00 0.200474E-01 0.106437E-01 0.738070E-03 0.440678E+00 0.356126E-01
 0.103947E+02 0.209534E+00 0.640850E-01 0.114916E-01 0.569068E-01 -.798130E+00 0.534985E+00 0.398227E+00 0.312251E-01 0.120911E-01 0.274310E-01 0.114509E+00 0.265983E-01 0.302269E-02 0.238260E+00 0.199435E-01 0.130335E+00 0.374866E-01 0.805670E-02 0.253040E+00 0.194774E-01 0.935430E-02 0.644566E-03 0.459070E+00 0.353998E-01
 0.105789E+02 0.193941E+00 0.562644E-01 0.958080E-02 0.499281E-01 -.102646E+01 0.506997E+00 0.342426E+00 0.314430E-01 0.115273E-01 0.276777E-01 0.105669E+00 0.227503E-01 0.230305E-02 0.218662E+00 0.190584E-01 0.121482E+00 0.335141E-01 0.694981E-02 0.231441E+00 0.189259E-01 0.824417E-02 0.561341E-03 0.478122E+00 0.350550E-01
 0.107632E+02 0.179582E+00 0.493210E-01 0.794315E-02 0.436924E-01 -.126535E+01 0.475820E+00 0.288059E+00 0.313834E-01 0.109316E-01 0.273374E-01 0.974372E-01 0.193407E-01 0.172586E-02 0.199783E+00 0.180397E-01 0.113486E+00 0.299803E-01 0.595577E-02 0.211499E+00 0.182921E-01 0.728791E-02 0.486827E-03 0.498636E+00 0.346877E-01
 0.109474E+02 0.166506E+00 0.432127E-01 0.655199E-02 0.381889E-01 -.150874E+01 0.442769E+00 0.236393E+00 0.309469E-01 0.103157E-01 0.260952E-01 0.899345E-01 0.164038E-01 0.127914E-02 0.180494E+00 0.169914E-01 0.106212E+00 0.268089E-01 0.506349E-02 0.192063E+00 0.177039E-01 0.646247E-02 0.421864E-03 0.519192E+00 0.342504E-01
 0.111316E+02 0.154707E+00 0.378735E-01 0.537224E-02 0.333450E-01 -.174529E+01 0.409748E+00 0.188837E+00 0.301909E-01 0.968405E-02 0.243087E-01 0.832173E-01 0.139279E-01 0.944448E-03 0.162390E+00 0.158000E-01 0.996414E-01 0.239456E-01 0.425883E-02 0.175207E+00 0.170529E-01 0.576196E-02 0.366925E-03 0.540464E+00 0.337646E-01
 0.113158E+02 0.144046E+00 0.332106E-01 0.437711E-02 0.291025E-01 -.196857E+01 0.378052E+00 0.143301E+00 0.294158E-01 0.904616E-02 0.223683E-01 0.772273E-01 0.118625E-01 0.696567E-03 0.145028E+00 0.144907E-01 0.936392E-01 0.213481E-01 0.354315E-02 0.158670E+00 0.164407E-01 0.516154E-02 0.319718E-03 0.561963E+00 0.331837E-01
 0.115000E+02 0.134463E+00 0.291227E-01 0.353166E-02 0.253709E-01 -.216406E+01 0.348576E+00 0.102929E+00 0.285256E-01 0.838681E-02 0.209931E-01 0.720058E-01 0.101734E-01 0.516822E-03 0.128968E+00 0.131416E-01 0.880922E-01 0.189492E-01 0.290252E-02 0.143742E+00 0.158563E-01 0.464643E-02 0.278338E-03 0.583358E+00 0.325662E-01
