 program J1J2_6          
 spatial system size               10
 J1                         1.0000000000000000     
 deltaJ1                    0.0000000000000000     
 J2                        -1.0000000000000000     
 J3                         1.0000000000000000     
 phi, xi                        2.0000000000000000        3.0000000000000000     
 impurity conc.             0.0000000000000000     
 impurity mode           RAN
 start                   STR
 stripe axis             Y
 sampler mode            PT   
 update order            SEQ
 temperature protocol    INDEP
 PT start mode           COMMON
 PT ladder mode          LINEAR
 PT replicas                       20
 PT swap every                      5
 PT measure index                   1
 disorder configurations          100
 equilibration steps           100000
 measurement steps             100000
 RNG seed                         801
 ------------------------
 disorder configurations processed          100
    T      absstr    str2      str4      nem      Global.Strip.Binder      Strip.susc  Local.Strip.Binder     Local.Strip.Binder.Error      Strip.OP.error      stri.susc.error strx   strx2   strx4   Local.Strx.Binder    Local.Strx.Binder.Error  stry   stry2   stry4   Local.Stry.Binder    Local.Stry.Binder.Error absstrx_absstry  absstrx_absstry.Error  coex_angle  coex_angle.Error
 0.800000E+01 0.465833E+00 0.240978E+00 0.808301E-01 0.200713E+00 0.608067E+00 0.424513E+00 0.908515E+00 0.103584E-01 0.143464E-01 0.295527E-01 0.255008E+00 0.109782E+00 0.356853E-01 0.471010E+00 0.192227E-01 0.297265E+00 0.131196E+00 0.391470E-01 0.504450E+00 0.195469E-01 0.440844E-01 0.235433E-02 0.383365E+00 0.346209E-01
 0.818421E+01 0.445120E+00 0.223701E+00 0.725201E-01 0.189009E+00 0.550818E+00 0.448367E+00 0.887758E+00 0.125712E-01 0.147985E-01 0.285112E-01 0.242232E+00 0.102076E+00 0.323821E-01 0.452740E+00 0.197966E-01 0.282758E+00 0.121625E+00 0.353025E-01 0.488634E+00 0.200918E-01 0.389820E-01 0.211436E-02 0.379024E+00 0.346078E-01
 0.836842E+01 0.424262E+00 0.206933E+00 0.647871E-01 0.177199E+00 0.487039E+00 0.469911E+00 0.864182E+00 0.148306E-01 0.151667E-01 0.272470E-01 0.229755E+00 0.946598E-01 0.292295E-01 0.433422E+00 0.203578E-01 0.268200E+00 0.112273E+00 0.316832E-01 0.472331E+00 0.204940E-01 0.343662E-01 0.188475E-02 0.376589E+00 0.346554E-01
 0.855263E+01 0.403347E+00 0.190763E+00 0.576388E-01 0.165348E+00 0.416102E+00 0.489318E+00 0.837602E+00 0.170300E-01 0.154560E-01 0.264318E-01 0.217566E+00 0.875273E-01 0.262424E-01 0.414309E+00 0.207302E-01 0.253734E+00 0.103235E+00 0.283059E-01 0.454555E+00 0.209640E-01 0.302281E-01 0.167179E-02 0.376382E+00 0.347965E-01
 0.873684E+01 0.382439E+00 0.175196E+00 0.510482E-01 0.153522E+00 0.336854E+00 0.507614E+00 0.807622E+00 0.191901E-01 0.156530E-01 0.260817E-01 0.205767E+00 0.807129E-01 0.234299E-01 0.394011E+00 0.211148E-01 0.239304E+00 0.944834E-01 0.251637E-01 0.436153E+00 0.213007E-01 0.265306E-01 0.147446E-02 0.377747E+00 0.349432E-01
 0.892105E+01 0.361737E+00 0.160323E+00 0.449885E-01 0.141856E+00 0.249707E+00 0.521092E+00 0.774810E+00 0.212360E-01 0.157546E-01 0.257002E-01 0.194305E+00 0.741485E-01 0.207623E-01 0.374079E+00 0.213328E-01 0.225197E+00 0.861744E-01 0.222803E-01 0.416844E+00 0.215772E-01 0.232726E-01 0.129932E-02 0.380972E+00 0.351121E-01
 0.910526E+01 0.341295E+00 0.146156E+00 0.394397E-01 0.130388E+00 0.153718E+00 0.532812E+00 0.738612E+00 0.231360E-01 0.157551E-01 0.254202E-01 0.183169E+00 0.678237E-01 0.182505E-01 0.354177E+00 0.214457E-01 0.211492E+00 0.783327E-01 0.196463E-01 0.396851E+00 0.217443E-01 0.204199E-01 0.114436E-02 0.386439E+00 0.353177E-01
 0.928947E+01 0.321138E+00 0.132672E+00 0.343620E-01 0.119166E+00 0.478284E-01 0.540332E+00 0.699130E+00 0.249071E-01 0.156598E-01 0.255394E-01 0.172344E+00 0.617267E-01 0.158919E-01 0.333532E+00 0.215805E-01 0.198188E+00 0.709456E-01 0.172464E-01 0.376002E+00 0.218589E-01 0.179229E-01 0.100616E-02 0.393954E+00 0.355362E-01
 0.947368E+01 0.301506E+00 0.119978E+00 0.297640E-01 0.108383E+00 -.676935E-01 0.543335E+00 0.656827E+00 0.265752E-01 0.154676E-01 0.259621E-01 0.161854E+00 0.558940E-01 0.137066E-01 0.313405E+00 0.215007E-01 0.185454E+00 0.640842E-01 0.150864E-01 0.354674E+00 0.218872E-01 0.157464E-01 0.885035E-03 0.403105E+00 0.357457E-01
 0.965789E+01 0.282479E+00 0.108057E+00 0.256022E-01 0.980273E-01 -.192661E+00 0.542421E+00 0.612023E+00 0.279693E-01 0.151736E-01 0.270015E-01 0.151732E+00 0.503209E-01 0.116964E-01 0.293516E+00 0.213436E-01 0.173382E+00 0.577360E-01 0.131320E-01 0.333808E+00 0.217751E-01 0.138682E-01 0.778881E-03 0.413909E+00 0.359017E-01
 0.984211E+01 0.264090E+00 0.969117E-01 0.218624E-01 0.881910E-01 -.327795E+00 0.535456E+00 0.565488E+00 0.291152E-01 0.147980E-01 0.274342E-01 0.142007E+00 0.450460E-01 0.987002E-02 0.273795E+00 0.210735E-01 0.161894E+00 0.518658E-01 0.113740E-01 0.312758E+00 0.215909E-01 0.122394E-01 0.686180E-03 0.426831E+00 0.360473E-01
 0.100263E+02 0.246535E+00 0.865698E-01 0.185125E-01 0.789375E-01 -.470199E+00 0.523439E+00 0.517573E+00 0.300989E-01 0.143325E-01 0.268419E-01 0.132682E+00 0.400716E-01 0.821637E-02 0.254415E+00 0.207489E-01 0.151138E+00 0.464981E-01 0.980043E-02 0.292107E+00 0.213257E-01 0.108258E-01 0.605731E-03 0.440941E+00 0.361784E-01
 0.102105E+02 0.229776E+00 0.769864E-01 0.155210E-01 0.702566E-01 -.618728E+00 0.510634E+00 0.468320E+00 0.308548E-01 0.137753E-01 0.258503E-01 0.123821E+00 0.354242E-01 0.674452E-02 0.235745E+00 0.202765E-01 0.141005E+00 0.415622E-01 0.837702E-02 0.271293E+00 0.210191E-01 0.960144E-02 0.535123E-03 0.456461E+00 0.362445E-01
 0.103947E+02 0.213911E+00 0.681670E-01 0.128838E-01 0.621912E-01 -.772651E+00 0.495070E+00 0.418752E+00 0.314057E-01 0.131389E-01 0.254908E-01 0.115355E+00 0.310813E-01 0.543982E-02 0.216959E+00 0.197754E-01 0.131604E+00 0.370857E-01 0.712094E-02 0.251491E+00 0.205963E-01 0.853640E-02 0.474042E-03 0.472867E+00 0.362711E-01
 0.105789E+02 0.198832E+00 0.600247E-01 0.105619E-01 0.546745E-01 -.931438E+00 0.480177E+00 0.369859E+00 0.315384E-01 0.124141E-01 0.263457E-01 0.107325E+00 0.270381E-01 0.430330E-02 0.200048E+00 0.190860E-01 0.122790E+00 0.329866E-01 0.599629E-02 0.231673E+00 0.201580E-01 0.761154E-02 0.420154E-03 0.490531E+00 0.362590E-01
 0.107632E+02 0.184679E+00 0.525860E-01 0.853867E-02 0.477573E-01 -.108781E+01 0.464212E+00 0.322364E+00 0.312698E-01 0.116118E-01 0.275616E-01 0.997943E-01 0.233562E-01 0.333704E-02 0.182863E+00 0.184093E-01 0.114601E+00 0.292298E-01 0.498780E-02 0.213767E+00 0.195330E-01 0.680639E-02 0.372132E-03 0.508376E+00 0.361776E-01
 0.109474E+02 0.171388E+00 0.458220E-01 0.680294E-02 0.414317E-01 -.124002E+01 0.447024E+00 0.275283E+00 0.306790E-01 0.107492E-01 0.285501E-01 0.927255E-01 0.200269E-01 0.253752E-02 0.166958E+00 0.176044E-01 0.106978E+00 0.257951E-01 0.409029E-02 0.195880E+00 0.188828E-01 0.610272E-02 0.329507E-03 0.526302E+00 0.359963E-01
 0.111316E+02 0.158986E+00 0.397438E-01 0.534509E-02 0.357238E-01 -.138389E+01 0.428698E+00 0.230690E+00 0.295817E-01 0.984648E-02 0.292665E-01 0.861969E-01 0.170932E-01 0.189820E-02 0.152192E+00 0.166842E-01 0.998450E-01 0.226506E-01 0.330305E-02 0.178761E+00 0.181684E-01 0.548609E-02 0.291008E-03 0.545414E+00 0.357850E-01
 0.113158E+02 0.147386E+00 0.342565E-01 0.411689E-02 0.305518E-01 -.150820E+01 0.408041E+00 0.187139E+00 0.281832E-01 0.889751E-02 0.298831E-01 0.801415E-01 0.145128E-01 0.139238E-02 0.138136E+00 0.156550E-01 0.931688E-01 0.197437E-01 0.260631E-02 0.163249E+00 0.173293E-01 0.494046E-02 0.255240E-03 0.563941E+00 0.354211E-01
 0.115000E+02 0.136773E+00 0.294512E-01 0.312674E-02 0.260177E-01 -.160484E+01 0.386285E+00 0.144545E+00 0.264876E-01 0.793861E-02 0.305681E-01 0.746914E-01 0.123362E-01 0.101396E-02 0.123853E+00 0.145916E-01 0.869768E-01 0.171150E-01 0.201518E-02 0.147484E+00 0.164887E-01 0.446284E-02 0.222313E-03 0.582667E+00 0.349657E-01
