 program J1J2_6          
 spatial system size               56
 J1                         1.0000000000000000     
 deltaJ1                    0.0000000000000000     
 J2                        -1.0000000000000000     
 J3                         1.0000000000000000     
 phi, xi                        2.0000000000000000        3.0000000000000000     
 impurity conc.             0.0000000000000000     
 impurity mode           RAN
 start                   STR
 stripe axis             X
 sampler mode            PT   
 update order            SEQ
 temperature protocol    INDEP
 PT start mode           COMMON
 PT ladder mode          LINEAR
 PT replicas                       64
 PT swap every                      5
 PT measure index                   1
 disorder configurations            2
 equilibration steps          1000000
 measurement steps             500000
 RNG seed                        9185
 ------------------------
 disorder configurations processed            2
    T      [<mag>]      [<mag>^2]      std.mag/sqrt(iconf)      [<susc>] .     std.susc/sqrt(iconf)      [<Binder>]      std.bin/sqrt(iconf) [log <mag>]  Global.Binder
 0.800000E+01 0.145765E-02 0.212481E-05 0.604942E-05 0.266341E-01 0.194136E-03 0.200386E-02 0.120309E-02 -.653095E+01 0.191644E-02
 0.805556E+01 0.146715E-02 0.215269E-05 0.863379E-05 0.267499E-01 0.332310E-03 0.220062E-02 0.114897E-03 -.652447E+01 0.190744E-02
 0.811111E+01 0.147705E-02 0.218182E-05 0.839882E-05 0.268854E-01 0.329533E-03 0.382640E-02 0.261801E-03 -.651774E+01 0.354176E-02
 0.816667E+01 0.148848E-02 0.221577E-05 0.990921E-05 0.272005E-01 0.376557E-03 0.565810E-03 0.792042E-03 -.651004E+01 0.158397E-03
 0.822222E+01 0.149765E-02 0.224329E-05 0.126887E-04 0.273318E-01 0.465101E-03 0.118168E-02 0.601795E-04 -.650393E+01 0.610523E-03
 0.827778E+01 0.150598E-02 0.226836E-05 0.137470E-04 0.274304E-01 0.440440E-03 0.241388E-02 0.212648E-02 -.649839E+01 0.195441E-02
 0.833333E+01 0.151486E-02 0.229520E-05 0.138046E-04 0.276063E-01 0.457101E-03 0.709170E-04 0.204463E-02 -.649251E+01 -.405717E-03
 0.838889E+01 0.152238E-02 0.231802E-05 0.137334E-04 0.276520E-01 0.432112E-03 0.196348E-02 0.288266E-02 -.648756E+01 0.157338E-02
 0.844444E+01 0.152679E-02 0.233141E-05 0.128162E-04 0.276273E-01 0.423976E-03 0.244779E-02 0.129913E-02 -.648466E+01 0.200460E-02
 0.850000E+01 0.153383E-02 0.235292E-05 0.118703E-04 0.277497E-01 0.425705E-03 -.395806E-03 0.296672E-03 -.648005E+01 -.853668E-03
 0.855556E+01 0.153993E-02 0.237160E-05 0.102766E-04 0.277912E-01 0.353090E-03 0.146633E-02 0.110228E-02 -.647606E+01 0.118075E-02
 0.861111E+01 0.154691E-02 0.239308E-05 0.843993E-05 0.277800E-01 0.257233E-03 0.418468E-02 0.156518E-02 -.647152E+01 0.403745E-02
 0.866667E+01 0.154893E-02 0.239939E-05 0.988468E-05 0.277434E-01 0.324193E-03 0.244027E-02 0.746391E-03 -.647023E+01 0.217187E-02
 0.872222E+01 0.155708E-02 0.242463E-05 0.781620E-05 0.278535E-01 0.231066E-03 -.383136E-04 0.131620E-02 -.646497E+01 -.165736E-03
 0.877778E+01 0.156549E-02 0.245087E-05 0.717730E-05 0.279526E-01 0.258147E-03 0.194816E-02 0.823540E-03 -.645958E+01 0.180975E-02
 0.883333E+01 0.157053E-02 0.246665E-05 0.668502E-05 0.280049E-01 0.245520E-03 0.196213E-03 0.783092E-03 -.645636E+01 0.750982E-04
 0.888889E+01 0.157737E-02 0.248813E-05 0.393648E-05 0.281054E-01 0.173607E-03 -.156649E-02 0.882774E-03 -.645200E+01 -.164453E-02
 0.894444E+01 0.158299E-02 0.250592E-05 0.492897E-05 0.280402E-01 0.113039E-03 0.166359E-02 0.297575E-02 -.644845E+01 0.166935E-02
 0.900000E+01 0.158993E-02 0.252791E-05 0.333823E-05 0.280947E-01 0.101869E-03 -.786279E-03 0.123719E-02 -.644407E+01 -.798411E-03
 0.905556E+01 0.159522E-02 0.254475E-05 0.419126E-05 0.281435E-01 0.133354E-03 0.716818E-03 0.372654E-03 -.644075E+01 0.673055E-03
 0.911111E+01 0.160109E-02 0.256352E-05 0.246718E-05 0.281840E-01 0.127786E-03 0.573462E-03 0.136514E-02 -.643707E+01 0.527714E-03
 0.916667E+01 0.160733E-02 0.258354E-05 0.338645E-05 0.282502E-01 0.103857E-03 0.952466E-03 0.111474E-02 -.643318E+01 0.938119E-03
 0.922222E+01 0.161346E-02 0.260326E-05 0.229744E-05 0.283224E-01 0.487404E-04 -.102656E-02 0.221846E-02 -.642938E+01 -.101683E-02
 0.927778E+01 0.162304E-02 0.263427E-05 0.238768E-06 0.284439E-01 0.493509E-04 0.781488E-03 0.470630E-04 -.642345E+01 0.781179E-03
 0.933333E+01 0.162606E-02 0.264406E-05 0.113143E-06 0.284147E-01 0.304905E-04 0.750086E-04 0.318927E-03 -.642160E+01 0.744421E-04
 0.938889E+01 0.163147E-02 0.266171E-05 0.959331E-06 0.283730E-01 0.610561E-05 0.263462E-03 0.192585E-03 -.641827E+01 0.263078E-03
 0.944444E+01 0.163946E-02 0.268785E-05 0.680637E-06 0.285260E-01 0.110128E-04 0.308793E-03 0.103078E-02 -.641339E+01 0.310092E-03
 0.950000E+01 0.164250E-02 0.269782E-05 0.159212E-05 0.284403E-01 0.506472E-04 -.834357E-03 0.662366E-03 -.641153E+01 -.846427E-03
 0.955556E+01 0.164815E-02 0.271639E-05 0.135976E-05 0.285283E-01 0.371033E-04 -.908559E-03 0.815744E-03 -.640810E+01 -.908233E-03
 0.961111E+01 0.165570E-02 0.274136E-05 0.246639E-05 0.286160E-01 0.754184E-04 0.258280E-02 0.140092E-02 -.640353E+01 0.258255E-02
 0.966667E+01 0.166004E-02 0.275575E-05 0.382010E-05 0.285991E-01 0.107336E-03 -.589096E-03 0.117584E-02 -.640092E+01 -.605794E-03
 0.972222E+01 0.166632E-02 0.277664E-05 0.338621E-05 0.286663E-01 0.170135E-03 -.774142E-03 0.315396E-02 -.639714E+01 -.879057E-03
 0.977778E+01 0.166965E-02 0.278777E-05 0.425764E-05 0.285926E-01 0.156552E-03 -.378315E-03 0.714337E-03 -.639515E+01 -.448137E-03
 0.983333E+01 0.167215E-02 0.279613E-05 0.493971E-05 0.285079E-01 0.207632E-03 -.116893E-02 0.133878E-02 -.639365E+01 -.128546E-02
 0.988889E+01 0.168036E-02 0.282366E-05 0.436994E-05 0.285764E-01 0.139882E-03 0.126083E-02 0.202958E-03 -.638875E+01 0.120495E-02
 0.994444E+01 0.168692E-02 0.284578E-05 0.636440E-05 0.286615E-01 0.255542E-03 0.690335E-03 0.714139E-03 -.638487E+01 0.538066E-03
 0.100000E+02 0.168972E-02 0.285526E-05 0.698140E-05 0.286307E-01 0.194068E-03 -.241487E-02 0.133291E-02 -.638321E+01 -.249329E-02
 0.100556E+02 0.169526E-02 0.287397E-05 0.485016E-05 0.286251E-01 0.198520E-03 -.156123E-02 0.141261E-02 -.637992E+01 -.167212E-02
 0.101111E+02 0.169729E-02 0.288087E-05 0.651216E-05 0.285674E-01 0.248034E-03 0.876842E-03 0.142779E-02 -.637874E+01 0.701751E-03
 0.101667E+02 0.170541E-02 0.290852E-05 0.645802E-05 0.286431E-01 0.228400E-03 0.826821E-03 0.884027E-04 -.637396E+01 0.705030E-03
 0.102222E+02 0.170936E-02 0.292202E-05 0.746869E-05 0.287023E-01 0.266777E-03 -.169578E-02 0.137314E-02 -.637166E+01 -.190503E-02
 0.102778E+02 0.171280E-02 0.293382E-05 0.765495E-05 0.286345E-01 0.213601E-03 -.993734E-03 0.726244E-03 -.636964E+01 -.111061E-02
 0.103333E+02 0.171938E-02 0.295637E-05 0.766113E-05 0.286921E-01 0.218923E-03 0.622140E-03 0.169940E-02 -.636581E+01 0.536985E-03
 0.103889E+02 0.171950E-02 0.295678E-05 0.731488E-05 0.285232E-01 0.234317E-03 0.182551E-03 0.111408E-02 -.636574E+01 0.788479E-04
 0.104444E+02 0.172476E-02 0.297485E-05 0.543356E-05 0.286319E-01 0.230790E-03 -.127317E-02 0.190063E-02 -.636268E+01 -.142243E-02
 0.105000E+02 0.173160E-02 0.299865E-05 0.102766E-04 0.286086E-01 0.286278E-03 0.115685E-02 0.293714E-02 -.635875E+01 0.103809E-02
 0.105556E+02 0.173799E-02 0.302073E-05 0.776105E-05 0.286981E-01 0.259469E-03 -.153682E-02 0.101860E-02 -.635505E+01 -.173457E-02
 0.106111E+02 0.174172E-02 0.303370E-05 0.808562E-05 0.285618E-01 0.235468E-03 0.249271E-02 0.659555E-03 -.635291E+01 0.235793E-02
 0.106667E+02 0.174376E-02 0.304082E-05 0.746462E-05 0.285919E-01 0.219042E-03 -.246454E-03 0.124922E-02 -.635173E+01 -.340940E-03
 0.107222E+02 0.174848E-02 0.305730E-05 0.796598E-05 0.285084E-01 0.258702E-03 0.328925E-02 0.692253E-03 -.634903E+01 0.314943E-02
 0.107778E+02 0.175483E-02 0.307956E-05 0.822341E-05 0.285881E-01 0.282169E-03 0.243586E-02 0.102900E-03 -.634541E+01 0.225773E-02
 0.108333E+02 0.175650E-02 0.308539E-05 0.679919E-05 0.285169E-01 0.230621E-03 0.159522E-02 0.109123E-03 -.634445E+01 0.146821E-02
 0.108889E+02 0.175923E-02 0.309505E-05 0.856758E-05 0.284957E-01 0.279960E-03 -.453647E-03 0.676107E-03 -.634290E+01 -.618237E-03
 0.109444E+02 0.176245E-02 0.310638E-05 0.833878E-05 0.285054E-01 0.337878E-03 0.107032E-03 0.322172E-04 -.634107E+01 -.105119E-03
 0.110000E+02 0.176836E-02 0.312724E-05 0.837418E-05 0.284798E-01 0.260454E-03 -.266724E-02 0.289010E-03 -.633772E+01 -.283183E-02
 0.110556E+02 0.177348E-02 0.314532E-05 0.636868E-05 0.285130E-01 0.261950E-03 -.128076E-02 0.236397E-02 -.633482E+01 -.148087E-02
 0.111111E+02 0.177451E-02 0.314904E-05 0.826223E-05 0.284491E-01 0.304594E-03 -.177542E-02 0.284305E-03 -.633425E+01 -.197976E-02
 0.111667E+02 0.177733E-02 0.315901E-05 0.708084E-05 0.283987E-01 0.243542E-03 -.345848E-03 0.447237E-03 -.633266E+01 -.465360E-03
 0.112222E+02 0.178157E-02 0.317420E-05 0.967552E-05 0.283755E-01 0.324678E-03 -.571178E-03 0.567576E-04 -.633029E+01 -.813999E-03
 0.112778E+02 0.178377E-02 0.318197E-05 0.805866E-05 0.282640E-01 0.244138E-03 0.667561E-03 0.774317E-03 -.632905E+01 0.537111E-03
 0.113333E+02 0.178832E-02 0.319832E-05 0.103122E-04 0.282558E-01 0.284733E-03 0.406294E-03 0.209169E-02 -.632651E+01 0.256296E-03
 0.113889E+02 0.178877E-02 0.319983E-05 0.833233E-05 0.281523E-01 0.214943E-03 0.822442E-03 0.974796E-03 -.632625E+01 0.704948E-03
 0.114444E+02 0.179214E-02 0.321187E-05 0.784091E-05 0.281978E-01 0.252546E-03 0.102720E-03 0.336466E-03 -.632437E+01 -.411505E-04
 0.115000E+02 0.180163E-02 0.324604E-05 0.931962E-05 0.282630E-01 0.294609E-03 0.144797E-02 0.426933E-03 -.631909E+01 0.125077E-02
