 program J1J2_6          
 spatial system size               56
 J1                         1.0000000000000000     
 deltaJ1                    0.0000000000000000     
 J2                        -1.0000000000000000     
 J3                         1.0000000000000000     
 phi, xi                        2.0000000000000000        3.0000000000000000     
 impurity conc.             0.0000000000000000     
 impurity mode           RAN
 start                   STR
 stripe axis             X
 sampler mode            PT   
 update order            SEQ
 temperature protocol    INDEP
 PT start mode           COMMON
 PT ladder mode          LINEAR
 PT replicas                       64
 PT swap every                      5
 PT measure index                   1
 disorder configurations            2
 equilibration steps          1000000
 measurement steps             500000
 RNG seed                        9229
 ------------------------
 disorder configurations processed            2
    T      [<mag>]      [<mag>^2]      std.mag/sqrt(iconf)      [<susc>] .     std.susc/sqrt(iconf)      [<Binder>]      std.bin/sqrt(iconf) [log <mag>]  Global.Binder
 0.800000E+01 0.146068E-02 0.213369E-05 0.742768E-05 0.266884E-01 0.338665E-03 0.256456E-02 0.194504E-02 -.652888E+01 0.223323E-02
 0.805556E+01 0.146676E-02 0.215148E-05 0.709707E-05 0.267591E-01 0.222629E-03 0.164247E-02 0.699860E-03 -.652472E+01 0.149977E-02
 0.811111E+01 0.147299E-02 0.216978E-05 0.611977E-05 0.268737E-01 0.228348E-03 -.121529E-02 0.523523E-03 -.652048E+01 -.137336E-02
 0.816667E+01 0.148316E-02 0.219982E-05 0.602245E-05 0.270034E-01 0.223824E-03 0.232287E-03 0.282065E-03 -.651360E+01 0.892005E-04
 0.822222E+01 0.149129E-02 0.222401E-05 0.500831E-05 0.270884E-01 0.145539E-03 -.218051E-03 0.703989E-03 -.650812E+01 -.278118E-03
 0.827778E+01 0.149706E-02 0.224127E-05 0.614341E-05 0.271617E-01 0.190777E-03 -.986183E-03 0.209517E-02 -.650427E+01 -.104209E-02
 0.833333E+01 0.150674E-02 0.227030E-05 0.457820E-05 0.273017E-01 0.164131E-03 0.107032E-02 0.120116E-02 -.649782E+01 0.102620E-02
 0.838889E+01 0.151276E-02 0.228847E-05 0.397097E-05 0.273642E-01 0.713980E-04 -.747474E-03 0.245303E-02 -.649383E+01 -.742215E-03
 0.844444E+01 0.152452E-02 0.232416E-05 0.159293E-05 0.275719E-01 0.717887E-04 -.910489E-03 0.700383E-04 -.648608E+01 -.920225E-03
 0.850000E+01 0.153111E-02 0.234431E-05 0.212071E-05 0.276092E-01 0.476395E-04 0.212397E-02 0.533746E-03 -.648176E+01 0.211766E-02
 0.855556E+01 0.153636E-02 0.236041E-05 0.269018E-05 0.276882E-01 0.983206E-04 -.274758E-02 0.430471E-03 -.647834E+01 -.276637E-02
 0.861111E+01 0.154618E-02 0.239069E-05 0.289818E-05 0.277157E-01 0.115723E-03 0.439179E-02 0.548066E-03 -.647197E+01 0.437001E-02
 0.866667E+01 0.155146E-02 0.240703E-05 0.811488E-07 0.279023E-01 0.167202E-04 -.184887E-02 0.466363E-03 -.646856E+01 -.184920E-02
 0.872222E+01 0.156019E-02 0.243419E-05 0.110349E-05 0.279398E-01 0.330528E-04 0.182423E-02 0.438406E-03 -.646295E+01 0.182303E-02
 0.877778E+01 0.156636E-02 0.245349E-05 0.669492E-06 0.279340E-01 0.491083E-05 0.140991E-02 0.182553E-02 -.645900E+01 0.141362E-02
 0.883333E+01 0.157237E-02 0.247234E-05 0.311517E-06 0.280311E-01 0.123694E-04 0.118347E-02 0.664056E-03 -.645517E+01 0.118203E-02
 0.888889E+01 0.157924E-02 0.249399E-05 0.145285E-05 0.281357E-01 0.670130E-04 -.505977E-03 0.677516E-03 -.645082E+01 -.519799E-03
 0.894444E+01 0.158655E-02 0.251713E-05 0.402676E-06 0.282438E-01 0.383803E-04 -.219849E-02 0.811354E-03 -.644620E+01 -.220248E-02
 0.900000E+01 0.159386E-02 0.254039E-05 0.189119E-05 0.283238E-01 0.637138E-04 -.660086E-03 0.354390E-04 -.644160E+01 -.671264E-03
 0.905556E+01 0.159906E-02 0.255702E-05 0.394118E-05 0.283212E-01 0.159801E-03 -.111024E-02 0.456929E-03 -.643835E+01 -.117363E-02
 0.911111E+01 0.160274E-02 0.256881E-05 0.301443E-05 0.283265E-01 0.870405E-04 -.112686E-02 0.951064E-03 -.643604E+01 -.113818E-02
 0.916667E+01 0.161163E-02 0.259737E-05 0.289866E-05 0.284604E-01 0.132521E-03 -.144729E-02 0.100025E-02 -.643051E+01 -.149499E-02
 0.922222E+01 0.161768E-02 0.261691E-05 0.314079E-05 0.284819E-01 0.857346E-04 -.104401E-02 0.550034E-03 -.642677E+01 -.106161E-02
 0.927778E+01 0.162494E-02 0.264048E-05 0.473582E-05 0.285405E-01 0.123117E-03 0.780269E-04 0.308967E-02 -.642229E+01 0.875446E-04
 0.933333E+01 0.162801E-02 0.265045E-05 0.365234E-05 0.284456E-01 0.155622E-03 0.938825E-03 0.170627E-02 -.642040E+01 0.858873E-03
 0.938889E+01 0.163577E-02 0.267581E-05 0.525937E-05 0.286118E-01 0.134841E-03 -.736637E-03 0.250200E-02 -.641565E+01 -.745995E-03
 0.944444E+01 0.164293E-02 0.269924E-05 0.333502E-05 0.286176E-01 0.970944E-04 0.925892E-03 0.811787E-03 -.641128E+01 0.909167E-03
 0.950000E+01 0.164537E-02 0.270727E-05 0.415861E-05 0.285886E-01 0.184450E-03 -.869168E-03 0.119009E-02 -.640980E+01 -.957591E-03
 0.955556E+01 0.165254E-02 0.273091E-05 0.383723E-05 0.286903E-01 0.142568E-03 -.205158E-02 0.207037E-03 -.640545E+01 -.209309E-02
 0.961111E+01 0.165711E-02 0.274606E-05 0.420512E-05 0.287078E-01 0.150482E-03 -.881643E-03 0.583527E-03 -.640269E+01 -.922456E-03
 0.966667E+01 0.166456E-02 0.277081E-05 0.464137E-05 0.287441E-01 0.195356E-03 0.109232E-02 0.760822E-03 -.639820E+01 0.100160E-02
 0.972222E+01 0.167032E-02 0.279002E-05 0.532094E-05 0.287900E-01 0.181140E-03 0.703214E-03 0.466681E-03 -.639475E+01 0.634663E-03
 0.977778E+01 0.167400E-02 0.280231E-05 0.502844E-05 0.286713E-01 0.197562E-03 0.232195E-02 0.289824E-03 -.639255E+01 0.223471E-02
 0.983333E+01 0.168182E-02 0.282854E-05 0.428836E-05 0.287583E-01 0.121548E-03 0.244121E-02 0.107807E-02 -.638789E+01 0.241619E-02
 0.988889E+01 0.168578E-02 0.284193E-05 0.558177E-05 0.288036E-01 0.212679E-03 -.117655E-02 0.215226E-03 -.638554E+01 -.127779E-02
 0.994444E+01 0.169002E-02 0.285621E-05 0.416295E-05 0.287594E-01 0.908282E-04 0.277790E-02 0.131017E-03 -.638302E+01 0.274354E-02
 0.100000E+02 0.169456E-02 0.287159E-05 0.536945E-05 0.288593E-01 0.207058E-03 -.106449E-02 0.251309E-03 -.638034E+01 -.115950E-02
 0.100556E+02 0.169929E-02 0.288764E-05 0.521429E-05 0.287843E-01 0.175507E-03 0.195043E-02 0.668239E-04 -.637755E+01 0.187724E-02
 0.101111E+02 0.170414E-02 0.290415E-05 0.543989E-05 0.287825E-01 0.199135E-03 -.168237E-02 0.352902E-03 -.637471E+01 -.175978E-02
 0.101667E+02 0.171154E-02 0.292946E-05 0.622449E-05 0.288715E-01 0.229127E-03 0.141994E-02 0.449602E-03 -.637037E+01 0.129367E-02
 0.102222E+02 0.171398E-02 0.293781E-05 0.592752E-05 0.288447E-01 0.203610E-03 0.203668E-03 0.251346E-03 -.636895E+01 0.995688E-04
 0.102778E+02 0.172075E-02 0.296100E-05 0.382346E-05 0.289407E-01 0.160746E-03 -.126447E-02 0.484532E-03 -.636500E+01 -.132093E-02
 0.103333E+02 0.172386E-02 0.297174E-05 0.484357E-05 0.288161E-01 0.138667E-03 0.516279E-03 0.102446E-02 -.636320E+01 0.481399E-03
 0.103889E+02 0.172880E-02 0.298888E-05 0.784125E-05 0.288628E-01 0.284007E-03 -.104669E-02 0.114634E-02 -.636035E+01 -.126461E-02
 0.104444E+02 0.173361E-02 0.300543E-05 0.379331E-05 0.288035E-01 0.166283E-03 0.261254E-02 0.642418E-03 -.635756E+01 0.255242E-02
 0.105000E+02 0.173598E-02 0.301366E-05 0.443015E-05 0.288115E-01 0.138423E-03 -.577532E-03 0.776972E-03 -.635619E+01 -.642984E-03
 0.105556E+02 0.174391E-02 0.304125E-05 0.402455E-05 0.288809E-01 0.164525E-03 -.455027E-03 0.161279E-02 -.635163E+01 -.537527E-03
 0.106111E+02 0.174720E-02 0.305279E-05 0.683226E-05 0.287904E-01 0.207018E-03 0.263042E-02 0.330569E-04 -.634976E+01 0.251444E-02
 0.106667E+02 0.175010E-02 0.306291E-05 0.578431E-05 0.288463E-01 0.199595E-03 -.209568E-02 0.537823E-03 -.634809E+01 -.217179E-02
 0.107222E+02 0.175437E-02 0.307788E-05 0.635753E-05 0.288323E-01 0.264015E-03 -.420035E-04 0.778018E-03 -.634566E+01 -.192883E-03
 0.107778E+02 0.175878E-02 0.309333E-05 0.385483E-05 0.287363E-01 0.120753E-03 0.231561E-02 0.342040E-03 -.634314E+01 0.227250E-02
 0.108333E+02 0.176332E-02 0.310937E-05 0.619199E-05 0.287686E-01 0.208329E-03 -.424698E-04 0.978712E-03 -.634057E+01 -.171166E-03
 0.108889E+02 0.176631E-02 0.311988E-05 0.418667E-05 0.287186E-01 0.725009E-04 0.265425E-03 0.212918E-02 -.633887E+01 0.267976E-03
 0.109444E+02 0.177155E-02 0.313848E-05 0.627434E-05 0.287175E-01 0.211684E-03 0.244901E-02 0.432445E-03 -.633591E+01 0.233350E-02
 0.110000E+02 0.177163E-02 0.313872E-05 0.480170E-05 0.286228E-01 0.177435E-03 -.138688E-02 0.167084E-02 -.633586E+01 -.149015E-02
 0.110556E+02 0.177908E-02 0.316517E-05 0.499493E-05 0.287532E-01 0.197980E-03 -.418984E-02 0.150723E-02 -.633167E+01 -.430065E-02
 0.111111E+02 0.178201E-02 0.317559E-05 0.294271E-05 0.286864E-01 0.110424E-03 -.206492E-02 0.611237E-03 -.633001E+01 -.209806E-02
 0.111667E+02 0.178527E-02 0.318723E-05 0.460977E-05 0.285649E-01 0.157617E-03 0.148982E-02 0.680052E-04 -.632819E+01 0.143244E-02
 0.112222E+02 0.179112E-02 0.320819E-05 0.586372E-05 0.286332E-01 0.160123E-03 0.182951E-02 0.101383E-03 -.632492E+01 0.175024E-02
 0.112778E+02 0.178951E-02 0.320241E-05 0.537132E-05 0.284432E-01 0.201459E-03 0.586893E-03 0.108342E-02 -.632582E+01 0.477429E-03
 0.113333E+02 0.179459E-02 0.322056E-05 0.359189E-05 0.285267E-01 0.108670E-03 -.639604E-03 0.514315E-03 -.632299E+01 -.662464E-03
 0.113889E+02 0.179890E-02 0.323606E-05 0.446955E-05 0.284542E-01 0.103739E-03 0.622986E-03 0.154103E-02 -.632059E+01 0.610385E-03
 0.114444E+02 0.180073E-02 0.324270E-05 0.499885E-05 0.283701E-01 0.166405E-03 0.217261E-02 0.674460E-03 -.631957E+01 0.212383E-02
 0.115000E+02 0.180325E-02 0.325177E-05 0.537277E-05 0.283283E-01 0.181480E-03 0.130718E-02 0.473753E-03 -.631817E+01 0.122073E-02
