# Temperature =   0.8000000000000000E+01
# disorder configuration = 1
# stripe magnitudes =   0.2931309800000240E+00   0.1328481400000025E+00
# expected mean locnem =  -0.2731085725372568E+00
# measured mean locnem =  -0.3210234400000000E+00
# ix iy iz isite occu <s(isite)> <locnem(isite)>
     0      0      0      0   1  -0.5020000000E-02  -0.1857560000E+01
     1      0      0      1   1   0.3640000000E-02  -0.2599180000E+01
     2      0      0      2   1  -0.4260000000E-02  -0.1635800000E+01
     3      0      0      3   1  -0.1740000000E-02  -0.2243400000E+00
     4      0      0      4   1   0.5600000000E-03   0.1658000000E+00
     5      0      0      5   1  -0.2260000000E-02   0.3855400000E+00
     6      0      0      6   1  -0.1460000000E-02  -0.3442200000E+00
     7      0      0      7   1  -0.9200000000E-03  -0.1054600000E+01
     8      0      0      8   1  -0.1740000000E-02  -0.1168120000E+01
     9      0      0      9   1   0.2120000000E-02  -0.1056620000E+01
     0      1      0     10   1  -0.5080000000E-02  -0.1958200000E+01
     1      1      0     11   1   0.4240000000E-02  -0.2717560000E+01
     2      1      0     12   1  -0.3140000000E-02  -0.1482660000E+01
     3      1      0     13   1  -0.1180000000E-02  -0.2117800000E+00
     4      1      0     14   1  -0.2260000000E-02  -0.6783200000E+00
     5      1      0     15   1  -0.4900000000E-02  -0.4450000000E+00
     6      1      0     16   1  -0.3140000000E-02  -0.1128020000E+01
     7      1      0     17   1   0.4220000000E-02  -0.1607160000E+01
     8      1      0     18   1  -0.8600000000E-03  -0.1415020000E+01
     9      1      0     19   1   0.3380000000E-02  -0.7638000000E+00
     0      2      0     20   1  -0.8800000000E-02  -0.1959420000E+01
     1      2      0     21   1   0.8060000000E-02  -0.2664640000E+01
     2      2      0     22   1  -0.5020000000E-02  -0.1622420000E+01
     3      2      0     23   1  -0.5200000000E-03  -0.1395280000E+01
     4      2      0     24   1  -0.5840000000E-02  -0.2025300000E+01
     5      2      0     25   1   0.1180000000E-02  -0.1358740000E+01
     6      2      0     26   1  -0.3400000000E-02  -0.1168440000E+01
     7      2      0     27   1  -0.2400000000E-03  -0.6446000000E+00
     8      2      0     28   1  -0.4800000000E-02  -0.1568800000E+00
     9      2      0     29   1  -0.3500000000E-02   0.3177600000E+00
     0      3      0     30   1  -0.9100000000E-02  -0.1790500000E+01
     1      3      0     31   1   0.7220000000E-02  -0.2964400000E+01
     2      3      0     32   1  -0.7300000000E-02  -0.2864720000E+01
     3      3      0     33   1   0.3960000000E-02  -0.2964180000E+01
     4      3      0     34   1  -0.8460000000E-02  -0.3063820000E+01
     5      3      0     35   1   0.8520000000E-02  -0.2492680000E+01
     6      3      0     36   1  -0.3840000000E-02  -0.1265960000E+01
     7      3      0     37   1   0.2180000000E-02   0.2422800000E+00
     8      3      0     38   1   0.8000000000E-04   0.4398000000E+00
     9      3      0     39   1   0.1060000000E-02   0.7784000000E+00
     0      4      0     40   1  -0.8100000000E-02  -0.2102240000E+01
     1      4      0     41   1   0.6900000000E-02  -0.3280980000E+01
     2      4      0     42   1  -0.6160000000E-02  -0.3447340000E+01
     3      4      0     43   1   0.8540000000E-02  -0.3326300000E+01
     4      4      0     44   1  -0.7660000000E-02  -0.3026600000E+01
     5      4      0     45   1   0.6080000000E-02  -0.2605380000E+01
     6      4      0     46   1  -0.8140000000E-02  -0.1405040000E+01
     7      4      0     47   1   0.1040000000E-02   0.3652000000E+00
     8      4      0     48   1   0.2400000000E-03   0.8304800000E+00
     9      4      0     49   1   0.4320000000E-02   0.7950400000E+00
     0      5      0     50   1  -0.6880000000E-02  -0.1765120000E+01
     1      5      0     51   1   0.6740000000E-02  -0.3217540000E+01
     2      5      0     52   1  -0.4360000000E-02  -0.3545260000E+01
     3      5      0     53   1   0.8400000000E-02  -0.3208060000E+01
     4      5      0     54   1  -0.8800000000E-03  -0.2332080000E+01
     5      5      0     55   1   0.7180000000E-02  -0.2070980000E+01
     6      5      0     56   1  -0.6080000000E-02  -0.1472540000E+01
     7      5      0     57   1   0.6560000000E-02   0.1115000000E+00
     8      5      0     58   1  -0.1040000000E-02   0.1516360000E+01
     9      5      0     59   1  -0.4800000000E-03   0.1480740000E+01
     0      6      0     60   1  -0.6840000000E-02  -0.1241840000E+01
     1      6      0     61   1   0.4520000000E-02  -0.2892000000E+01
     2      6      0     62   1  -0.5760000000E-02  -0.3334780000E+01
     3      6      0     63   1   0.7120000000E-02  -0.2756080000E+01
     4      6      0     64   1  -0.5360000000E-02  -0.1721640000E+01
     5      6      0     65   1   0.5900000000E-02  -0.1609560000E+01
     6      6      0     66   1  -0.3780000000E-02  -0.6328600000E+00
     7      6      0     67   1   0.1660000000E-02   0.1254980000E+01
     8      6      0     68   1   0.3960000000E-02   0.2596280000E+01
     9      6      0     69   1   0.4020000000E-02   0.2144380000E+01
     0      7      0     70   1  -0.5460000000E-02  -0.8933600000E+00
     1      7      0     71   1   0.7580000000E-02  -0.2618480000E+01
     2      7      0     72   1  -0.8500000000E-02  -0.2955140000E+01
     3      7      0     73   1   0.2000000000E-02  -0.1884720000E+01
     4      7      0     74   1  -0.6460000000E-02  -0.7500600000E+00
     5      7      0     75   1   0.1028000000E-01  -0.7272600000E+00
     6      7      0     76   1  -0.3460000000E-02   0.7786200000E+00
     7      7      0     77   1  -0.8000000000E-04   0.2531020000E+01
     8      7      0     78   1  -0.4480000000E-02   0.3183960000E+01
     9      7      0     79   1  -0.1340000000E-02   0.2510620000E+01
     0      8      0     80   1  -0.5880000000E-02  -0.1368240000E+01
     1      8      0     81   1   0.9560000000E-02  -0.2991400000E+01
     2      8      0     82   1  -0.4880000000E-02  -0.2838620000E+01
     3      8      0     83   1   0.3440000000E-02  -0.1243080000E+01
     4      8      0     84   1  -0.5860000000E-02   0.3188000000E+00
     5      8      0     85   1  -0.6800000000E-03   0.6210400000E+00
     6      8      0     86   1  -0.2400000000E-03   0.1631420000E+01
     7      8      0     87   1   0.4820000000E-02   0.2960480000E+01
     8      8      0     88   1   0.3900000000E-02   0.3339500000E+01
     9      8      0     89   1   0.4420000000E-02   0.2500600000E+01
     0      9      0     90   1  -0.6360000000E-02  -0.1852080000E+01
     1      9      0     91   1   0.5940000000E-02  -0.2999480000E+01
     2      9      0     92   1  -0.8160000000E-02  -0.2431580000E+01
     3      9      0     93   1   0.4380000000E-02  -0.1142240000E+01
     4      9      0     94   1  -0.5300000000E-02   0.2357800000E+00
     5      9      0     95   1  -0.3740000000E-02   0.1403620000E+01
     6      9      0     96   1  -0.1700000000E-02   0.1911060000E+01
     7      9      0     97   1  -0.4540000000E-02   0.2279180000E+01
     8      9      0     98   1  -0.4200000000E-03   0.2413020000E+01
     9      9      0     99   1   0.9200000000E-03   0.1349440000E+01
     0      0      1    100   1  -0.2620000000E-02  -0.1785220000E+01
     1      0      1    101   1   0.1980000000E-02  -0.9636600000E+00
     2      0      1    102   1  -0.4840000000E-02  -0.1856400000E+00
     3      0      1    103   1   0.3520000000E-02   0.1122740000E+01
     4      0      1    104   1  -0.8600000000E-03   0.1579300000E+01
     5      0      1    105   1   0.1160000000E-02   0.1378640000E+01
     6      0      1    106   1  -0.1860000000E-02   0.1655600000E+00
     7      0      1    107   1   0.2440000000E-02   0.1323200000E+00
     8      0      1    108   1   0.2520000000E-02   0.3933200000E+00
     9      0      1    109   1   0.2280000000E-02  -0.8202400000E+00
     0      1      1    110   1  -0.1980000000E-02  -0.1822740000E+01
     1      1      1    111   1   0.4000000000E-04  -0.7296400000E+00
     2      1      1    112   1  -0.4020000000E-02   0.4447600000E+00
     3      1      1    113   1  -0.1380000000E-02   0.6011200000E+00
     4      1      1    114   1  -0.4000000000E-02   0.7866800000E+00
     5      1      1    115   1   0.1740000000E-02   0.5917400000E+00
     6      1      1    116   1  -0.9800000000E-03  -0.2396000000E+00
     7      1      1    117   1   0.1800000000E-03   0.2194200000E+00
     8      1      1    118   1   0.4180000000E-02   0.2741000000E+00
     9      1      1    119   1   0.3720000000E-02  -0.5674600000E+00
     0      2      1    120   1  -0.3480000000E-02  -0.1973220000E+01
     1      2      1    121   1   0.5860000000E-02  -0.2003760000E+01
     2      2      1    122   1  -0.5800000000E-03  -0.1278080000E+01
     3      2      1    123   1   0.5460000000E-02  -0.1107040000E+01
     4      2      1    124   1  -0.3000000000E-03  -0.5393200000E+00
     5      2      1    125   1  -0.9200000000E-03   0.3190200000E+00
     6      2      1    126   1  -0.4380000000E-02   0.6086000000E+00
     7      2      1    127   1   0.1420000000E-02   0.1314340000E+01
     8      2      1    128   1   0.1280000000E-02   0.1010740000E+01
     9      2      1    129   1   0.5800000000E-03   0.1477200000E+00
     0      3      1    130   1  -0.3920000000E-02  -0.2381580000E+01
     1      3      1    131   1   0.6420000000E-02  -0.3029560000E+01
     2      3      1    132   1  -0.5140000000E-02  -0.2765240000E+01
     3      3      1    133   1   0.4660000000E-02  -0.2502960000E+01
     4      3      1    134   1  -0.4220000000E-02  -0.2185720000E+01
     5      3      1    135   1   0.2880000000E-02  -0.5345400000E+00
     6      3      1    136   1   0.4720000000E-02   0.1125980000E+01
     7      3      1    137   1   0.3900000000E-02   0.1769740000E+01
     8      3      1    138   1   0.1600000000E-02   0.1466320000E+01
     9      3      1    139   1   0.1600000000E-02   0.1057400000E+00
     0      4      1    140   1  -0.4680000000E-02  -0.2683820000E+01
     1      4      1    141   1   0.4280000000E-02  -0.3503200000E+01
     2      4      1    142   1  -0.4980000000E-02  -0.3474900000E+01
     3      4      1    143   1   0.5300000000E-02  -0.3350240000E+01
     4      4      1    144   1  -0.4360000000E-02  -0.2926120000E+01
     5      4      1    145   1   0.5280000000E-02  -0.1242380000E+01
     6      4      1    146   1  -0.1980000000E-02   0.7063400000E+00
     7      4      1    147   1  -0.4120000000E-02   0.8981200000E+00
     8      4      1    148   1  -0.6200000000E-03   0.1372820000E+01
     9      4      1    149   1   0.3440000000E-02   0.4145400000E+00
     0      5      1    150   1  -0.7700000000E-02  -0.2502740000E+01
     1      5      1    151   1   0.6400000000E-02  -0.3577040000E+01
     2      5      1    152   1  -0.5860000000E-02  -0.3685280000E+01
     3      5      1    153   1   0.6120000000E-02  -0.3631620000E+01
     4      5      1    154   1  -0.5120000000E-02  -0.3218500000E+01
     5      5      1    155   1   0.3080000000E-02  -0.2003760000E+01
     6      5      1    156   1  -0.1500000000E-02  -0.1183400000E+00
     7      5      1    157   1   0.1400000000E-03   0.5075000000E+00
     8      5      1    158   1  -0.3740000000E-02   0.2101960000E+01
     9      5      1    159   1  -0.2880000000E-02   0.1509000000E+01
     0      6      1    160   1  -0.7340000000E-02  -0.2194200000E+01
     1      6      1    161   1   0.7640000000E-02  -0.3465640000E+01
     2      6      1    162   1  -0.6700000000E-02  -0.3647740000E+01
     3      6      1    163   1   0.5020000000E-02  -0.3519180000E+01
     4      6      1    164   1  -0.6020000000E-02  -0.3056380000E+01
     5      6      1    165   1   0.4860000000E-02  -0.2117240000E+01
     6      6      1    166   1  -0.5380000000E-02  -0.5228200000E+00
     7      6      1    167   1   0.1940000000E-02  -0.4164000000E-01
     8      6      1    168   1   0.4160000000E-02   0.2039440000E+01
     9      6      1    169   1   0.3120000000E-02   0.2054180000E+01
     0      7      1    170   1  -0.6500000000E-02  -0.2302080000E+01
     1      7      1    171   1   0.6920000000E-02  -0.3528040000E+01
     2      7      1    172   1  -0.7300000000E-02  -0.3532040000E+01
     3      7      1    173   1   0.5340000000E-02  -0.3032680000E+01
     4      7      1    174   1  -0.2820000000E-02  -0.2101240000E+01
     5      7      1    175   1   0.3360000000E-02  -0.1042020000E+01
     6      7      1    176   1  -0.7360000000E-02   0.9958000000E-01
     7      7      1    177   1  -0.1040000000E-02   0.1240260000E+01
     8      7      1    178   1  -0.1560000000E-02   0.2687900000E+01
     9      7      1    179   1  -0.4640000000E-02   0.2182720000E+01
     0      8      1    180   1  -0.7100000000E-02  -0.2324300000E+01
     1      8      1    181   1   0.7560000000E-02  -0.3436300000E+01
     2      8      1    182   1  -0.6720000000E-02  -0.3045400000E+01
     3      8      1    183   1   0.2780000000E-02  -0.1884000000E+01
     4      8      1    184   1   0.9200000000E-03  -0.2920000000E+00
     5      8      1    185   1   0.4620000000E-02   0.6705800000E+00
     6      8      1    186   1   0.2560000000E-02   0.1108920000E+01
     7      8      1    187   1   0.1640000000E-02   0.2630580000E+01
     8      8      1    188   1   0.2340000000E-02   0.3285600000E+01
     9      8      1    189   1   0.4200000000E-03   0.2341580000E+01
     0      9      1    190   1  -0.6820000000E-02  -0.2008820000E+01
     1      9      1    191   1   0.7240000000E-02  -0.2654800000E+01
     2      9      1    192   1  -0.7320000000E-02  -0.1938180000E+01
     3      9      1    193   1  -0.6200000000E-03  -0.2491600000E+00
     4      9      1    194   1  -0.1380000000E-02   0.9724600000E+00
     5      9      1    195   1  -0.3540000000E-02   0.1816460000E+01
     6      9      1    196   1  -0.3100000000E-02   0.1867440000E+01
     7      9      1    197   1  -0.2560000000E-02   0.2470000000E+01
     8      9      1    198   1  -0.1420000000E-02   0.2815840000E+01
     9      9      1    199   1  -0.2900000000E-02   0.1538860000E+01
     0      0      2    200   1  -0.9920000000E-02  -0.1068540000E+01
     1      0      2    201   1   0.6000000000E-04  -0.6745000000E+00
     2      0      2    202   1  -0.4160000000E-02  -0.1756000000E+00
     3      0      2    203   1   0.4000000000E-03   0.5916000000E-01
     4      0      2    204   1   0.1500000000E-02   0.1538920000E+01
     5      0      2    205   1  -0.1360000000E-02   0.1475220000E+01
     6      0      2    206   1   0.2600000000E-03   0.1119020000E+01
     7      0      2    207   1  -0.3200000000E-02   0.1421600000E+01
     8      0      2    208   1  -0.4920000000E-02   0.6077400000E+00
     9      0      2    209   1   0.2240000000E-02  -0.1652400000E+00
     0      1      2    210   1  -0.6240000000E-02  -0.4426200000E+00
     1      1      2    211   1  -0.6000000000E-03  -0.6006600000E+00
     2      1      2    212   1  -0.3260000000E-02  -0.5175200000E+00
     3      1      2    213   1   0.3160000000E-02  -0.1402200000E+00
     4      1      2    214   1   0.1080000000E-02   0.1060020000E+01
     5      1      2    215   1   0.1320000000E-02   0.1809420000E+01
     6      1      2    216   1   0.3520000000E-02   0.1593600000E+01
     7      1      2    217   1   0.2640000000E-02   0.1122480000E+01
     8      1      2    218   1   0.2180000000E-02   0.3326400000E+00
     9      1      2    219   1   0.3820000000E-02  -0.2106000000E-01
     0      2      2    220   1  -0.9200000000E-03  -0.1095120000E+01
     1      2      2    221   1   0.6500000000E-02  -0.1888600000E+01
     2      2      2    222   1  -0.2400000000E-02  -0.1518100000E+01
     3      2      2    223   1   0.2440000000E-02  -0.9203800000E+00
     4      2      2    224   1  -0.2280000000E-02  -0.3317800000E+00
     5      2      2    225   1  -0.2420000000E-02   0.1559120000E+01
     6      2      2    226   1   0.5400000000E-03   0.2015660000E+01
     7      2      2    227   1  -0.6420000000E-02   0.1117220000E+01
     8      2      2    228   1  -0.7400000000E-03   0.2250000000E+00
     9      2      2    229   1   0.2120000000E-02  -0.2771200000E+00
     0      3      2    230   1  -0.3340000000E-02  -0.1697440000E+01
     1      3      2    231   1   0.6240000000E-02  -0.2754820000E+01
     2      3      2    232   1  -0.6540000000E-02  -0.2204120000E+01
     3      3      2    233   1   0.5000000000E-03  -0.1619460000E+01
     4      3      2    234   1  -0.4080000000E-02  -0.1376180000E+01
     5      3      2    235   1  -0.5980000000E-02   0.5668000000E+00
     6      3      2    236   1   0.1460000000E-02   0.2081780000E+01
     7      3      2    237   1   0.1260000000E-02   0.2095500000E+01
     8      3      2    238   1   0.5720000000E-02   0.1024800000E+01
     9      3      2    239   1   0.1840000000E-02  -0.1988000000E+00
     0      4      2    240   1  -0.4280000000E-02  -0.1989760000E+01
     1      4      2    241   1   0.3840000000E-02  -0.3174060000E+01
     2      4      2    242   1  -0.2740000000E-02  -0.2662440000E+01
     3      4      2    243   1   0.2840000000E-02  -0.2276860000E+01
     4      4      2    244   1  -0.4260000000E-02  -0.2177340000E+01
     5      4      2    245   1   0.4200000000E-02  -0.6162800000E+00
     6      4      2    246   1  -0.4000000000E-03   0.1717700000E+01
     7      4      2    247   1   0.2460000000E-02   0.2504640000E+01
     8      4      2    248   1   0.4320000000E-02   0.2260200000E+01
     9      4      2    249   1   0.3300000000E-02   0.1118600000E+01
     0      5      2    250   1  -0.3520000000E-02  -0.2089680000E+01
     1      5      2    251   1   0.5440000000E-02  -0.3397540000E+01
     2      5      2    252   1  -0.6900000000E-02  -0.3256140000E+01
     3      5      2    253   1   0.3840000000E-02  -0.2755260000E+01
     4      5      2    254   1  -0.3660000000E-02  -0.2361940000E+01
     5      5      2    255   1   0.5080000000E-02  -0.8708800000E+00
     6      5      2    256   1  -0.4660000000E-02   0.1568500000E+01
     7      5      2    257   1  -0.3180000000E-02   0.2051960000E+01
     8      5      2    258   1  -0.6800000000E-02   0.2438860000E+01
     9      5      2    259   1  -0.5960000000E-02   0.1823060000E+01
     0      6      2    260   1  -0.3400000000E-02  -0.2350180000E+01
     1      6      2    261   1   0.5880000000E-02  -0.3556660000E+01
     2      6      2    262   1  -0.5720000000E-02  -0.3514660000E+01
     3      6      2    263   1   0.4660000000E-02  -0.2698720000E+01
     4      6      2    264   1  -0.2760000000E-02  -0.1937960000E+01
     5      6      2    265   1   0.5400000000E-02  -0.8796600000E+00
     6      6      2    266   1   0.2360000000E-02   0.8244600000E+00
     7      6      2    267   1   0.3720000000E-02   0.8717600000E+00
     8      6      2    268   1   0.2040000000E-02   0.1641500000E+01
     9      6      2    269   1   0.6400000000E-02   0.1681140000E+01
     0      7      2    270   1  -0.3380000000E-02  -0.2619360000E+01
     1      7      2    271   1   0.5940000000E-02  -0.3669640000E+01
     2      7      2    272   1  -0.6100000000E-02  -0.3384540000E+01
     3      7      2    273   1   0.1440000000E-02  -0.1945460000E+01
     4      7      2    274   1  -0.1160000000E-02  -0.8877600000E+00
     5      7      2    275   1   0.3860000000E-02  -0.2889000000E+00
     6      7      2    276   1  -0.3320000000E-02  -0.1745400000E+00
     7      7      2    277   1  -0.1300000000E-02   0.5561400000E+00
     8      7      2    278   1  -0.8600000000E-03   0.1677480000E+01
     9      7      2    279   1  -0.1540000000E-02   0.1623280000E+01
     0      8      2    280   1  -0.7920000000E-02  -0.2563700000E+01
     1      8      2    281   1   0.4360000000E-02  -0.3658480000E+01
     2      8      2    282   1  -0.5240000000E-02  -0.3155440000E+01
     3      8      2    283   1   0.1940000000E-02  -0.1330880000E+01
     4      8      2    284   1   0.1140000000E-02  -0.3062800000E+00
     5      8      2    285   1   0.1180000000E-02   0.1052400000E+00
     6      8      2    286   1  -0.1100000000E-02   0.2892400000E+00
     7      8      2    287   1   0.2800000000E-02   0.1866260000E+01
     8      8      2    288   1   0.2240000000E-02   0.2704700000E+01
     9      8      2    289   1   0.2160000000E-02   0.2010240000E+01
     0      9      2    290   1  -0.7760000000E-02  -0.2131480000E+01
     1      9      2    291   1   0.5660000000E-02  -0.2966340000E+01
     2      9      2    292   1  -0.5120000000E-02  -0.2451600000E+01
     3      9      2    293   1   0.4460000000E-02  -0.1270220000E+01
     4      9      2    294   1   0.2560000000E-02   0.2736400000E+00
     5      9      2    295   1  -0.2620000000E-02   0.7823600000E+00
     6      9      2    296   1  -0.5180000000E-02   0.1334800000E+01
     7      9      2    297   1  -0.1500000000E-02   0.2464660000E+01
     8      9      2    298   1  -0.8000000000E-04   0.2567280000E+01
     9      9      2    299   1  -0.4260000000E-02   0.1537600000E+01
     0      0      3    300   1  -0.6000000000E-02  -0.5230600000E+00
     1      0      3    301   1  -0.6000000000E-03   0.5279200000E+00
     2      0      3    302   1   0.1640000000E-02  -0.6624000000E-01
     3      0      3    303   1   0.8780000000E-02   0.2156800000E+00
     4      0      3    304   1   0.2120000000E-02   0.1620020000E+01
     5      0      3    305   1   0.2980000000E-02   0.2365060000E+01
     6      0      3    306   1   0.2300000000E-02   0.2456440000E+01
     7      0      3    307   1   0.2620000000E-02   0.1877320000E+01
     8      0      3    308   1   0.8000000000E-03   0.7005200000E+00
     9      0      3    309   1   0.4540000000E-02   0.3660000000E+00
     0      1      3    310   1   0.8000000000E-04  -0.8360800000E+00
     1      1      3    311   1  -0.1380000000E-02   0.4082800000E+00
     2      1      3    312   1  -0.2500000000E-02  -0.8527800000E+00
     3      1      3    313   1   0.2140000000E-02  -0.1330560000E+01
     4      1      3    314   1  -0.3260000000E-02  -0.3739800000E+00
     5      1      3    315   1  -0.5020000000E-02   0.1277900000E+01
     6      1      3    316   1  -0.3200000000E-03   0.2003780000E+01
     7      1      3    317   1  -0.4580000000E-02   0.1770780000E+01
     8      1      3    318   1   0.8600000000E-03   0.2084000000E+00
     9      1      3    319   1   0.2400000000E-03  -0.3507800000E+00
     0      2      3    320   1  -0.6220000000E-02  -0.9316200000E+00
     1      2      3    321   1   0.8200000000E-03  -0.1328680000E+01
     2      2      3    322   1   0.6000000000E-04  -0.2050560000E+01
     3      2      3    323   1   0.4860000000E-02  -0.1684860000E+01
     4      2      3    324   1   0.8200000000E-03  -0.1118100000E+01
     5      2      3    325   1  -0.6300000000E-02   0.3990400000E+00
     6      2      3    326   1  -0.4800000000E-03   0.1185980000E+01
     7      2      3    327   1   0.7400000000E-03   0.1984560000E+01
     8      2      3    328   1  -0.2140000000E-02   0.1412960000E+01
     9      2      3    329   1   0.5000000000E-03   0.6296400000E+00
     0      3      3    330   1  -0.3420000000E-02  -0.1189160000E+01
     1      3      3    331   1   0.1500000000E-02  -0.2295720000E+01
     2      3      3    332   1  -0.4540000000E-02  -0.2565180000E+01
     3      3      3    333   1   0.3240000000E-02  -0.2057700000E+01
     4      3      3    334   1  -0.1400000000E-02  -0.1711720000E+01
     5      3      3    335   1   0.5120000000E-02  -0.1275800000E+00
     6      3      3    336   1  -0.1620000000E-02   0.1200600000E+01
     7      3      3    337   1  -0.2000000000E-02   0.2325800000E+01
     8      3      3    338   1  -0.4180000000E-02   0.2252320000E+01
     9      3      3    339   1  -0.3560000000E-02   0.1107020000E+01
     0      4      3    340   1  -0.3040000000E-02  -0.1177080000E+01
     1      4      3    341   1   0.4540000000E-02  -0.2579540000E+01
     2      4      3    342   1  -0.2220000000E-02  -0.2759400000E+01
     3      4      3    343   1   0.4380000000E-02  -0.2300100000E+01
     4      4      3    344   1  -0.6100000000E-02  -0.2195260000E+01
     5      4      3    345   1   0.3220000000E-02  -0.8414000000E+00
     6      4      3    346   1   0.3680000000E-02   0.1916040000E+01
     7      4      3    347   1   0.5300000000E-02   0.2849240000E+01
     8      4      3    348   1   0.4940000000E-02   0.2634160000E+01
     9      4      3    349   1   0.6440000000E-02   0.1654920000E+01
     0      5      3    350   1  -0.5200000000E-02  -0.1396820000E+01
     1      5      3    351   1   0.5860000000E-02  -0.3122140000E+01
     2      5      3    352   1  -0.6620000000E-02  -0.3378840000E+01
     3      5      3    353   1   0.4100000000E-02  -0.2848280000E+01
     4      5      3    354   1   0.1220000000E-02  -0.2456040000E+01
     5      5      3    355   1   0.3300000000E-02  -0.1265140000E+01
     6      5      3    356   1  -0.4600000000E-03   0.1891700000E+01
     7      5      3    357   1  -0.2220000000E-02   0.2752240000E+01
     8      5      3    358   1  -0.1520000000E-02   0.2507080000E+01
     9      5      3    359   1  -0.6020000000E-02   0.1563600000E+01
     0      6      3    360   1   0.1700000000E-02  -0.1757220000E+01
     1      6      3    361   1   0.6260000000E-02  -0.3371300000E+01
     2      6      3    362   1  -0.4660000000E-02  -0.3512660000E+01
     3      6      3    363   1   0.5020000000E-02  -0.2847820000E+01
     4      6      3    364   1  -0.5260000000E-02  -0.1802680000E+01
     5      6      3    365   1   0.3840000000E-02  -0.3172600000E+00
     6      6      3    366   1   0.3380000000E-02   0.1728800000E+01
     7      6      3    367   1   0.0000000000E+00   0.2188720000E+01
     8      6      3    368   1   0.3860000000E-02   0.2164080000E+01
     9      6      3    369   1   0.1000000000E-02   0.1372460000E+01
     0      7      3    370   1  -0.6320000000E-02  -0.2260000000E+01
     1      7      3    371   1   0.6520000000E-02  -0.3386380000E+01
     2      7      3    372   1  -0.5080000000E-02  -0.3153360000E+01
     3      7      3    373   1   0.5440000000E-02  -0.1966480000E+01
     4      7      3    374   1  -0.2720000000E-02  -0.4656000000E-01
     5      7      3    375   1  -0.1320000000E-02   0.6746600000E+00
     6      7      3    376   1  -0.2860000000E-02   0.8528600000E+00
     7      7      3    377   1  -0.5180000000E-02   0.1493640000E+01
     8      7      3    378   1  -0.2440000000E-02   0.1520080000E+01
     9      7      3    379   1  -0.7200000000E-03   0.1120040000E+01
     0      8      3    380   1  -0.6580000000E-02  -0.2298360000E+01
     1      8      3    381   1   0.5200000000E-02  -0.3211980000E+01
     2      8      3    382   1  -0.5060000000E-02  -0.2728380000E+01
     3      8      3    383   1   0.2500000000E-02  -0.1051420000E+01
     4      8      3    384   1  -0.2020000000E-02   0.8529800000E+00
     5      8      3    385   1   0.3360000000E-02   0.4355800000E+00
     6      8      3    386   1  -0.3140000000E-02  -0.2162800000E+00
     7      8      3    387   1   0.4260000000E-02   0.8780000000E+00
     8      8      3    388   1   0.3360000000E-02   0.1093920000E+01
     9      8      3    389   1   0.5480000000E-02   0.1130940000E+01
     0      9      3    390   1  -0.7880000000E-02  -0.1731760000E+01
     1      9      3    391   1   0.2060000000E-02  -0.2176560000E+01
     2      9      3    392   1  -0.7240000000E-02  -0.1790340000E+01
     3      9      3    393   1  -0.2580000000E-02  -0.2426000000E+00
     4      9      3    394   1  -0.2000000000E-03   0.1468740000E+01
     5      9      3    395   1  -0.1000000000E-03   0.1646140000E+01
     6      9      3    396   1  -0.5680000000E-02   0.1700940000E+01
     7      9      3    397   1  -0.6040000000E-02   0.1988100000E+01
     8      9      3    398   1  -0.6700000000E-02   0.1581680000E+01
     9      9      3    399   1  -0.4080000000E-02   0.1199000000E+01
     0      0      4    400   1  -0.3380000000E-02  -0.1134840000E+01
     1      0      4    401   1  -0.4660000000E-02  -0.2671600000E+00
     2      0      4    402   1   0.4400000000E-03   0.2596800000E+00
     3      0      4    403   1   0.4040000000E-02  -0.5072000000E-01
     4      0      4    404   1   0.9320000000E-02   0.1110220000E+01
     5      0      4    405   1   0.4460000000E-02   0.1167940000E+01
     6      0      4    406   1   0.6280000000E-02   0.4259000000E+00
     7      0      4    407   1   0.2000000000E-03   0.7304400000E+00
     8      0      4    408   1   0.6600000000E-03   0.2521200000E+00
     9      0      4    409   1   0.3240000000E-02  -0.7340000000E+00
     0      1      4    410   1   0.1080000000E-02  -0.1630760000E+01
     1      1      4    411   1   0.2180000000E-02  -0.1796320000E+01
     2      1      4    412   1  -0.4980000000E-02  -0.1043400000E+01
     3      1      4    413   1   0.8600000000E-03  -0.5293200000E+00
     4      1      4    414   1  -0.7200000000E-02   0.7886000000E-01
     5      1      4    415   1   0.2000000000E-03   0.4651000000E+00
     6      1      4    416   1  -0.1040000000E-02   0.2496400000E+00
     7      1      4    417   1  -0.2500000000E-02   0.4751200000E+00
     8      1      4    418   1  -0.8000000000E-04   0.1125300000E+01
     9      1      4    419   1  -0.2160000000E-02   0.7105000000E+00
     0      2      4    420   1  -0.7600000000E-03  -0.5143400000E+00
     1      2      4    421   1   0.5960000000E-02  -0.1451620000E+01
     2      2      4    422   1  -0.6440000000E-02  -0.2247320000E+01
     3      2      4    423   1   0.4700000000E-02  -0.2066200000E+01
     4      2      4    424   1  -0.6720000000E-02  -0.1464880000E+01
     5      2      4    425   1  -0.2360000000E-02  -0.1711000000E+00
     6      2      4    426   1   0.4600000000E-03   0.1237200000E+01
     7      2      4    427   1  -0.1120000000E-02   0.1915740000E+01
     8      2      4    428   1   0.5820000000E-02   0.2543140000E+01
     9      2      4    429   1   0.3980000000E-02   0.2227460000E+01
     0      3      4    430   1  -0.3640000000E-02   0.7599800000E+00
     1      3      4    431   1   0.1760000000E-02  -0.7465600000E+00
     2      3      4    432   1  -0.6160000000E-02  -0.2605680000E+01
     3      3      4    433   1   0.4460000000E-02  -0.2565780000E+01
     4      3      4    434   1   0.1540000000E-02  -0.1309180000E+01
     5      3      4    435   1   0.5720000000E-02   0.2378200000E+00
     6      3      4    436   1  -0.1280000000E-02   0.2087000000E+01
     7      3      4    437   1  -0.3720000000E-02   0.2923480000E+01
     8      3      4    438   1  -0.3680000000E-02   0.3179360000E+01
     9      3      4    439   1  -0.6040000000E-02   0.2707740000E+01
     0      4      4    440   1   0.1940000000E-02   0.7440000000E-02
     1      4      4    441   1   0.4160000000E-02  -0.1890240000E+01
     2      4      4    442   1  -0.7180000000E-02  -0.3152820000E+01
     3      4      4    443   1   0.4860000000E-02  -0.3038660000E+01
     4      4      4    444   1  -0.1560000000E-02  -0.2172700000E+01
     5      4      4    445   1   0.3080000000E-02  -0.6285600000E+00
     6      4      4    446   1   0.3000000000E-03   0.1714120000E+01
     7      4      4    447   1   0.3200000000E-02   0.2755940000E+01
     8      4      4    448   1   0.3500000000E-02   0.2862000000E+01
     9      4      4    449   1   0.5760000000E-02   0.2169040000E+01
     0      5      4    450   1  -0.4720000000E-02  -0.1226020000E+01
     1      5      4    451   1   0.2760000000E-02  -0.2735560000E+01
     2      5      4    452   1  -0.6440000000E-02  -0.3273720000E+01
     3      5      4    453   1   0.5460000000E-02  -0.2905060000E+01
     4      5      4    454   1  -0.4260000000E-02  -0.2324320000E+01
     5      5      4    455   1  -0.5800000000E-03  -0.1415480000E+01
     6      5      4    456   1   0.2400000000E-03   0.2576200000E+00
     7      5      4    457   1  -0.5940000000E-02   0.1707080000E+01
     8      5      4    458   1  -0.1600000000E-03   0.1971300000E+01
     9      5      4    459   1  -0.5600000000E-02   0.1088860000E+01
     0      6      4    460   1   0.2480000000E-02  -0.4378600000E+00
     1      6      4    461   1   0.1000000000E-02  -0.2417740000E+01
     2      6      4    462   1  -0.5760000000E-02  -0.2819620000E+01
     3      6      4    463   1   0.3260000000E-02  -0.1865040000E+01
     4      6      4    464   1  -0.3280000000E-02  -0.1235200000E+01
     5      6      4    465   1   0.4980000000E-02  -0.9345400000E+00
     6      6      4    466   1  -0.1840000000E-02  -0.5358200000E+00
     7      6      4    467   1   0.5760000000E-02   0.9947400000E+00
     8      6      4    468   1   0.1820000000E-02   0.2072420000E+01
     9      6      4    469   1   0.4580000000E-02   0.1805220000E+01
     0      7      4    470   1  -0.1320000000E-02  -0.3908600000E+00
     1      7      4    471   1   0.2380000000E-02  -0.2208220000E+01
     2      7      4    472   1  -0.5640000000E-02  -0.2228900000E+01
     3      7      4    473   1   0.4100000000E-02  -0.6993600000E+00
     4      7      4    474   1  -0.9660000000E-02   0.1222400000E+00
     5      7      4    475   1  -0.1480000000E-02  -0.1174000000E+00
     6      7      4    476   1  -0.2240000000E-02  -0.8386000000E-01
     7      7      4    477   1  -0.5180000000E-02   0.5618000000E+00
     8      7      4    478   1  -0.4720000000E-02   0.1696840000E+01
     9      7      4    479   1  -0.7720000000E-02   0.1835240000E+01
     0      8      4    480   1   0.3920000000E-02  -0.3421400000E+00
     1      8      4    481   1  -0.8600000000E-03  -0.1330560000E+01
     2      8      4    482   1   0.9400000000E-03  -0.1353540000E+01
     3      8      4    483   1   0.5880000000E-02   0.2688400000E+00
     4      8      4    484   1   0.6200000000E-03   0.1418340000E+01
     5      8      4    485   1  -0.4000000000E-03   0.7658000000E+00
     6      8      4    486   1  -0.3200000000E-03   0.1609600000E+00
     7      8      4    487   1   0.5280000000E-02   0.5055800000E+00
     8      8      4    488   1   0.1048000000E-01   0.1478780000E+01
     9      8      4    489   1   0.6900000000E-02   0.1674080000E+01
     0      9      4    490   1  -0.3900000000E-02  -0.5254000000E-01
     1      9      4    491   1  -0.1000000000E-02   0.1486000000E-01
     2      9      4    492   1  -0.3520000000E-02   0.9400000000E-01
     3      9      4    493   1  -0.3180000000E-02   0.6998000000E+00
     4      9      4    494   1  -0.2280000000E-02   0.1749260000E+01
     5      9      4    495   1  -0.3140000000E-02   0.1228460000E+01
     6      9      4    496   1  -0.3800000000E-02   0.6242600000E+00
     7      9      4    497   1  -0.3040000000E-02   0.1554080000E+01
     8      9      4    498   1  -0.8000000000E-03   0.1683660000E+01
     9      9      4    499   1  -0.4000000000E-03   0.1022640000E+01
     0      0      5    500   1   0.7800000000E-03  -0.1568340000E+01
     1      0      5    501   1   0.6460000000E-02  -0.1157260000E+01
     2      0      5    502   1   0.2600000000E-03  -0.1871000000E+00
     3      0      5    503   1   0.2580000000E-02   0.1597600000E+00
     4      0      5    504   1  -0.1200000000E-03   0.3175000000E+00
     5      0      5    505   1   0.8540000000E-02   0.1345200000E+00
     6      0      5    506   1   0.7200000000E-03   0.9787600000E+00
     7      0      5    507   1   0.2560000000E-02   0.1741240000E+01
     8      0      5    508   1   0.4060000000E-02   0.8213600000E+00
     9      0      5    509   1  -0.1180000000E-02  -0.4994200000E+00
     0      1      5    510   1  -0.2040000000E-02  -0.1601140000E+01
     1      1      5    511   1   0.6720000000E-02  -0.2707180000E+01
     2      1      5    512   1  -0.5540000000E-02  -0.2672360000E+01
     3      1      5    513   1   0.3800000000E-02  -0.2249660000E+01
     4      1      5    514   1  -0.6280000000E-02  -0.1027440000E+01
     5      1      5    515   1  -0.2080000000E-02  -0.4177800000E+00
     6      1      5    516   1  -0.8000000000E-02   0.2931000000E+00
     7      1      5    517   1  -0.4560000000E-02   0.1752640000E+01
     8      1      5    518   1  -0.6680000000E-02   0.2045060000E+01
     9      1      5    519   1  -0.4440000000E-02   0.1318520000E+01
     0      2      5    520   1  -0.5840000000E-02  -0.1805880000E+01
     1      2      5    521   1   0.6700000000E-02  -0.3239760000E+01
     2      2      5    522   1  -0.5900000000E-02  -0.3535880000E+01
     3      2      5    523   1   0.4860000000E-02  -0.3338940000E+01
     4      2      5    524   1  -0.3240000000E-02  -0.2209660000E+01
     5      2      5    525   1   0.1920000000E-02  -0.6950600000E+00
     6      2      5    526   1   0.7800000000E-03   0.5109600000E+00
     7      2      5    527   1   0.4280000000E-02   0.2329360000E+01
     8      2      5    528   1   0.5920000000E-02   0.2989560000E+01
     9      2      5    529   1   0.4540000000E-02   0.2233640000E+01
     0      3      5    530   1  -0.5920000000E-02  -0.2057960000E+01
     1      3      5    531   1   0.6740000000E-02  -0.3245600000E+01
     2      3      5    532   1  -0.7580000000E-02  -0.3534920000E+01
     3      3      5    533   1   0.4520000000E-02  -0.3369820000E+01
     4      3      5    534   1  -0.3800000000E-02  -0.2180740000E+01
     5      3      5    535   1  -0.3040000000E-02   0.4385000000E+00
     6      3      5    536   1  -0.2000000000E-03   0.2150360000E+01
     7      3      5    537   1  -0.2460000000E-02   0.3162900000E+01
     8      3      5    538   1  -0.2900000000E-02   0.3245960000E+01
     9      3      5    539   1  -0.4360000000E-02   0.2008420000E+01
     0      4      5    540   1  -0.5500000000E-02  -0.1590540000E+01
     1      4      5    541   1   0.6800000000E-02  -0.2768740000E+01
     2      4      5    542   1  -0.4040000000E-02  -0.3027720000E+01
     3      4      5    543   1   0.7220000000E-02  -0.2718740000E+01
     4      4      5    544   1  -0.6020000000E-02  -0.1432600000E+01
     5      4      5    545   1   0.1660000000E-02   0.9888800000E+00
     6      4      5    546   1   0.9720000000E-02   0.2489700000E+01
     7      4      5    547   1   0.3680000000E-02   0.3099680000E+01
     8      4      5    548   1   0.6260000000E-02   0.2773460000E+01
     9      4      5    549   1   0.2780000000E-02   0.1463340000E+01
     0      5      5    550   1  -0.6760000000E-02  -0.7094600000E+00
     1      5      5    551   1   0.5660000000E-02  -0.2362520000E+01
     2      5      5    552   1  -0.5760000000E-02  -0.2521120000E+01
     3      5      5    553   1   0.5880000000E-02  -0.1614160000E+01
     4      5      5    554   1  -0.6200000000E-02  -0.4287000000E+00
     5      5      5    555   1  -0.1900000000E-02   0.7641000000E+00
     6      5      5    556   1  -0.3040000000E-02   0.1906520000E+01
     7      5      5    557   1  -0.5400000000E-02   0.2299780000E+01
     8      5      5    558   1  -0.3020000000E-02   0.1747520000E+01
     9      5      5    559   1  -0.9400000000E-03   0.1113480000E+01
     0      6      5    560   1   0.3600000000E-03  -0.7656000000E-01
     1      6      5    561   1   0.2400000000E-02  -0.2226880000E+01
     2      6      5    562   1  -0.3900000000E-02  -0.2033480000E+01
     3      6      5    563   1   0.5660000000E-02  -0.3859200000E+00
     4      6      5    564   1   0.3540000000E-02   0.6811000000E+00
     5      6      5    565   1   0.1200000000E-02   0.8260200000E+00
     6      6      5    566   1   0.2900000000E-02   0.1076160000E+01
     7      6      5    567   1   0.2160000000E-02   0.8402600000E+00
     8      6      5    568   1   0.2560000000E-02   0.5334000000E+00
     9      6      5    569   1   0.1200000000E-02   0.1410060000E+01
     0      7      5    570   1  -0.4800000000E-02  -0.4860000000E+00
     1      7      5    571   1   0.3040000000E-02  -0.1531340000E+01
     2      7      5    572   1   0.1420000000E-02  -0.1081980000E+01
     3      7      5    573   1   0.2560000000E-02  -0.2440000000E-01
     4      7      5    574   1  -0.4240000000E-02   0.4324600000E+00
     5      7      5    575   1   0.2360000000E-02  -0.3448000000E-01
     6      7      5    576   1  -0.4040000000E-02  -0.3612400000E+00
     7      7      5    577   1  -0.2480000000E-02   0.5345000000E+00
     8      7      5    578   1  -0.4600000000E-03   0.9201600000E+00
     9      7      5    579   1  -0.2520000000E-02   0.1420800000E+01
     0      8      5    580   1   0.5880000000E-02   0.7508000000E-01
     1      8      5    581   1   0.4280000000E-02   0.2612600000E+00
     2      8      5    582   1   0.3240000000E-02   0.1413800000E+00
     3      8      5    583   1   0.4160000000E-02   0.2613000000E+00
     4      8      5    584   1   0.2520000000E-02   0.1438200000E+00
     5      8      5    585   1   0.5040000000E-02  -0.7020000000E-02
     6      8      5    586   1  -0.2260000000E-02   0.1305000000E+00
     7      8      5    587   1   0.2600000000E-02   0.9071600000E+00
     8      8      5    588   1   0.5720000000E-02   0.1248100000E+01
     9      8      5    589   1   0.5060000000E-02   0.1381500000E+01
     0      9      5    590   1  -0.4340000000E-02  -0.5819400000E+00
     1      9      5    591   1  -0.4700000000E-02   0.4729200000E+00
     2      9      5    592   1  -0.3280000000E-02   0.1179060000E+01
     3      9      5    593   1  -0.2020000000E-02   0.1431600000E+01
     4      9      5    594   1  -0.1620000000E-02   0.1179660000E+01
     5      9      5    595   1  -0.1400000000E-02   0.8186600000E+00
     6      9      5    596   1  -0.2140000000E-02   0.1153720000E+01
     7      9      5    597   1  -0.4220000000E-02   0.1243080000E+01
     8      9      5    598   1  -0.1060000000E-02   0.6091800000E+00
     9      9      5    599   1   0.1020000000E-02  -0.4804000000E-01
     0      0      6    600   1   0.3480000000E-02   0.1246600000E+00
     1      0      6    601   1   0.6340000000E-02  -0.6988600000E+00
     2      0      6    602   1   0.9200000000E-03  -0.1844940000E+01
     3      0      6    603   1   0.1240000000E-02  -0.1786000000E+01
     4      0      6    604   1   0.1060000000E-02  -0.5979800000E+00
     5      0      6    605   1   0.8660000000E-02   0.1108080000E+01
     6      0      6    606   1   0.6440000000E-02   0.2320800000E+01
     7      0      6    607   1   0.4140000000E-02   0.2205860000E+01
     8      0      6    608   1   0.7440000000E-02   0.7563600000E+00
     9      0      6    609   1   0.5620000000E-02   0.5592000000E+00
     0      1      6    610   1  -0.2140000000E-02  -0.1549100000E+01
     1      1      6    611   1   0.3620000000E-02  -0.2806000000E+01
     2      1      6    612   1  -0.4400000000E-02  -0.3310920000E+01
     3      1      6    613   1   0.5120000000E-02  -0.3091600000E+01
     4      1      6    614   1  -0.3420000000E-02  -0.1897660000E+01
     5      1      6    615   1   0.1000000000E-02   0.4482600000E+00
     6      1      6    616   1  -0.2280000000E-02   0.2044880000E+01
     7      1      6    617   1  -0.5820000000E-02   0.2089660000E+01
     8      1      6    618   1  -0.1980000000E-02   0.1174080000E+01
     9      1      6    619   1  -0.1920000000E-02   0.1187520000E+01
     0      2      6    620   1  -0.1280000000E-02  -0.2217500000E+01
     1      2      6    621   1   0.3160000000E-02  -0.3570440000E+01
     2      2      6    622   1  -0.4100000000E-02  -0.3748100000E+01
     3      2      6    623   1   0.4620000000E-02  -0.3576640000E+01
     4      2      6    624   1  -0.3720000000E-02  -0.2654260000E+01
     5      2      6    625   1   0.1180000000E-02  -0.3853600000E+00
     6      2      6    626   1   0.6000000000E-04   0.1530980000E+01
     7      2      6    627   1   0.9800000000E-03   0.2397720000E+01
     8      2      6    628   1   0.3580000000E-02   0.2074220000E+01
     9      2      6    629   1   0.1660000000E-02   0.1582020000E+01
     0      3      6    630   1  -0.2780000000E-02  -0.2433980000E+01
     1      3      6    631   1   0.4240000000E-02  -0.3629560000E+01
     2      3      6    632   1  -0.5320000000E-02  -0.3755200000E+01
     3      3      6    633   1   0.7220000000E-02  -0.3629480000E+01
     4      3      6    634   1  -0.6520000000E-02  -0.2811900000E+01
     5      3      6    635   1   0.2620000000E-02  -0.4670400000E+00
     6      3      6    636   1  -0.3820000000E-02   0.1667480000E+01
     7      3      6    637   1  -0.2980000000E-02   0.2632320000E+01
     8      3      6    638   1  -0.2360000000E-02   0.2123540000E+01
     9      3      6    639   1  -0.2280000000E-02   0.1191720000E+01
     0      4      6    640   1  -0.4220000000E-02  -0.2120680000E+01
     1      4      6    641   1   0.2060000000E-02  -0.3318560000E+01
     2      4      6    642   1  -0.5680000000E-02  -0.3433300000E+01
     3      4      6    643   1   0.6220000000E-02  -0.3056120000E+01
     4      4      6    644   1  -0.3500000000E-02  -0.2280920000E+01
     5      4      6    645   1   0.1012000000E-01  -0.3299200000E+00
     6      4      6    646   1   0.2600000000E-03   0.1529800000E+01
     7      4      6    647   1   0.3280000000E-02   0.2630400000E+01
     8      4      6    648   1   0.3580000000E-02   0.2245380000E+01
     9      4      6    649   1   0.2240000000E-02   0.1269020000E+01
     0      5      6    650   1  -0.2240000000E-02  -0.1478860000E+01
     1      5      6    651   1   0.3780000000E-02  -0.2816380000E+01
     2      5      6    652   1  -0.5940000000E-02  -0.2851840000E+01
     3      5      6    653   1   0.2840000000E-02  -0.1476200000E+01
     4      5      6    654   1  -0.6940000000E-02  -0.3314400000E+00
     5      5      6    655   1  -0.3900000000E-02   0.3552400000E+00
     6      5      6    656   1  -0.2660000000E-02   0.1299680000E+01
     7      5      6    657   1  -0.1800000000E-03   0.2381160000E+01
     8      5      6    658   1  -0.3220000000E-02   0.2271720000E+01
     9      5      6    659   1  -0.7060000000E-02   0.1610020000E+01
     0      6      6    660   1  -0.2200000000E-02  -0.3985000000E+00
     1      6      6    661   1  -0.2340000000E-02  -0.2003200000E+01
     2      6      6    662   1  -0.2220000000E-02  -0.2330360000E+01
     3      6      6    663   1   0.6740000000E-02  -0.4194800000E+00
     4      6      6    664   1   0.3000000000E-02   0.1224460000E+01
     5      6      6    665   1   0.1920000000E-02   0.1173980000E+01
     6      6      6    666   1   0.2220000000E-02   0.1378320000E+01
     7      6      6    667   1  -0.6000000000E-03   0.1973060000E+01
     8      6      6    668   1   0.2300000000E-02   0.2009720000E+01
     9      6      6    669   1   0.3880000000E-02   0.1769760000E+01
     0      7      6    670   1  -0.3000000000E-02   0.9893200000E+00
     1      7      6    671   1   0.8400000000E-03  -0.5803200000E+00
     2      7      6    672   1  -0.4100000000E-02  -0.1461460000E+01
     3      7      6    673   1   0.1300000000E-02  -0.2113800000E+00
     4      7      6    674   1  -0.3500000000E-02   0.6621400000E+00
     5      7      6    675   1  -0.1900000000E-02   0.7087800000E+00
     6      7      6    676   1  -0.7300000000E-02   0.1174480000E+01
     7      7      6    677   1  -0.2880000000E-02   0.1753640000E+01
     8      7      6    678   1  -0.7220000000E-02   0.2182840000E+01
     9      7      6    679   1  -0.3600000000E-02   0.1978400000E+01
     0      8      6    680   1  -0.2560000000E-02   0.1024620000E+01
     1      8      6    681   1   0.7760000000E-02  -0.2187000000E+00
     2      8      6    682   1  -0.2100000000E-02  -0.1080380000E+01
     3      8      6    683   1   0.9600000000E-03  -0.2566000000E+00
     4      8      6    684   1   0.2700000000E-02   0.2745400000E+00
     5      8      6    685   1   0.7420000000E-02   0.8285400000E+00
     6      8      6    686   1   0.8720000000E-02   0.1781760000E+01
     7      8      6    687   1   0.7640000000E-02   0.2191260000E+01
     8      8      6    688   1   0.6780000000E-02   0.2120060000E+01
     9      8      6    689   1   0.5820000000E-02   0.1380820000E+01
     0      9      6    690   1  -0.6000000000E-03   0.1191280000E+01
     1      9      6    691   1   0.8000000000E-03   0.7529000000E+00
     2      9      6    692   1  -0.3400000000E-02  -0.1828800000E+00
     3      9      6    693   1  -0.2500000000E-02   0.2158000000E-01
     4      9      6    694   1  -0.6620000000E-02   0.9295200000E+00
     5      9      6    695   1  -0.6860000000E-02   0.1800860000E+01
     6      9      6    696   1  -0.7800000000E-02   0.2301340000E+01
     7      9      6    697   1  -0.8160000000E-02   0.2286040000E+01
     8      9      6    698   1  -0.1400000000E-03   0.1507780000E+01
     9      9      6    699   1  -0.1840000000E-02   0.7257800000E+00
     0      0      7    700   1  -0.3080000000E-02   0.2475400000E+00
     1      0      7    701   1   0.4960000000E-02  -0.1307460000E+01
     2      0      7    702   1  -0.2100000000E-02  -0.1127860000E+01
     3      0      7    703   1   0.2960000000E-02   0.3666000000E+00
     4      0      7    704   1   0.3260000000E-02   0.1012220000E+01
     5      0      7    705   1   0.1044000000E-01   0.2077380000E+01
     6      0      7    706   1   0.6940000000E-02   0.2376940000E+01
     7      0      7    707   1   0.4780000000E-02   0.2286900000E+01
     8      0      7    708   1   0.6820000000E-02   0.1515040000E+01
     9      0      7    709   1   0.3960000000E-02   0.1173700000E+01
     0      1      7    710   1  -0.6940000000E-02  -0.6036600000E+00
     1      1      7    711   1   0.6740000000E-02  -0.2643960000E+01
     2      1      7    712   1  -0.5040000000E-02  -0.2786660000E+01
     3      1      7    713   1   0.6340000000E-02  -0.1547580000E+01
     4      1      7    714   1  -0.5160000000E-02  -0.3245000000E+00
     5      1      7    715   1  -0.2580000000E-02   0.6798000000E+00
     6      1      7    716   1  -0.6400000000E-02   0.8832000000E+00
     7      1      7    717   1  -0.4420000000E-02   0.1518760000E+01
     8      1      7    718   1  -0.1210000000E-01   0.1628420000E+01
     9      1      7    719   1  -0.8020000000E-02   0.1555160000E+01
     0      2      7    720   1   0.8200000000E-03  -0.1388020000E+01
     1      2      7    721   1   0.4380000000E-02  -0.3172020000E+01
     2      2      7    722   1  -0.4720000000E-02  -0.3412000000E+01
     3      2      7    723   1   0.5300000000E-02  -0.2777580000E+01
     4      2      7    724   1  -0.1400000000E-02  -0.1684120000E+01
     5      2      7    725   1  -0.6840000000E-02  -0.7024800000E+00
     6      2      7    726   1   0.4260000000E-02   0.6616000000E-01
     7      2      7    727   1   0.5840000000E-02   0.1297560000E+01
     8      2      7    728   1   0.6120000000E-02   0.2064060000E+01
     9      2      7    729   1   0.6920000000E-02   0.1705560000E+01
     0      3      7    730   1  -0.2780000000E-02  -0.2113920000E+01
     1      3      7    731   1   0.7300000000E-02  -0.3451000000E+01
     2      3      7    732   1  -0.5760000000E-02  -0.3573380000E+01
     3      3      7    733   1   0.6240000000E-02  -0.3037500000E+01
     4      3      7    734   1  -0.1700000000E-02  -0.1994120000E+01
     5      3      7    735   1  -0.4400000000E-02  -0.1146400000E+00
     6      3      7    736   1  -0.5800000000E-02   0.5949000000E+00
     7      3      7    737   1  -0.7080000000E-02   0.1487460000E+01
     8      3      7    738   1  -0.4880000000E-02   0.2060040000E+01
     9      3      7    739   1  -0.1200000000E-02   0.1180620000E+01
     0      4      7    740   1  -0.7600000000E-03  -0.2355780000E+01
     1      4      7    741   1   0.5520000000E-02  -0.3502940000E+01
     2      4      7    742   1  -0.6680000000E-02  -0.3563280000E+01
     3      4      7    743   1   0.6220000000E-02  -0.2784540000E+01
     4      4      7    744   1  -0.2400000000E-03  -0.1240740000E+01
     5      4      7    745   1   0.9400000000E-03   0.6632400000E+00
     6      4      7    746   1   0.2200000000E-02   0.1109600000E+00
     7      4      7    747   1   0.5460000000E-02   0.1324000000E+00
     8      4      7    748   1   0.4920000000E-02   0.1301380000E+01
     9      4      7    749   1   0.5920000000E-02   0.7444600000E+00
     0      5      7    750   1  -0.3880000000E-02  -0.2272800000E+01
     1      5      7    751   1   0.4960000000E-02  -0.3329420000E+01
     2      5      7    752   1  -0.4980000000E-02  -0.3198300000E+01
     3      5      7    753   1   0.8540000000E-02  -0.1831100000E+01
     4      5      7    754   1  -0.1200000000E-02  -0.3303600000E+00
     5      5      7    755   1   0.2200000000E-02   0.3326400000E+00
     6      5      7    756   1  -0.2200000000E-02  -0.2453400000E+00
     7      5      7    757   1  -0.3560000000E-02  -0.8233000000E+00
     8      5      7    758   1  -0.8040000000E-02   0.3880600000E+00
     9      5      7    759   1  -0.1446000000E-01   0.6632800000E+00
     0      6      7    760   1  -0.6600000000E-03  -0.1874500000E+01
     1      6      7    761   1  -0.2400000000E-03  -0.2559820000E+01
     2      6      7    762   1  -0.6600000000E-02  -0.2557060000E+01
     3      6      7    763   1   0.3980000000E-02  -0.1227540000E+01
     4      6      7    764   1  -0.4060000000E-02   0.4290400000E+00
     5      6      7    765   1  -0.6200000000E-03   0.8542200000E+00
     6      6      7    766   1   0.4420000000E-02   0.8848200000E+00
     7      6      7    767   1   0.1160000000E-02   0.5896400000E+00
     8      6      7    768   1   0.2680000000E-02   0.8246000000E+00
     9      6      7    769   1   0.5840000000E-02   0.7884800000E+00
     0      7      7    770   1  -0.3540000000E-02  -0.6327400000E+00
     1      7      7    771   1  -0.1280000000E-02  -0.1377720000E+01
     2      7      7    772   1  -0.2540000000E-02  -0.1818460000E+01
     3      7      7    773   1   0.2660000000E-02  -0.6847800000E+00
     4      7      7    774   1  -0.2400000000E-03   0.1041100000E+01
     5      7      7    775   1  -0.4300000000E-02   0.1682100000E+01
     6      7      7    776   1  -0.2680000000E-02   0.1972320000E+01
     7      7      7    777   1  -0.4620000000E-02   0.2298880000E+01
     8      7      7    778   1  -0.5160000000E-02   0.2094040000E+01
     9      7      7    779   1  -0.7520000000E-02   0.1327180000E+01
     0      8      7    780   1   0.1320000000E-02   0.8296600000E+00
     1      8      7    781   1   0.1360000000E-02  -0.1181800000E+00
     2      8      7    782   1  -0.5040000000E-02  -0.1422100000E+01
     3      8      7    783   1   0.2260000000E-02  -0.3610400000E+00
     4      8      7    784   1   0.3720000000E-02   0.1659880000E+01
     5      8      7    785   1   0.2600000000E-02   0.2447600000E+01
     6      8      7    786   1   0.3420000000E-02   0.2690080000E+01
     7      8      7    787   1   0.9320000000E-02   0.2778260000E+01
     8      8      7    788   1   0.6340000000E-02   0.2273040000E+01
     9      8      7    789   1   0.6400000000E-02   0.1298400000E+01
     0      9      7    790   1  -0.4200000000E-02   0.8817200000E+00
     1      9      7    791   1  -0.3260000000E-02   0.6707800000E+00
     2      9      7    792   1  -0.5620000000E-02  -0.1263000000E+00
     3      9      7    793   1  -0.3420000000E-02   0.3762200000E+00
     4      9      7    794   1  -0.5580000000E-02   0.1600360000E+01
     5      9      7    795   1  -0.6520000000E-02   0.2578900000E+01
     6      9      7    796   1  -0.6520000000E-02   0.2907040000E+01
     7      9      7    797   1  -0.5440000000E-02   0.2554100000E+01
     8      9      7    798   1  -0.1800000000E-02   0.1449820000E+01
     9      9      7    799   1  -0.1820000000E-02   0.4464400000E+00
     0      0      8    800   1  -0.5340000000E-02  -0.1153880000E+01
     1      0      8    801   1   0.2880000000E-02  -0.1613380000E+01
     2      0      8    802   1  -0.1840000000E-02  -0.7850800000E+00
     3      0      8    803   1   0.4600000000E-03   0.1503300000E+01
     4      0      8    804   1   0.3640000000E-02   0.1900480000E+01
     5      0      8    805   1   0.6360000000E-02   0.1593320000E+01
     6      0      8    806   1   0.2640000000E-02   0.1514440000E+01
     7      0      8    807   1   0.5320000000E-02   0.1899080000E+01
     8      0      8    808   1   0.1120000000E-02   0.6212200000E+00
     9      0      8    809   1   0.8600000000E-02   0.2907400000E+00
     0      1      8    810   1  -0.1600000000E-02   0.7676000000E-01
     1      1      8    811   1   0.1000000000E-03  -0.1540960000E+01
     2      1      8    812   1  -0.3380000000E-02  -0.1408180000E+01
     3      1      8    813   1   0.8000000000E-04   0.3722400000E+00
     4      1      8    814   1  -0.2680000000E-02   0.2627200000E+00
     5      1      8    815   1   0.5000000000E-03  -0.4231000000E+00
     6      1      8    816   1  -0.3740000000E-02  -0.3088200000E+00
     7      1      8    817   1  -0.8040000000E-02   0.1212620000E+01
     8      1      8    818   1  -0.9360000000E-02   0.9812400000E+00
     9      1      8    819   1  -0.6060000000E-02   0.1542240000E+01
     0      2      8    820   1  -0.6600000000E-03   0.1377800000E+00
     1      2      8    821   1   0.4740000000E-02  -0.1571080000E+01
     2      2      8    822   1  -0.1120000000E-02  -0.1464420000E+01
     3      2      8    823   1   0.3400000000E-02   0.6222000000E-01
     4      2      8    824   1   0.4940000000E-02  -0.6270200000E+00
     5      2      8    825   1  -0.4000000000E-03  -0.9256600000E+00
     6      2      8    826   1   0.9600000000E-03  -0.4388000000E+00
     7      2      8    827   1   0.3080000000E-02   0.6884800000E+00
     8      2      8    828   1  -0.5540000000E-02   0.1746800000E+00
     9      2      8    829   1   0.2840000000E-02   0.1043820000E+01
     0      3      8    830   1  -0.7200000000E-03  -0.1489760000E+01
     1      3      8    831   1   0.3520000000E-02  -0.2704020000E+01
     2      3      8    832   1  -0.7300000000E-02  -0.2133780000E+01
     3      3      8    833   1   0.2200000000E-02  -0.3440800000E+00
     4      3      8    834   1  -0.5420000000E-02  -0.9939800000E+00
     5      3      8    835   1   0.3800000000E-03  -0.1609780000E+01
     6      3      8    836   1  -0.2980000000E-02  -0.1361120000E+01
     7      3      8    837   1   0.8580000000E-02  -0.2433800000E+00
     8      3      8    838   1  -0.6040000000E-02  -0.7221200000E+00
     9      3      8    839   1  -0.1680000000E-02  -0.7838000000E-01
     0      4      8    840   1  -0.4500000000E-02  -0.2040460000E+01
     1      4      8    841   1   0.5420000000E-02  -0.3118420000E+01
     2      4      8    842   1  -0.5180000000E-02  -0.2815020000E+01
     3      4      8    843   1   0.5760000000E-02  -0.1153220000E+01
     4      4      8    844   1  -0.2580000000E-02  -0.1708800000E+00
     5      4      8    845   1   0.3460000000E-02  -0.8199400000E+00
     6      4      8    846   1  -0.5840000000E-02  -0.1955580000E+01
     7      4      8    847   1   0.5000000000E-02  -0.1949160000E+01
     8      4      8    848   1  -0.4600000000E-02  -0.1667980000E+01
     9      4      8    849   1   0.4340000000E-02  -0.5325000000E+00
     0      5      8    850   1  -0.3700000000E-02  -0.2297880000E+01
     1      5      8    851   1   0.3780000000E-02  -0.2822500000E+01
     2      5      8    852   1  -0.1860000000E-02  -0.2893460000E+01
     3      5      8    853   1   0.2460000000E-02  -0.1518600000E+01
     4      5      8    854   1  -0.1560000000E-02   0.7340800000E+00
     5      5      8    855   1   0.5580000000E-02   0.4896000000E+00
     6      5      8    856   1  -0.5300000000E-02  -0.1366600000E+01
     7      5      8    857   1   0.6380000000E-02  -0.2532120000E+01
     8      5      8    858   1  -0.9200000000E-03  -0.2236160000E+01
     9      5      8    859   1   0.5520000000E-02  -0.1625860000E+01
     0      6      8    860   1  -0.3920000000E-02  -0.1855520000E+01
     1      6      8    861   1   0.2520000000E-02  -0.1769340000E+01
     2      6      8    862   1   0.2000000000E-03  -0.1967560000E+01
     3      6      8    863   1   0.3140000000E-02  -0.7660200000E+00
     4      6      8    864   1   0.2020000000E-02   0.9131200000E+00
     5      6      8    865   1   0.1280000000E-02   0.4161200000E+00
     6      6      8    866   1  -0.2600000000E-02  -0.6313000000E+00
     7      6      8    867   1   0.9580000000E-02  -0.2138540000E+01
     8      6      8    868   1  -0.6260000000E-02  -0.1995480000E+01
     9      6      8    869   1   0.5340000000E-02  -0.1684260000E+01
     0      7      8    870   1  -0.3000000000E-02  -0.1020840000E+01
     1      7      8    871   1  -0.2960000000E-02  -0.1017700000E+01
     2      7      8    872   1  -0.3240000000E-02  -0.6151400000E+00
     3      7      8    873   1  -0.1260000000E-02   0.4469600000E+00
     4      7      8    874   1  -0.2620000000E-02   0.7658600000E+00
     5      7      8    875   1   0.2160000000E-02   0.3525600000E+00
     6      7      8    876   1   0.2420000000E-02   0.7803000000E+00
     7      7      8    877   1   0.5620000000E-02  -0.3778400000E+00
     8      7      8    878   1  -0.5520000000E-02  -0.8954600000E+00
     9      7      8    879   1   0.2040000000E-02  -0.6870400000E+00
     0      8      8    880   1  -0.1600000000E-03  -0.5389200000E+00
     1      8      8    881   1   0.7000000000E-03  -0.1106460000E+01
     2      8      8    882   1  -0.4000000000E-04  -0.1012780000E+01
     3      8      8    883   1   0.1200000000E-03   0.2772600000E+00
     4      8      8    884   1   0.5060000000E-02   0.4766400000E+00
     5      8      8    885   1  -0.1760000000E-02   0.4720000000E-01
     6      8      8    886   1   0.4480000000E-02   0.6138400000E+00
     7      8      8    887   1   0.3280000000E-02   0.1279120000E+01
     8      8      8    888   1   0.3000000000E-03   0.4742000000E+00
     9      8      8    889   1   0.2620000000E-02  -0.2115200000E+00
     0      9      8    890   1   0.4000000000E-04  -0.8599400000E+00
     1      9      8    891   1   0.4140000000E-02  -0.5840200000E+00
     2      9      8    892   1  -0.1400000000E-02  -0.6440000000E+00
     3      9      8    893   1   0.2260000000E-02   0.9623600000E+00
     4      9      8    894   1  -0.2180000000E-02   0.1716820000E+01
     5      9      8    895   1  -0.2700000000E-02   0.1432680000E+01
     6      9      8    896   1  -0.3940000000E-02   0.1228260000E+01
     7      9      8    897   1  -0.6720000000E-02   0.1867640000E+01
     8      9      8    898   1  -0.5740000000E-02   0.6368800000E+00
     9      9      8    899   1   0.5180000000E-02  -0.5984000000E+00
     0      0      9    900   1  -0.7860000000E-02  -0.2022760000E+01
     1      0      9    901   1   0.6440000000E-02  -0.1768200000E+01
     2      0      9    902   1  -0.1040000000E-02   0.3226000000E+00
     3      0      9    903   1   0.3100000000E-02   0.1438900000E+01
     4      0      9    904   1   0.5680000000E-02   0.1641080000E+01
     5      0      9    905   1   0.7280000000E-02   0.7985800000E+00
     6      0      9    906   1  -0.1540000000E-02   0.6157200000E+00
     7      0      9    907   1   0.2040000000E-02   0.1281560000E+01
     8      0      9    908   1   0.2480000000E-02   0.5019800000E+00
     9      0      9    909   1   0.5060000000E-02  -0.1472600000E+00
     0      1      9    910   1  -0.6200000000E-02  -0.1473640000E+01
     1      1      9    911   1   0.4500000000E-02  -0.1206120000E+01
     2      1      9    912   1   0.1640000000E-02   0.1077600000E+00
     3      1      9    913   1   0.6000000000E-03   0.8550200000E+00
     4      1      9    914   1  -0.3260000000E-02   0.1243720000E+01
     5      1      9    915   1  -0.6740000000E-02   0.9250800000E+00
     6      1      9    916   1  -0.6760000000E-02   0.5469000000E+00
     7      1      9    917   1   0.3480000000E-02   0.3543000000E+00
     8      1      9    918   1   0.9400000000E-03   0.6698000000E-01
     9      1      9    919   1   0.3800000000E-03   0.2391800000E+00
     0      2      9    920   1  -0.5300000000E-02  -0.1340200000E+01
     1      2      9    921   1   0.1200000000E-03  -0.7075600000E+00
     2      2      9    922   1   0.5000000000E-03   0.3741800000E+00
     3      2      9    923   1   0.3060000000E-02   0.7092000000E-01
     4      2      9    924   1  -0.3420000000E-02  -0.5662000000E+00
     5      2      9    925   1  -0.1820000000E-02  -0.5599400000E+00
     6      2      9    926   1  -0.4300000000E-02  -0.3109000000E+00
     7      2      9    927   1   0.2280000000E-02  -0.4004800000E+00
     8      2      9    928   1   0.8400000000E-03  -0.7247400000E+00
     9      2      9    929   1   0.3340000000E-02  -0.6333000000E+00
     0      3      9    930   1  -0.1540000000E-02  -0.1185320000E+01
     1      3      9    931   1  -0.1500000000E-02  -0.1128840000E+01
     2      3      9    932   1  -0.8000000000E-03  -0.2173200000E+00
     3      3      9    933   1   0.2560000000E-02   0.1347200000E+00
     4      3      9    934   1  -0.3460000000E-02  -0.1081680000E+01
     5      3      9    935   1   0.6160000000E-02  -0.1744860000E+01
     6      3      9    936   1  -0.8360000000E-02  -0.1396900000E+01
     7      3      9    937   1   0.1420000000E-02  -0.7866600000E+00
     8      3      9    938   1  -0.2000000000E-04  -0.1317620000E+01
     9      3      9    939   1   0.4200000000E-03  -0.1274260000E+01
     0      4      9    940   1  -0.2140000000E-02  -0.1013480000E+01
     1      4      9    941   1   0.3020000000E-02  -0.1792620000E+01
     2      4      9    942   1  -0.2840000000E-02  -0.1728200000E+01
     3      4      9    943   1   0.5480000000E-02  -0.1265880000E+01
     4      4      9    944   1  -0.9780000000E-02  -0.1124180000E+01
     5      4      9    945   1   0.4780000000E-02  -0.1847920000E+01
     6      4      9    946   1  -0.7900000000E-02  -0.2202200000E+01
     7      4      9    947   1   0.5440000000E-02  -0.1663640000E+01
     8      4      9    948   1  -0.5020000000E-02  -0.2010480000E+01
     9      4      9    949   1   0.1600000000E-02  -0.1665160000E+01
     0      5      9    950   1  -0.5880000000E-02  -0.1493880000E+01
     1      5      9    951   1   0.2980000000E-02  -0.2402500000E+01
     2      5      9    952   1  -0.4620000000E-02  -0.2442960000E+01
     3      5      9    953   1   0.6940000000E-02  -0.2020900000E+01
     4      5      9    954   1  -0.1260000000E-02  -0.4581000000E+00
     5      5      9    955   1   0.1720000000E-02  -0.1131140000E+01
     6      5      9    956   1  -0.9820000000E-02  -0.1968120000E+01
     7      5      9    957   1   0.4260000000E-02  -0.2270620000E+01
     8      5      9    958   1  -0.6860000000E-02  -0.2345900000E+01
     9      5      9    959   1   0.1940000000E-02  -0.1536080000E+01
     0      6      9    960   1  -0.8540000000E-02  -0.1268240000E+01
     1      6      9    961   1   0.3940000000E-02  -0.1510620000E+01
     2      6      9    962   1  -0.1440000000E-02  -0.1656520000E+01
     3      6      9    963   1   0.5980000000E-02  -0.1357660000E+01
     4      6      9    964   1  -0.3620000000E-02   0.1009200000E+00
     5      6      9    965   1   0.4600000000E-02  -0.8381800000E+00
     6      6      9    966   1  -0.5480000000E-02  -0.1429700000E+01
     7      6      9    967   1   0.7900000000E-02  -0.2164240000E+01
     8      6      9    968   1  -0.4360000000E-02  -0.2211980000E+01
     9      6      9    969   1   0.7260000000E-02  -0.1318660000E+01
     0      7      9    970   1   0.2400000000E-03  -0.9291400000E+00
     1      7      9    971   1   0.3300000000E-02  -0.1292300000E+01
     2      7      9    972   1  -0.4740000000E-02  -0.1403740000E+01
     3      7      9    973   1   0.5580000000E-02  -0.5181400000E+00
     4      7      9    974   1  -0.2600000000E-02   0.3660400000E+00
     5      7      9    975   1   0.3960000000E-02  -0.1299800000E+00
     6      7      9    976   1  -0.1020000000E-02   0.4947400000E+00
     7      7      9    977   1   0.2300000000E-02  -0.7384200000E+00
     8      7      9    978   1  -0.4000000000E-02  -0.1318240000E+01
     9      7      9    979   1   0.7800000000E-03  -0.1193520000E+01
     0      8      9    980   1  -0.7200000000E-03  -0.1136420000E+01
     1      8      9    981   1   0.1118000000E-01  -0.1909200000E+01
     2      8      9    982   1  -0.4820000000E-02  -0.1267960000E+01
     3      8      9    983   1   0.2200000000E-03  -0.1448200000E+00
     4      8      9    984   1   0.2040000000E-02   0.1796200000E+00
     5      8      9    985   1   0.3360000000E-02  -0.3833400000E+00
     6      8      9    986   1  -0.6800000000E-03   0.7574800000E+00
     7      8      9    987   1  -0.3020000000E-02   0.6122000000E+00
     8      8      9    988   1   0.1200000000E-02   0.8514000000E-01
     9      8      9    989   1   0.1740000000E-02  -0.7859200000E+00
     0      9      9    990   1  -0.3820000000E-02  -0.1876440000E+01
     1      9      9    991   1   0.1032000000E-01  -0.1983300000E+01
     2      9      9    992   1  -0.8340000000E-02  -0.4078800000E+00
     3      9      9    993   1  -0.1660000000E-02   0.3653000000E+00
     4      9      9    994   1  -0.3560000000E-02   0.5269200000E+00
     5      9      9    995   1   0.5700000000E-02  -0.3609600000E+00
     6      9      9    996   1  -0.1240000000E-02  -0.6946000000E-01
     7      9      9    997   1  -0.1100000000E-02   0.8369200000E+00
     8      9      9    998   1  -0.6540000000E-02   0.6376000000E-01
     9      9      9    999   1   0.1340000000E-02  -0.1188440000E+01
