 # ix iy layer isite phi
       0       0       0  -0.160152675619E+01
       1       0       0  -0.157455267245E+01
       2       0       0   0.120872943755E+00
       3       0       0   0.120827622768E+01
       4       0       0   0.513336366664E+00
       5       0       0   0.465093840993E-02
       6       0       0   0.156833765804E+00
       7       0       0  -0.575912634656E+00
       8       0       0   0.776159054344E+00
       9       0       0   0.155901334314E+01
       0       1       0  -0.310646395803E+00
       1       1       0  -0.174741489732E+01
       2       1       0  -0.117785104897E+01
       3       1       0   0.514631984823E+00
       4       1       0   0.150620114435E+01
       5       1       0   0.618583174002E+00
       6       1       0   0.922018156418E+00
       7       1       0   0.303320852061E+00
       8       1       0   0.102921065512E+01
       9       1       0   0.131777159625E+01
       0       2       0   0.298796678012E+00
       1       2       0  -0.972207789306E+00
       2       2       0  -0.145345398982E+01
       3       2       0   0.746025558204E+00
       4       2       0   0.156366783882E+00
       5       2       0   0.131646752633E+00
       6       2       0   0.112004029295E+01
       7       2       0   0.116870938242E+01
       8       2       0   0.101963544761E+01
       9       2       0   0.128345104121E+01
       0       3       0   0.114669791246E+01
       1       3       0  -0.608669878357E+00
       2       3       0  -0.267675848472E+00
       3       3       0   0.616684823258E+00
       4       3       0  -0.317784011546E-01
       5       3       0  -0.140985190869E+01
       6       3       0  -0.519808712184E-01
       7       3       0  -0.442025606560E+00
       8       3       0  -0.362310666436E-01
       9       3       0   0.974339023651E+00
       0       4       0   0.153881006870E+01
       1       4       0   0.105534988851E+01
       2       4       0   0.128681646309E+01
       3       4       0   0.641128306123E+00
       4       4       0   0.105128928104E+01
       5       4       0  -0.150944483968E+01
       6       4       0  -0.191005875202E+00
       7       4       0  -0.640019799692E+00
       8       4       0   0.148041953974E+01
       9       4       0   0.207016346129E+00
       0       5       0   0.191098510716E+01
       1       5       0   0.134933824536E+01
       2       5       0   0.845927057837E+00
       3       5       0   0.154718126271E+01
       4       5       0   0.180739372825E+01
       5       5       0   0.870108815162E+00
       6       5       0   0.789546239972E+00
       7       5       0   0.804492486993E+00
       8       5       0   0.135458371195E+01
       9       5       0  -0.162873491891E+01
       0       6       0   0.112688941540E+01
       1       6       0   0.119579400744E+01
       2       6       0   0.189645826373E+01
       3       6       0   0.823013258975E+00
       4       6       0   0.169889794650E+01
       5       6       0   0.443214337833E-01
       6       6       0   0.756262956599E+00
       7       6       0  -0.919014072620E+00
       8       6       0  -0.137824487565E+01
       9       6       0  -0.184890011923E+01
       0       7       0   0.136308657307E+01
       1       7       0   0.838220476375E+00
       2       7       0   0.100488188621E+01
       3       7       0   0.418627562428E+00
       4       7       0  -0.188895838948E+00
       5       7       0  -0.956155866295E+00
       6       7       0  -0.295825086020E+00
       7       7       0   0.188627538381E+00
       8       7       0  -0.573539461738E+00
       9       7       0  -0.156046778668E+01
       0       8       0  -0.109606076888E+01
       1       8       0   0.119277209888E+01
       2       8       0   0.139133125100E+01
       3       8       0   0.584770491285E+00
       4       8       0   0.643595234686E+00
       5       8       0   0.657900084723E-01
       6       8       0   0.966850212269E+00
       7       8       0   0.833034948443E-02
       8       8       0   0.199590580744E+01
       9       8       0   0.187238341826E+01
       0       9       0   0.191053806477E+01
       1       9       0   0.198113961676E+01
       2       9       0   0.197991806074E+01
       3       9       0   0.191682519262E+01
       4       9       0   0.131879113994E+01
       5       9       0   0.173726509593E+01
       6       9       0   0.127662690131E+01
       7       9       0   0.131920877146E+01
       8       9       0   0.134383698257E+01
       9       9       0   0.191712012540E+01
       0       0       1   0.185560652031E+01
       1       0       1   0.753710178930E+00
       2       0       1  -0.152241201767E+00
       3       0       1   0.435413259954E+00
       4       0       1   0.962695747388E+00
       5       0       1  -0.150984319418E+01
       6       0       1  -0.857392107263E+00
       7       0       1  -0.173317260939E+01
       8       0       1  -0.648033390760E+00
       9       0       1   0.473570951864E+00
       0       1       1  -0.427715910606E-01
       1       1       1   0.932858309863E+00
       2       1       1  -0.345737233020E+00
       3       1       1   0.140746291528E+01
       4       1       1   0.133589614060E+00
       5       1       1  -0.104455958360E+01
       6       1       1  -0.731540972893E+00
       7       1       1  -0.100305503220E+01
       8       1       1   0.128567450097E+01
       9       1       1   0.109339379597E+01
       0       2       1   0.353401062391E-02
       1       2       1   0.148780423166E+01
       2       2       1   0.511832515836E+00
       3       2       1   0.178847998443E+01
       4       2       1   0.269215365699E+00
       5       2       1  -0.124660229679E+01
       6       2       1  -0.116921393678E+00
       7       2       1  -0.736406606509E-01
       8       2       1   0.396356668232E+00
       9       2       1   0.601416296230E+00
       0       3       1   0.103731327309E+01
       1       3       1   0.710285603499E+00
       2       3       1   0.101217259713E+01
       3       3       1   0.154082983855E+01
       4       3       1   0.283806630346E+00
       5       3       1  -0.473389692869E+00
       6       3       1   0.658930358637E+00
       7       3       1   0.141698853915E+01
       8       3       1   0.122834523728E+01
       9       3       1   0.141681655073E+01
       0       4       1   0.133279294133E+01
       1       4       1   0.109002102061E+01
       2       4       1   0.156288093451E+00
       3       4       1   0.554122449165E+00
       4       4       1  -0.857906069405E+00
       5       4       1  -0.253818509685E+00
       6       4       1   0.892106288266E-01
       7       4       1   0.130135795118E+01
       8       4       1   0.140010573407E+01
       9       4       1   0.176131787877E+01
       0       5       1   0.938128363029E-01
       1       5       1   0.120194537992E+01
       2       5       1   0.740596896461E+00
       3       5       1  -0.116738520754E+01
       4       5       1  -0.828267166550E+00
       5       5       1  -0.400139172593E+00
       6       5       1  -0.593545004612E+00
       7       5       1   0.136106939983E+01
       8       5       1   0.181820376681E+01
       9       5       1   0.133697230074E+01
       0       6       1   0.327751393241E+00
       1       6       1   0.113634141765E+01
       2       6       1   0.515147654007E+00
       3       6       1  -0.247860982240E+00
       4       6       1  -0.128209794748E+00
       5       6       1  -0.135723224042E+01
       6       6       1   0.160498415717E+00
       7       6       1   0.197735698635E+00
       8       6       1   0.162921007481E+01
       9       6       1   0.171317011780E+01
       0       7       1   0.196393456636E+01
       1       7       1   0.180780345258E+01
       2       7       1   0.791434793881E+00
       3       7       1   0.178951363130E+00
       4       7       1   0.146223582560E+00
       5       7       1   0.749052645973E+00
       6       7       1   0.524833808989E+00
       7       7       1  -0.592556952261E+00
       8       7       1   0.148193832579E+01
       9       7       1  -0.183931730755E+01
       0       8       1  -0.873167288004E+00
       1       8       1   0.506180213329E+00
       2       8       1  -0.336360602631E+00
       3       8       1  -0.154130605908E+01
       4       8       1  -0.138182054967E+01
       5       8       1  -0.863160047060E+00
       6       8       1  -0.148488656713E+01
       7       8       1  -0.346633005293E+00
       8       8       1  -0.779538104021E+00
       9       8       1  -0.170418399546E+01
       0       9       1   0.166918366535E+00
       1       9       1   0.650142889415E+00
       2       9       1   0.560980804824E+00
       3       9       1  -0.673591583965E+00
       4       9       1  -0.185853726076E+00
       5       9       1  -0.474446550749E+00
       6       9       1  -0.162973029315E+01
       7       9       1  -0.169458870095E+01
       8       9       1  -0.142835645989E+01
       9       9       1  -0.143247489591E+01
       0       0       2  -0.850236327370E+00
       1       0       2  -0.189696220852E+00
       2       0       2  -0.602597373270E+00
       3       0       2   0.145576753225E+01
       4       0       2   0.780488432561E+00
       5       0       2   0.130535424127E+01
       6       0       2  -0.867996139051E-01
       7       0       2   0.202686780780E+00
       8       0       2  -0.285790807686E+00
       9       0       2   0.569401518312E+00
       0       1       2  -0.171889493429E+01
       1       1       2   0.237481003295E+00
       2       1       2  -0.527355028858E+00
       3       1       2  -0.170385383517E+00
       4       1       2   0.628728556948E-01
       5       1       2   0.697738426689E+00
       6       1       2  -0.760873414887E+00
       7       1       2   0.279067567244E-02
       8       1       2   0.107391666663E+01
       9       1       2   0.126931018374E+01
       0       2       2  -0.986147021304E+00
       1       2       2  -0.166674446346E+01
       2       2       2  -0.435779365699E+00
       3       2       2  -0.169636886482E+01
       4       2       2  -0.131201251382E+01
       5       2       2  -0.367133360549E-01
       6       2       2  -0.383802908356E+00
       7       2       2  -0.529632921172E+00
       8       2       2   0.123279179385E+01
       9       2       2   0.511557308043E+00
       0       3       2  -0.461146344621E+00
       1       3       2   0.141910502610E-01
       2       3       2  -0.185179051541E+00
       3       3       2  -0.141390152402E+01
       4       3       2  -0.822088182067E+00
       5       3       2   0.845548319525E-01
       6       3       2  -0.957869398611E+00
       7       3       2  -0.140748663163E+01
       8       3       2   0.777217638376E+00
       9       3       2  -0.508284180081E-01
       0       4       2   0.627307616542E+00
       1       4       2  -0.736516537964E-02
       2       4       2  -0.638237076123E+00
       3       4       2  -0.696362135217E+00
       4       4       2  -0.121487574629E+01
       5       4       2  -0.515061988163E+00
       6       4       2  -0.134582757414E+01
       7       4       2  -0.150932537594E+01
       8       4       2  -0.127214915305E+01
       9       4       2  -0.180380039879E+00
       0       5       2  -0.125730375840E+00
       1       5       2  -0.438726793608E+00
       2       5       2  -0.953127448628E+00
       3       5       2  -0.161036023205E+01
       4       5       2  -0.120159341579E+01
       5       5       2  -0.101675434228E+01
       6       5       2  -0.904532944254E+00
       7       5       2  -0.157353413038E+01
       8       5       2  -0.110767825685E+01
       9       5       2  -0.788464262198E+00
       0       6       2   0.126851962393E+01
       1       6       2   0.130314841308E+01
       2       6       2   0.153039551782E+00
       3       6       2   0.997323678664E-01
       4       6       2   0.281195713955E+00
       5       6       2   0.458341593544E+00
       6       6       2  -0.117910357067E+01
       7       6       2  -0.149241051762E+01
       8       6       2  -0.145885498030E+01
       9       6       2   0.744542876370E+00
       0       7       2  -0.149912862776E+01
       1       7       2  -0.180731174551E+01
       2       7       2  -0.136111586133E+01
       3       7       2  -0.958759799163E+00
       4       7       2  -0.113881708329E+01
       5       7       2   0.755102992234E+00
       6       7       2  -0.125178826412E+00
       7       7       2   0.116806261583E+01
       8       7       2   0.775173929211E+00
       9       7       2   0.324014550510E+00
       0       8       2  -0.185121385827E+01
       1       8       2  -0.182332007833E+01
       2       8       2  -0.933040905515E+00
       3       8       2  -0.150770940268E+01
       4       8       2  -0.108426709638E+01
       5       8       2  -0.142031786080E+01
       6       8       2  -0.969618532648E-01
       7       8       2   0.909425968382E+00
       8       8       2  -0.368072245097E+00
       9       8       2  -0.299115517642E+00
       0       9       2  -0.197740276315E+01
       1       9       2  -0.188704350527E+01
       2       9       2  -0.191031742491E+01
       3       9       2  -0.186285047229E+01
       4       9       2  -0.673891006298E+00
       5       9       2  -0.175243704841E+01
       6       9       2  -0.133137078067E+01
       7       9       2   0.904469621448E+00
       8       9       2  -0.123897009907E+00
       9       9       2  -0.526093167167E+00
       0       0       3   0.795718306671E-01
       1       0       3  -0.828594455189E+00
       2       0       3   0.139092934444E+01
       3       0       3   0.107511533357E+01
       4       0       3  -0.866721611436E+00
       5       0       3  -0.184392141545E+01
       6       0       3  -0.180929331860E+01
       7       0       3  -0.959109602621E+00
       8       0       3  -0.886970832259E+00
       9       0       3  -0.192230469340E+00
       0       1       3   0.779914587203E-01
       1       1       3   0.149685812966E+01
       2       1       3   0.133751848061E+01
       3       1       3   0.526368946703E+00
       4       1       3  -0.109195800533E+01
       5       1       3  -0.128122875810E+01
       6       1       3  -0.890387848940E+00
       7       1       3  -0.174134818334E+01
       8       1       3  -0.143258159119E+01
       9       1       3   0.903695864772E-01
       0       2       3  -0.728325428595E+00
       1       2       3  -0.247046226075E-01
       2       2       3   0.128511639491E+01
       3       2       3  -0.525828514596E+00
       4       2       3  -0.914071612149E+00
       5       2       3  -0.678158723911E+00
       6       2       3  -0.140672709855E+01
       7       2       3  -0.126101721808E+01
       8       2       3  -0.942140493683E+00
       9       2       3  -0.177999743869E+01
       0       3       3  -0.187080764803E+00
       1       3       3   0.555111159504E-01
       2       3       3   0.116736994048E+01
       3       3       3   0.104985796795E+01
       4       3       3   0.269069051889E+00
       5       3       3  -0.407142492516E+00
       6       3       3  -0.143348531468E+01
       7       3       3  -0.144258119385E+01
       8       3       3  -0.168496225368E+01
       9       3       3  -0.192607233939E+01
       0       4       3   0.950713617297E+00
       1       4       3   0.109688429339E+01
       2       4       3   0.175006042232E+01
       3       4       3   0.185952632596E+01
       4       4       3   0.888322998985E+00
       5       4       3  -0.903613400257E+00
       6       4       3  -0.422482781486E+00
       7       4       3  -0.173214149418E+01
       8       4       3  -0.151205093591E+01
       9       4       3  -0.178220662077E+01
       0       5       3  -0.369575550120E+00
       1       5       3  -0.993825571832E+00
       2       5       3   0.173332646769E+01
       3       5       3   0.526586612380E+00
       4       5       3   0.190178329424E+01
       5       5       3   0.749773487922E+00
       6       5       3  -0.169098661301E+00
       7       5       3  -0.191278927223E+00
       8       5       3  -0.192581724404E+01
       9       5       3  -0.269286328297E+00
       0       6       3  -0.200408982783E+00
       1       6       3  -0.118429426437E+01
       2       6       3  -0.832158180583E+00
       3       6       3   0.182278570338E+01
       4       6       3   0.190830977310E+01
       5       6       3   0.172117041349E+01
       6       6       3   0.765917351136E+00
       7       6       3   0.136039770367E+01
       8       6       3  -0.912578991311E+00
       9       6       3   0.163981948677E+01
       0       7       3  -0.836794124489E-01
       1       7       3  -0.149564500997E+01
       2       7       3  -0.176217449727E+01
       3       7       3  -0.253894870294E+00
       4       7       3   0.150117121565E+01
       5       7       3   0.190343904285E+01
       6       7       3   0.101645155898E+01
       7       7       3   0.140680023748E+00
       8       7       3   0.413778484655E-01
       9       7       3   0.873698666056E-01
       0       8       3  -0.180912847010E+01
       1       8       3  -0.186222829872E+01
       2       8       3  -0.164035501031E+01
       3       8       3  -0.918932325659E+00
       4       8       3   0.665348173517E+00
       5       8       3   0.102016967702E+00
       6       8       3   0.158704575547E+00
       7       8       3   0.404897191589E+00
       8       8       3   0.262271536376E+00
       9       8       3  -0.101896232577E+01
       0       9       3  -0.192854878903E+01
       1       9       3  -0.187423716401E+01
       2       9       3  -0.165515063250E+01
       3       9       3  -0.147157645913E+01
       4       9       3  -0.333914607670E+00
       5       9       3  -0.139538166604E+01
       6       9       3   0.433239478012E+00
       7       9       3   0.667288562721E+00
       8       9       3   0.865355114728E+00
       9       9       3  -0.236356378819E+00
       0       0       4  -0.318036994062E+00
       1       0       4   0.993120336245E+00
       2       0       4   0.129213550180E+01
       3       0       4   0.659131695790E+00
       4       0       4  -0.102205547258E+01
       5       0       4  -0.147024753949E+01
       6       0       4  -0.180817963625E+01
       7       0       4  -0.127942003750E+01
       8       0       4  -0.962546516112E+00
       9       0       4   0.378101385717E+00
       0       1       4   0.173384943824E+01
       1       1       4   0.152013075161E+01
       2       1       4   0.426078157582E+00
       3       1       4   0.491818470646E+00
       4       1       4  -0.120645124249E+01
       5       1       4  -0.190754754521E+01
       6       1       4  -0.161807402404E+01
       7       1       4  -0.108063413153E+01
       8       1       4  -0.584041340877E+00
       9       1       4   0.501250171514E-01
       0       2       4   0.779795230373E+00
       1       2       4   0.489197121471E+00
       2       2       4   0.101348457762E+01
       3       2       4  -0.144124666621E+00
       4       2       4  -0.129712777987E+01
       5       2       4  -0.142215693721E+01
       6       2       4  -0.187189264517E+01
       7       2       4  -0.174396407317E+01
       8       2       4  -0.982049553226E+00
       9       2       4  -0.501840111583E+00
       0       3       4   0.159638570387E+01
       1       3       4   0.105340806422E+01
       2       3       4   0.145067850653E+01
       3       3       4   0.187308809709E+01
       4       3       4   0.188830220397E+01
       5       3       4   0.616355689804E-01
       6       3       4  -0.164067964762E+01
       7       3       4  -0.163506862322E+01
       8       3       4  -0.179910991540E+01
       9       3       4  -0.352849063391E+00
       0       4       4   0.145316246322E+01
       1       4       4   0.879828748939E+00
       2       4       4   0.196615491566E+01
       3       4       4   0.183721536716E+01
       4       4       4   0.186778158021E+01
       5       4       4   0.100221459917E+01
       6       4       4   0.168211340217E+00
       7       4       4  -0.171280053428E+01
       8       4       4  -0.194886871414E+01
       9       4       4  -0.194352105419E+01
       0       5       4   0.891460207632E+00
       1       5       4  -0.913226591557E+00
       2       5       4   0.166705620534E+01
       3       5       4   0.195943901543E+01
       4       5       4   0.167521126690E+01
       5       5       4   0.134128074804E+01
       6       5       4   0.160250854226E+00
       7       5       4   0.156364231094E+00
       8       5       4  -0.169525934132E+01
       9       5       4  -0.125371402781E+01
       0       6       4   0.656691174916E+00
       1       6       4  -0.248388673856E+00
       2       6       4   0.371505678506E+00
       3       6       4   0.194262369355E+01
       4       6       4   0.196876008308E+01
       5       6       4   0.156115308120E+01
       6       6       4   0.134628608462E+01
       7       6       4   0.686938168680E-01
       8       6       4   0.413713679069E+00
       9       6       4  -0.694972081698E+00
       0       7       4  -0.845880791553E+00
       1       7       4  -0.766422119659E+00
       2       7       4  -0.102494033438E+01
       3       7       4   0.433417614847E+00
       4       7       4   0.132929421092E+01
       5       7       4   0.160658931302E+01
       6       7       4   0.169350852252E+01
       7       7       4   0.150000240407E+01
       8       7       4   0.984559500727E+00
       9       7       4   0.961495265481E+00
       0       8       4  -0.137508347332E+01
       1       8       4  -0.178275799785E+01
       2       8       4  -0.164774839137E+01
       3       8       4  -0.103364320795E+01
       4       8       4   0.129395647141E+01
       5       8       4   0.174029756732E+01
       6       8       4   0.115356332152E+01
       7       8       4   0.155281232374E+01
       8       8       4   0.119194214809E+01
       9       8       4  -0.110153049525E+00
       0       9       4  -0.118958683895E+01
       1       9       4  -0.194787768780E+01
       2       9       4  -0.141034543613E+01
       3       9       4  -0.518702839645E+00
       4       9       4  -0.906580291363E+00
       5       9       4  -0.615748346766E+00
       6       9       4   0.572792856108E+00
       7       9       4   0.101848491409E+01
       8       9       4  -0.764270495136E-01
       9       9       4   0.410629120553E+00
       0       0       5   0.171082875216E+01
       1       0       5   0.110506102366E+01
       2       0       5   0.154802350384E+01
       3       0       5   0.134961012276E+01
       4       0       5   0.102758020193E+00
       5       0       5  -0.143372705647E+01
       6       0       5  -0.167601564086E+01
       7       0       5  -0.124467876056E+01
       8       0       5  -0.374551783455E+00
       9       0       5  -0.320931088555E-01
       0       1       5   0.186738932786E+01
       1       1       5   0.160960516478E+01
       2       1       5   0.159199810078E+01
       3       1       5  -0.102066340326E+01
       4       1       5  -0.869771540884E+00
       5       1       5  -0.178877670796E+01
       6       1       5  -0.820114160181E+00
       7       1       5  -0.107606091196E+01
       8       1       5  -0.331479008598E+00
       9       1       5  -0.505986727510E+00
       0       2       5   0.187270425623E+01
       1       2       5   0.563883895953E+00
       2       2       5   0.858553422944E+00
       3       2       5   0.261530553096E+00
       4       2       5   0.742759168048E+00
       5       2       5  -0.290068159377E+00
       6       2       5  -0.159277594556E+01
       7       2       5  -0.124827800152E+01
       8       2       5  -0.114197835224E+01
       9       2       5  -0.130451234052E+01
       0       3       5   0.145251591382E+01
       1       3       5   0.126053648382E+01
       2       3       5   0.187244500006E+01
       3       3       5   0.133720756405E+01
       4       3       5   0.116045776999E+01
       5       3       5  -0.129560327257E+01
       6       3       5  -0.156266266697E+01
       7       3       5  -0.160588665192E+01
       8       3       5  -0.187495334947E+01
       9       3       5  -0.134786326169E+01
       0       4       5   0.353066830372E+00
       1       4       5   0.127868988135E+01
       2       4       5   0.161073603949E+01
       3       4       5   0.153111929967E+01
       4       4       5   0.158961170657E+01
       5       4       5   0.100021489398E+01
       6       4       5  -0.125284281445E+00
       7       4       5  -0.147701948077E+01
       8       4       5  -0.180340170519E+01
       9       4       5  -0.121010524601E+01
       0       5       5   0.134228567477E+01
       1       5       5   0.143345694226E+01
       2       5       5   0.149729655574E+01
       3       5       5   0.164819400412E+01
       4       5       5   0.198203850817E+01
       5       5       5   0.180784695950E+01
       6       5       5   0.947486915382E+00
       7       5       5   0.266979095289E+00
       8       5       5  -0.134419410286E+01
       9       5       5  -0.108906757702E+01
       0       6       5   0.142977954988E+01
       1       6       5  -0.933404289807E-01
       2       6       5   0.110479466930E+01
       3       6       5   0.164999383758E+01
       4       6       5   0.194694200894E+01
       5       6       5   0.194229495014E+01
       6       6       5   0.146251481828E+01
       7       6       5   0.168458135638E+01
       8       6       5  -0.762891329389E+00
       9       6       5  -0.744267848230E-01
       0       7       5  -0.651660632559E-01
       1       7       5  -0.187164151221E+01
       2       7       5  -0.598767589582E+00
       3       7       5   0.189951971850E+00
       4       7       5   0.132232612497E+01
       5       7       5   0.180941779450E+01
       6       7       5   0.446858608578E+00
       7       7       5   0.135182425762E+01
       8       7       5   0.741237779544E+00
       9       7       5   0.149893283508E+01
       0       8       5  -0.143043633260E+01
       1       8       5  -0.192049989249E+01
       2       8       5  -0.195787708438E+01
       3       8       5  -0.604344570357E+00
       4       8       5   0.874430673667E+00
       5       8       5   0.152258710084E+01
       6       8       5   0.193969314853E+01
       7       8       5   0.154241695770E+01
       8       8       5   0.130389386529E+01
       9       8       5   0.139381941404E+01
       0       9       5  -0.179749218878E+01
       1       9       5  -0.183639138456E+01
       2       9       5  -0.672954540116E+00
       3       9       5  -0.826105118217E+00
       4       9       5   0.849555602954E-01
       5       9       5   0.100798432063E+01
       6       9       5   0.157796142602E+01
       7       9       5   0.174986511396E+01
       8       9       5   0.569411594551E+00
       9       9       5   0.122303526221E+01
       0       0       6   0.195637261911E+01
       1       0       6   0.161513554265E+01
       2       0       6   0.125054300075E+01
       3       0       6   0.788498127527E+00
       4       0       6   0.841892320115E+00
       5       0       6  -0.273174416025E+00
       6       0       6  -0.774645926357E+00
       7       0       6  -0.136979489947E+01
       8       0       6   0.637545800260E-01
       9       0       6   0.128510417089E+01
       0       1       6   0.193873674470E+01
       1       1       6   0.190514326954E+01
       2       1       6   0.418527459130E-01
       3       1       6  -0.184974164538E-01
       4       1       6  -0.812454264747E+00
       5       1       6  -0.933639415872E-01
       6       1       6  -0.122016733407E+01
       7       1       6  -0.170891421036E+01
       8       1       6  -0.690237478845E+00
       9       1       6  -0.249980990471E+00
       0       2       6   0.186447149486E+01
       1       2       6   0.181786191837E+01
       2       2       6   0.121369820385E+01
       3       2       6   0.116223715335E+01
       4       2       6  -0.888879346685E+00
       5       2       6  -0.108543330815E+01
       6       2       6  -0.192784980315E+01
       7       2       6  -0.874489013763E+00
       8       2       6  -0.839428922054E+00
       9       2       6  -0.852755306283E+00
       0       3       6   0.190736578806E+01
       1       3       6   0.171902279578E+01
       2       3       6   0.124856817350E+01
       3       3       6   0.184896126935E-01
       4       3       6  -0.105451276270E+00
       5       3       6  -0.993482934064E+00
       6       3       6  -0.152429409080E+01
       7       3       6  -0.139817877052E+01
       8       3       6  -0.381074326855E+00
       9       3       6   0.168389740586E+00
       0       4       6   0.121230690149E+01
       1       4       6   0.159624306357E+01
       2       4       6   0.669400847527E+00
       3       4       6   0.728701300414E+00
       4       4       6   0.929597635766E+00
       5       4       6  -0.121739665740E+01
       6       4       6   0.304658882381E+00
       7       4       6  -0.129059229019E+01
       8       4       6  -0.101763382597E+01
       9       4       6   0.133019141819E+01
       0       5       6   0.169880569524E+01
       1       5       6   0.150729962435E+01
       2       5       6   0.117766277682E+01
       3       5       6   0.151544025792E+01
       4       5       6   0.185143039049E+01
       5       5       6   0.128276323014E+01
       6       5       6   0.176170316845E+01
       7       5       6   0.105695697003E+01
       8       5       6  -0.645948700509E+00
       9       5       6   0.611224163102E+00
       0       6       6   0.855850629199E+00
       1       6       6  -0.177183700597E+00
       2       6       6  -0.218064055171E-01
       3       6       6   0.940410297858E+00
       4       6       6   0.817814540832E+00
       5       6       6   0.155502944407E+01
       6       6       6   0.169473134670E+01
       7       6       6   0.169432464930E+01
       8       6       6   0.447861573898E+00
       9       6       6   0.799827873015E+00
       0       7       6   0.866869246449E+00
       1       7       6  -0.144491065319E+01
       2       7       6  -0.142610102735E+01
       3       7       6   0.104495553151E+00
       4       7       6  -0.738814935339E+00
       5       7       6   0.118268837894E+01
       6       7       6   0.115804459274E+01
       7       7       6   0.175562932650E+01
       8       7       6   0.113234305025E+01
       9       7       6   0.182050245918E+01
       0       8       6  -0.853275343505E+00
       1       8       6  -0.159702060511E+01
       2       8       6  -0.194294832454E+01
       3       8       6   0.370699328504E+00
       4       8       6  -0.144058606271E+01
       5       8       6   0.143939256070E+01
       6       8       6   0.116414054653E+01
       7       8       6   0.172993501894E+01
       8       8       6   0.185397848915E+01
       9       8       6   0.129956644633E+01
       0       9       6  -0.163545245389E+01
       1       9       6  -0.174911581236E+01
       2       9       6  -0.157081949874E+01
       3       9       6  -0.755528729167E+00
       4       9       6   0.555821522342E+00
       5       9       6   0.147308022728E+01
       6       9       6   0.172419897527E+01
       7       9       6   0.196109346059E+01
       8       9       6   0.195255110513E+01
       9       9       6   0.102469405544E+01
       0       0       7   0.157885493056E+01
       1       0       7   0.780751754538E+00
       2       0       7   0.635862925525E+00
       3       0       7   0.638246392607E+00
       4       0       7   0.957428117938E+00
       5       0       7  -0.154862237650E+01
       6       0       7   0.308415885757E+00
       7       0       7  -0.892153158749E+00
       8       0       7   0.493898175461E+00
       9       0       7   0.780776986998E+00
       0       1       7   0.187708895309E+01
       1       1       7   0.164839804540E+01
       2       1       7   0.118196869391E+01
       3       1       7   0.232293378020E-01
       4       1       7  -0.147432669840E+01
       5       1       7  -0.132950053371E+01
       6       1       7  -0.124394773208E+01
       7       1       7  -0.984514931349E+00
       8       1       7  -0.335757346342E-01
       9       1       7   0.114466613081E+00
       0       2       7   0.186435686184E+01
       1       2       7   0.190460001532E+01
       2       2       7   0.852419664652E+00
       3       2       7   0.758302716308E+00
       4       2       7  -0.342638163079E+00
       5       2       7  -0.163808049810E+01
       6       2       7  -0.145707135655E+01
       7       2       7  -0.125688580494E+01
       8       2       7  -0.683090716200E+00
       9       2       7  -0.297898773353E+00
       0       3       7   0.145649846032E+01
       1       3       7   0.362653739697E+00
       2       3       7   0.127778945954E+01
       3       3       7   0.926753215420E+00
       4       3       7   0.676814861363E+00
       5       3       7  -0.128169018139E+01
       6       3       7  -0.745447475619E+00
       7       3       7  -0.693900857051E+00
       8       3       7  -0.141454407409E+00
       9       3       7   0.211532327886E+00
       0       4       7   0.146894374642E+01
       1       4       7   0.143570017135E+01
       2       4       7   0.917582551413E+00
       3       4       7   0.126885151024E+01
       4       4       7   0.615913658335E+00
       5       4       7  -0.145903282457E+01
       6       4       7   0.581246306520E+00
       7       4       7   0.170170751806E+00
       8       4       7   0.669117566553E+00
       9       4       7   0.139902416517E+01
       0       5       7   0.177515644224E+01
       1       5       7   0.183939743082E+01
       2       5       7   0.290402078915E+00
       3       5       7   0.638139376655E+00
       4       5       7  -0.275479008721E+00
       5       5       7  -0.349308206848E+00
       6       5       7   0.666497880835E+00
       7       5       7   0.384115002091E+00
       8       5       7   0.345005381439E+00
       9       5       7   0.197730046057E+01
       0       6       7   0.513124404339E+00
       1       6       7   0.293688145494E+00
       2       6       7  -0.630547831045E+00
       3       6       7  -0.716528644253E-02
       4       6       7  -0.588087397744E+00
       5       6       7   0.277726638855E+00
       6       6       7   0.458790093331E+00
       7       6       7   0.153702826152E+01
       8       6       7   0.318054620458E+00
       9       6       7   0.964835763087E+00
       0       7       7  -0.418876895841E+00
       1       7       7  -0.156838825333E+01
       2       7       7  -0.473121270257E+00
       3       7       7  -0.178498627876E+01
       4       7       7  -0.959452519821E+00
       5       7       7  -0.210514638413E+00
       6       7       7   0.106685891743E+01
       7       7       7   0.168556113543E+01
       8       7       7   0.114717339033E+01
       9       7       7   0.146289823540E+01
       0       8       7  -0.175940260000E+01
       1       8       7  -0.158330364729E+01
       2       8       7  -0.787847795969E+00
       3       8       7  -0.110080901642E+01
       4       8       7  -0.837812131989E+00
       5       8       7   0.110649636873E+00
       6       8       7   0.119312647955E+01
       7       8       7   0.115271039605E+01
       8       8       7   0.641203648085E+00
       9       8       7   0.151615512967E+01
       0       9       7  -0.195455563279E+01
       1       9       7  -0.196761702876E+01
       2       9       7  -0.159175925051E+01
       3       9       7  -0.134779868968E+01
       4       9       7   0.307688659654E+00
       5       9       7   0.909372053770E+00
       6       9       7   0.144852539137E+01
       7       9       7   0.146505187369E+01
       8       9       7   0.166938470615E+01
       9       9       7   0.138543488073E+01
       0       0       8   0.973392002167E+00
       1       0       8   0.112732450089E+01
       2       0       8   0.125838816632E+01
       3       0       8  -0.333253786633E+00
       4       0       8  -0.743204580013E+00
       5       0       8  -0.159973716243E+01
       6       0       8  -0.120394654602E+01
       7       0       8  -0.120059072588E+01
       8       0       8   0.348334037390E+00
       9       0       8   0.196346617692E+01
       0       1       8   0.193745237560E+01
       1       1       8   0.101677601120E+01
       2       1       8   0.104858204753E+00
       3       1       8   0.155998724129E+01
       4       1       8  -0.429571786460E+00
       5       1       8  -0.503885720836E+00
       6       1       8  -0.812562574895E+00
       7       1       8  -0.143886155621E+01
       8       1       8   0.683267103816E+00
       9       1       8   0.134387056197E+01
       0       2       8   0.108612996880E+01
       1       2       8   0.118476863412E+01
       2       2       8   0.715881077569E+00
       3       2       8   0.187346414800E+01
       4       2       8   0.361098778325E+00
       5       2       8  -0.104510060945E+00
       6       2       8   0.683375619277E+00
       7       2       8  -0.138651502598E+00
       8       2       8   0.279118629064E+00
       9       2       8   0.798819083625E+00
       0       3       8   0.771183825738E+00
       1       3       8  -0.143050588269E+01
       2       3       8   0.165409144735E+00
       3       3       8   0.120461965185E+01
       4       3       8   0.143412279693E+01
       5       3       8   0.752875151119E+00
       6       3       8   0.182543543687E+01
       7       3       8   0.138482374660E+01
       8       3       8   0.315097227213E+00
       9       3       8   0.762687742471E+00
       0       4       8   0.580284292712E+00
       1       4       8   0.215023043642E+00
       2       4       8  -0.583864348612E+00
       3       4       8   0.131071173875E+01
       4       4       8   0.245498843184E+00
       5       4       8  -0.901380966297E+00
       6       4       8   0.861822383953E+00
       7       4       8   0.428781906795E+00
       8       4       8   0.179431546642E+01
       9       4       8   0.166308069561E+01
       0       5       8   0.907364598067E+00
       1       5       8  -0.334055681053E+00
       2       5       8   0.492621061055E+00
       3       5       8   0.130599491001E+01
       4       5       8   0.106785748169E+01
       5       5       8   0.377949909351E+00
       6       5       8   0.219059032384E+00
       7       5       8   0.190457505443E+00
       8       5       8   0.896881424179E+00
       9       5       8   0.114195996301E+01
       0       6       8  -0.577002142777E+00
       1       6       8  -0.181203091291E+01
       2       6       8  -0.181196476842E+01
       3       6       8  -0.542848405747E+00
       4       6       8  -0.262371063179E+00
       5       6       8   0.147136615593E+00
       6       6       8   0.545271630195E+00
       7       6       8   0.160902978853E+01
       8       6       8   0.169952763469E+01
       9       6       8   0.615113341536E+00
       0       7       8  -0.840999734622E+00
       1       7       8  -0.192100629548E+01
       2       7       8  -0.182594974234E+01
       3       7       8  -0.139020681082E+01
       4       7       8  -0.533814157776E+00
       5       7       8   0.122110870316E+01
       6       7       8   0.120071041812E+01
       7       7       8   0.130020428855E+01
       8       7       8   0.128801358224E+01
       9       7       8   0.189264388906E+01
       0       8       8  -0.281340941496E+00
       1       8       8  -0.190232971614E+01
       2       8       8  -0.123672499978E+01
       3       8       8  -0.711072605108E+00
       4       8       8  -0.360573374781E+00
       5       8       8   0.919489339169E+00
       6       8       8   0.180571358700E+01
       7       8       8   0.868683119186E+00
       8       8       8   0.126069925856E+01
       9       8       8   0.190858948325E+01
       0       9       8  -0.519099500503E+00
       1       9       8  -0.176153429683E+01
       2       9       8  -0.178539374203E+01
       3       9       8  -0.676819695313E+00
       4       9       8   0.876731033337E+00
       5       9       8   0.107654437253E+01
       6       9       8   0.181054725086E+01
       7       9       8   0.179455679835E+01
       8       9       8   0.177097904075E+01
       9       9       8   0.183629492660E+01
       0       0       9   0.154769914608E+01
       1       0       9   0.566052661373E+00
       2       0       9   0.484760216015E+00
       3       0       9  -0.679673159460E-01
       4       0       9  -0.290054870037E+00
       5       0       9  -0.768835609449E+00
       6       0       9  -0.474928457721E+00
       7       0       9  -0.406125770014E+00
       8       0       9   0.103690716080E+01
       9       0       9   0.526336509564E+00
       0       1       9   0.942061536406E+00
       1       1       9   0.102422182381E+01
       2       1       9   0.114883391048E+01
       3       1       9   0.293139712980E+00
       4       1       9  -0.344998092979E-01
       5       1       9  -0.139045477849E+01
       6       1       9   0.351752024971E+00
       7       1       9   0.124696153371E+01
       8       1       9   0.682951121201E+00
       9       1       9   0.164181162314E+01
       0       2       9   0.112325990317E+01
       1       2       9  -0.216591533973E+00
       2       2       9  -0.529636249119E+00
       3       2       9   0.995719513332E+00
       4       2       9   0.156430424625E+01
       5       2       9   0.106505856687E+01
       6       2       9   0.128834253513E+01
       7       2       9   0.164571716695E+01
       8       2       9   0.401285004015E+00
       9       2       9   0.183355024563E+01
       0       3       9   0.775500454590E+00
       1       3       9  -0.827587794119E+00
       2       3       9   0.249629567633E+00
       3       3       9   0.141787832118E+01
       4       3       9   0.177933544036E+01
       5       3       9   0.193484461841E+01
       6       3       9   0.187763864737E+01
       7       3       9   0.163544813660E+01
       8       3       9   0.126451250387E+01
       9       3       9   0.188433548437E+01
       0       4       9   0.517136759688E+00
       1       4       9  -0.313617131029E+00
       2       4       9  -0.738254277703E+00
       3       4       9   0.308493775969E-01
       4       4       9   0.917935420011E+00
       5       4       9   0.152145801891E+01
       6       4       9   0.155888047069E+01
       7       4       9   0.170755375876E+01
       8       4       9   0.195126420497E+01
       9       4       9   0.190071836869E+01
       0       5       9   0.158521926179E+01
       1       5       9  -0.374015628092E+00
       2       5       9  -0.427397781949E+00
       3       5       9   0.168447953994E+00
       4       5       9   0.184128299170E+01
       5       5       9   0.986270797364E+00
       6       5       9   0.195024413161E+01
       7       5       9   0.175951303219E+01
       8       5       9   0.168842680136E+01
       9       5       9   0.146919542442E+01
       0       6       9   0.352162500174E+00
       1       6       9   0.169615234478E-01
       2       6       9  -0.182981385458E+01
       3       6       9  -0.131806829484E+01
       4       6       9  -0.668753909240E+00
       5       6       9   0.799698005424E+00
       6       6       9   0.172381754140E+01
       7       6       9   0.194820685462E+01
       8       6       9   0.176332448002E+01
       9       6       9   0.136095577210E+01
       0       7       9  -0.163514142390E+00
       1       7       9  -0.166437085338E+01
       2       7       9  -0.148668037800E+01
       3       7       9  -0.166759192909E+01
       4       7       9  -0.262773924940E-01
       5       7       9   0.162680582916E+01
       6       7       9   0.161258980124E+01
       7       7       9   0.198998389577E+01
       8       7       9   0.198360591646E+01
       9       7       9   0.133034444703E+01
       0       8       9  -0.813441519472E+00
       1       8       9  -0.138720616522E+01
       2       8       9  -0.187931398569E+01
       3       8       9  -0.137937203314E+01
       4       8       9   0.500360422949E+00
       5       8       9   0.801810237329E+00
       6       8       9   0.134229330971E+01
       7       8       9   0.140577135515E+01
       8       8       9   0.194285411805E+01
       9       8       9   0.184606732311E+01
       0       9       9  -0.156312318887E+01
       1       9       9  -0.146887252540E+01
       2       9       9  -0.181850812254E+01
       3       9       9  -0.149110021680E+01
       4       9       9   0.376854515145E+00
       5       9       9   0.117501173962E+01
       6       9       9   0.133157073849E+01
       7       9       9   0.154387700631E+01
       8       9       9   0.167050204585E+01
       9       9       9   0.190646687017E+01
