 # ix iy layer isite phi
       0       0       0  -0.939748381812E+00
       1       0       0  -0.952872715838E+00
       2       0       0   0.104749537543E+00
       3       0       0   0.961481280118E+00
       4       0       0  -0.232923162383E+00
       5       0       0  -0.921792333121E+00
       6       0       0  -0.169698122348E+01
       7       0       0  -0.168316533038E+01
       8       0       0  -0.186273460852E+01
       9       0       0  -0.176420871738E+01
       0       1       0  -0.146211314390E+01
       1       1       0   0.951703802440E+00
       2       1       0   0.647370112126E+00
       3       1       0   0.171944537768E+01
       4       1       0   0.174556263359E+01
       5       1       0   0.706148717110E+00
       6       1       0   0.478401968485E+00
       7       1       0  -0.133421801754E+01
       8       1       0  -0.124470583413E+01
       9       1       0  -0.135357302075E+01
       0       2       0   0.625689483475E+00
       1       2       0   0.152268875449E+01
       2       2       0   0.163673560274E+01
       3       2       0   0.188466326664E+01
       4       2       0   0.189827431299E+01
       5       2       0   0.173831572518E+01
       6       2       0   0.144020146990E+01
       7       2       0  -0.977257669953E+00
       8       2       0  -0.319331379084E+00
       9       2       0  -0.605491115927E-01
       0       3       0   0.928637306725E+00
       1       3       0   0.178294849076E+01
       2       3       0   0.199514331058E+01
       3       3       0   0.199849410775E+01
       4       3       0   0.198122357099E+01
       5       3       0   0.167828808588E+01
       6       3       0   0.593894533832E+00
       7       3       0   0.477810580905E+00
       8       3       0  -0.515862910507E+00
       9       3       0  -0.113557937432E+01
       0       4       0  -0.744951442768E+00
       1       4       0   0.187719466416E+01
       2       4       0   0.191394405417E+01
       3       4       0   0.197624871654E+01
       4       4       0   0.199343671504E+01
       5       4       0   0.190142695545E+01
       6       4       0   0.121597869368E+01
       7       4       0  -0.520875927276E+00
       8       4       0  -0.140728029170E+01
       9       4       0  -0.148225466614E+00
       0       5       0   0.296591560895E+00
       1       5       0   0.193707815695E+01
       2       5       0   0.199602184398E+01
       3       5       0   0.199377434249E+01
       4       5       0   0.194695389966E+01
       5       5       0   0.198463495290E+01
       6       5       0   0.196202200421E+01
       7       5       0   0.164850687890E+01
       8       5       0   0.449466187943E+00
       9       5       0  -0.551413147899E+00
       0       6       0   0.117146097596E+01
       1       6       0   0.113379876487E+01
       2       6       0   0.190109017938E+01
       3       6       0   0.179404980889E+01
       4       6       0   0.183463456447E+01
       5       6       0   0.189324366591E+01
       6       6       0   0.191219577104E+01
       7       6       0   0.183903109937E+01
       8       6       0   0.132577135977E+01
       9       6       0   0.198447140658E+00
       0       7       0   0.119575503982E+01
       1       7       0   0.121498903036E+01
       2       7       0   0.167587640942E+01
       3       7       0   0.185233233160E+01
       4       7       0   0.157186118320E+01
       5       7       0   0.197333111835E+01
       6       7       0   0.170586191084E+01
       7       7       0   0.692698147441E+00
       8       7       0   0.147882496004E+01
       9       7       0   0.424362641215E-01
       0       8       0   0.106467219893E+01
       1       8       0   0.107357595070E+01
       2       8       0   0.187015287836E+01
       3       8       0   0.174669652172E+01
       4       8       0   0.176309020225E+01
       5       8       0   0.156296953027E+01
       6       8       0   0.154165430366E+01
       7       8       0   0.123363884275E+01
       8       8       0   0.140888252564E+01
       9       8       0  -0.179357161525E+01
       0       9       0  -0.456686828989E-01
       1       9       0   0.614677489474E+00
       2       9       0  -0.117622453191E+01
       3       9       0  -0.186059260030E+01
       4       9       0  -0.220246219431E+00
       5       9       0  -0.681433328547E+00
       6       9       0  -0.105495862010E+01
       7       9       0  -0.159100249378E+01
       8       9       0  -0.152917163043E+01
       9       9       0  -0.195827132442E+01
       0       0       1  -0.169186981447E+01
       1       0       1   0.305735140617E+00
       2       0       1  -0.298178579334E+00
       3       0       1  -0.942414659847E-01
       4       0       1  -0.795869269823E+00
       5       0       1  -0.103007301817E+01
       6       0       1  -0.191254493388E+01
       7       0       1  -0.156057056256E+01
       8       0       1  -0.770557306153E+00
       9       0       1  -0.142938714741E+01
       0       1       1  -0.154504119647E+00
       1       1       1  -0.349168974629E+00
       2       1       1   0.127261467378E+00
       3       1       1  -0.487794728133E+00
       4       1       1   0.561179066826E+00
       5       1       1  -0.559093298448E+00
       6       1       1  -0.760720879310E+00
       7       1       1  -0.135385153041E+01
       8       1       1  -0.902457507245E+00
       9       1       1  -0.200952056845E+00
       0       2       1  -0.147860518855E+01
       1       2       1  -0.391158172256E+00
       2       2       1  -0.399122595086E+00
       3       2       1   0.161284130842E+01
       4       2       1   0.407491180864E+00
       5       2       1  -0.145592465119E+01
       6       2       1  -0.111366704648E+01
       7       2       1  -0.146405930889E+01
       8       2       1   0.208992323905E+00
       9       2       1   0.870388796409E+00
       0       3       1  -0.170258605836E+01
       1       3       1  -0.602049952228E+00
       2       3       1  -0.318224062305E+00
       3       3       1   0.104927178662E+01
       4       3       1   0.118513773773E+01
       5       3       1  -0.112048646984E+01
       6       3       1  -0.174498873960E+01
       7       3       1  -0.118991770618E+01
       8       3       1   0.672094808540E+00
       9       3       1   0.162572354170E+01
       0       4       1  -0.140525848482E+01
       1       4       1  -0.107401714251E+01
       2       4       1  -0.619614499849E+00
       3       4       1   0.975678903968E+00
       4       4       1   0.105017010223E+01
       5       4       1   0.155776324693E+01
       6       4       1  -0.747510560287E+00
       7       4       1   0.292222378152E+00
       8       4       1   0.195198458113E+00
       9       4       1   0.138427196288E+01
       0       5       1  -0.115749024572E+01
       1       5       1  -0.138565791577E+01
       2       5       1   0.407364984753E+00
       3       5       1   0.137964269466E+01
       4       5       1   0.123141966255E+01
       5       5       1   0.189550706746E+01
       6       5       1   0.126827242721E+01
       7       5       1   0.135236057899E+01
       8       5       1   0.644358568996E+00
       9       5       1  -0.269665062536E+00
       0       6       1  -0.953070369108E+00
       1       6       1   0.226369767344E+00
       2       6       1  -0.149565824977E+01
       3       6       1  -0.680758354928E-01
       4       6       1   0.945791279816E+00
       5       6       1   0.573594461144E+00
       6       6       1   0.651653394891E+00
       7       6       1   0.786714545401E+00
       8       6       1  -0.927773939470E+00
       9       6       1  -0.109653576998E+01
       0       7       1   0.254199226514E+00
       1       7       1  -0.865847938120E-01
       2       7       1  -0.125252577353E+01
       3       7       1  -0.175095870634E+01
       4       7       1  -0.763980808113E+00
       5       7       1   0.359008337978E+00
       6       7       1   0.990226649616E+00
       7       7       1  -0.934254007200E+00
       8       7       1  -0.418458203444E+00
       9       7       1   0.265941006917E+00
       0       8       1   0.108745095058E+00
       1       8       1  -0.637149431677E+00
       2       8       1  -0.184390720923E+01
       3       8       1  -0.156345937066E+01
       4       8       1  -0.380674865837E+00
       5       8       1   0.847292821959E+00
       6       8       1   0.761675149899E+00
       7       8       1  -0.244270109484E+00
       8       8       1  -0.513707668342E-01
       9       8       1  -0.168979459782E+01
       0       9       1   0.338712294503E+00
       1       9       1  -0.128320116935E+01
       2       9       1  -0.870510903810E+00
       3       9       1  -0.115078020158E+01
       4       9       1  -0.147560087703E+01
       5       9       1  -0.433349552852E+00
       6       9       1  -0.136566473911E+00
       7       9       1  -0.104723411888E+01
       8       9       1  -0.133012517355E+01
       9       9       1  -0.849094321142E+00
       0       0       2  -0.174411660587E+01
       1       0       2  -0.417966260165E+00
       2       0       2  -0.260910132334E+00
       3       0       2  -0.637369540898E+00
       4       0       2  -0.185273908722E+01
       5       0       2  -0.190633333965E+01
       6       0       2  -0.181173893824E+01
       7       0       2  -0.658060249374E+00
       8       0       2  -0.121737899902E+01
       9       0       2  -0.122480378661E+01
       0       1       2  -0.123649731479E+01
       1       1       2   0.578714550361E-01
       2       1       2  -0.120274008643E+01
       3       1       2  -0.892031166112E-01
       4       1       2  -0.114958746353E+01
       5       1       2  -0.147590971443E+01
       6       1       2  -0.135830406457E+01
       7       1       2  -0.494890341479E+00
       8       1       2  -0.189637324620E+01
       9       1       2  -0.144292220514E+01
       0       2       2   0.395742912718E-01
       1       2       2   0.503434613434E+00
       2       2       2  -0.462285466126E-02
       3       2       2  -0.399685961643E+00
       4       2       2  -0.124294619166E+01
       5       2       2  -0.118315550599E+01
       6       2       2  -0.184474511280E+01
       7       2       2  -0.195213294035E+01
       8       2       2  -0.159774548447E+01
       9       2       2  -0.122649486974E+01
       0       3       2   0.324977843268E+00
       1       3       2  -0.356286732711E+00
       2       3       2  -0.142828967091E+01
       3       3       2  -0.106444320588E+01
       4       3       2   0.663645303342E+00
       5       3       2  -0.289090812470E+00
       6       3       2  -0.183521509603E+01
       7       3       2  -0.163837373464E+01
       8       3       2  -0.176343307169E+01
       9       3       2   0.630167925522E+00
       0       4       2  -0.394077215056E+00
       1       4       2  -0.113705327995E+01
       2       4       2  -0.993726807049E+00
       3       4       2  -0.415177777900E+00
       4       4       2  -0.108294516033E+01
       5       4       2   0.660085766873E+00
       6       4       2   0.121881438852E+01
       7       4       2   0.430290016877E+00
       8       4       2  -0.217168206056E+00
       9       4       2   0.629149803800E-01
       0       5       2  -0.161417786922E+01
       1       5       2  -0.158883352198E+01
       2       5       2  -0.112278067854E+01
       3       5       2  -0.129305282400E+00
       4       5       2  -0.106424617505E+01
       5       5       2   0.109714462435E+01
       6       5       2   0.166572263577E+01
       7       5       2   0.107071324219E+01
       8       5       2   0.447380157086E+00
       9       5       2  -0.115949554460E+01
       0       6       2  -0.971326442879E+00
       1       6       2  -0.123295045923E+01
       2       6       2  -0.108689273261E+01
       3       6       2  -0.560447639976E+00
       4       6       2  -0.151986925734E+00
       5       6       2   0.967654443203E+00
       6       6       2   0.133971574977E+01
       7       6       2   0.805467516763E+00
       8       6       2   0.114440723796E+01
       9       6       2  -0.210194795914E+00
       0       7       2   0.671031899494E+00
       1       7       2  -0.148939607884E+00
       2       7       2   0.119111292551E+00
       3       7       2  -0.991830574767E+00
       4       7       2  -0.959173203744E-01
       5       7       2   0.147440274787E+00
       6       7       2   0.793195462154E+00
       7       7       2  -0.330782167384E-01
       8       7       2  -0.294460394270E-01
       9       7       2  -0.631820002913E+00
       0       8       2   0.552554427598E+00
       1       8       2  -0.382580509337E+00
       2       8       2  -0.109042647990E+01
       3       8       2  -0.629774041125E+00
       4       8       2  -0.870328832249E+00
       5       8       2  -0.110144842253E+01
       6       8       2  -0.142086665209E+01
       7       8       2  -0.310610569337E+00
       8       8       2  -0.166499046082E+01
       9       8       2  -0.110846407239E+01
       0       9       2  -0.604928508583E+00
       1       9       2   0.312108090474E+00
       2       9       2  -0.687806550765E+00
       3       9       2  -0.118711231246E+01
       4       9       2  -0.160802078657E+01
       5       9       2  -0.107982492055E+01
       6       9       2  -0.385578364950E+00
       7       9       2  -0.165738878728E+01
       8       9       2  -0.171833387920E+01
       9       9       2  -0.179145973018E+00
       0       0       3  -0.175080708833E+01
       1       0       3  -0.949084120939E+00
       2       0       3  -0.110638586783E+01
       3       0       3  -0.295901641177E+00
       4       0       3  -0.446870616562E+00
       5       0       3  -0.173534523978E+01
       6       0       3  -0.189921573041E+01
       7       0       3  -0.773461137640E+00
       8       0       3  -0.124286132240E+01
       9       0       3  -0.129746953639E+01
       0       1       3   0.336689093050E+00
       1       1       3   0.253119330378E+00
       2       1       3  -0.517857046753E+00
       3       1       3  -0.229853357103E+00
       4       1       3   0.491385832449E+00
       5       1       3  -0.165534275150E+01
       6       1       3  -0.168848022427E+01
       7       1       3  -0.136416802891E+01
       8       1       3  -0.140932352963E+01
       9       1       3  -0.179081758034E+01
       0       2       3   0.473022002696E+00
       1       2       3   0.512438005110E+00
       2       2       3  -0.518058596294E+00
       3       2       3   0.545460106733E+00
       4       2       3  -0.701397098592E+00
       5       2       3  -0.131722481954E+01
       6       2       3  -0.266111073709E+00
       7       2       3  -0.183127284620E+01
       8       2       3  -0.165095716499E+01
       9       2       3  -0.515574551344E+00
       0       3       3   0.913397909080E+00
       1       3       3  -0.960434081860E+00
       2       3       3  -0.157728736575E+01
       3       3       3   0.420898334295E+00
       4       3       3   0.104513237838E+01
       5       3       3  -0.126173796636E+01
       6       3       3  -0.698733289045E+00
       7       3       3  -0.130787391307E+01
       8       3       3  -0.129404316149E+01
       9       3       3  -0.405499601003E+00
       0       4       3  -0.945536809263E-01
       1       4       3  -0.172337859973E+01
       2       4       3  -0.168523683453E+01
       3       4       3  -0.153786451051E+01
       4       4       3  -0.611781005565E+00
       5       4       3   0.232155429759E-01
       6       4       3   0.911285261972E+00
       7       4       3  -0.979404785747E+00
       8       4       3  -0.272155431221E-01
       9       4       3   0.107775349837E+01
       0       5       3  -0.336116835475E+00
       1       5       3  -0.161298383502E+01
       2       5       3  -0.697406439270E+00
       3       5       3  -0.118022044470E+00
       4       5       3  -0.299085849909E+00
       5       5       3   0.866008065534E+00
       6       5       3   0.109918389067E+01
       7       5       3   0.154862151398E+01
       8       5       3   0.961597176963E+00
       9       5       3  -0.659788392823E+00
       0       6       3   0.663952575600E+00
       1       6       3  -0.614311176894E+00
       2       6       3   0.811408763431E+00
       3       6       3   0.858674819918E+00
       4       6       3   0.444886442872E+00
       5       6       3   0.101084689120E+01
       6       6       3   0.166576091570E+01
       7       6       3   0.167868318198E+01
       8       6       3  -0.253963422995E+00
       9       6       3  -0.757394272253E+00
       0       7       3   0.187479712964E+01
       1       7       3   0.454752550335E+00
       2       7       3   0.108131896079E+01
       3       7       3  -0.165983360636E+00
       4       7       3  -0.858504330336E+00
       5       7       3  -0.104484650670E+00
       6       7       3  -0.105544281616E+00
       7       7       3   0.609403237223E+00
       8       7       3  -0.108735386974E+00
       9       7       3  -0.786830482442E+00
       0       8       3   0.153854244335E+01
       1       8       3   0.107573393553E+01
       2       8       3  -0.232685573399E+00
       3       8       3  -0.361606818487E+00
       4       8       3  -0.685337280295E+00
       5       8       3  -0.278209126644E+00
       6       8       3  -0.861298438956E+00
       7       8       3  -0.568354467839E+00
       8       8       3  -0.146652884804E+01
       9       8       3   0.888524170335E+00
       0       9       3   0.121461426119E+01
       1       9       3   0.141313527548E+01
       2       9       3   0.372593795489E+00
       3       9       3   0.203802638645E+00
       4       9       3  -0.132082464084E+01
       5       9       3   0.418514831139E+00
       6       9       3   0.480076754147E+00
       7       9       3  -0.142637846664E+00
       8       9       3  -0.106675765680E+01
       9       9       3   0.128042615651E+01
       0       0       4   0.820235787896E-01
       1       0       4  -0.318938629465E+00
       2       0       4  -0.267770189889E+00
       3       0       4  -0.831104733843E+00
       4       0       4  -0.145382734286E+01
       5       0       4  -0.164771211365E+01
       6       0       4  -0.162714779285E+01
       7       0       4   0.251560469444E+00
       8       0       4  -0.125765178590E+01
       9       0       4   0.156260812859E+00
       0       1       4   0.480376897956E+00
       1       1       4   0.966835070227E+00
       2       1       4  -0.387887273435E+00
       3       1       4  -0.281329432006E+00
       4       1       4   0.314488692640E-01
       5       1       4  -0.906155491391E+00
       6       1       4  -0.128752914967E+01
       7       1       4  -0.134739545055E+01
       8       1       4  -0.155134232590E+01
       9       1       4   0.843708623476E-01
       0       2       4   0.125017654117E+01
       1       2       4   0.773702759454E+00
       2       2       4  -0.127172189772E+01
       3       2       4  -0.183793861806E+00
       4       2       4   0.212758173982E+00
       5       2       4  -0.715628150054E+00
       6       2       4  -0.125084481110E+01
       7       2       4  -0.138565301244E+01
       8       2       4  -0.129799743533E+01
       9       2       4   0.104187539377E+01
       0       3       4   0.104497160291E-01
       1       3       4  -0.264748019887E+00
       2       3       4  -0.883082450479E+00
       3       3       4   0.651211623274E+00
       4       3       4   0.652787551936E+00
       5       3       4  -0.158672466560E+01
       6       3       4  -0.274812351868E+00
       7       3       4  -0.121725978176E+01
       8       3       4  -0.189338790771E+01
       9       3       4  -0.852696925778E+00
       0       4       4   0.965200438898E+00
       1       4       4  -0.154781475917E+01
       2       4       4  -0.121565222184E+01
       3       4       4   0.357649975742E+00
       4       4       4  -0.477526625157E+00
       5       4       4  -0.152000322192E+01
       6       4       4  -0.101819377889E+01
       7       4       4  -0.520842841260E+00
       8       4       4  -0.359229337069E+00
       9       4       4   0.154448074445E+00
       0       5       4   0.928947961168E+00
       1       5       4   0.819847991414E+00
       2       5       4   0.937199025563E+00
       3       5       4  -0.299802213193E+00
       4       5       4   0.283261550791E+00
       5       5       4  -0.100589227144E+01
       6       5       4   0.324940556853E+00
       7       5       4   0.156781606196E+01
       8       5       4   0.187819641043E+01
       9       5       4   0.367435881185E+00
       0       6       4   0.156295718612E+01
       1       6       4   0.760909714468E+00
       2       6       4   0.481974783416E+00
       3       6       4   0.140572851981E+01
       4       6       4  -0.115061251061E+01
       5       6       4  -0.105778083739E+01
       6       6       4   0.989780036123E+00
       7       6       4   0.624571733208E+00
       8       6       4   0.125093279117E+01
       9       6       4  -0.436605802968E+00
       0       7       4   0.121462608472E+01
       1       7       4   0.866370799483E+00
       2       7       4   0.646805407619E+00
       3       7       4  -0.976754945760E+00
       4       7       4  -0.971562566118E+00
       5       7       4   0.264094555612E+00
       6       7       4   0.163617511072E+01
       7       7       4   0.436901063742E+00
       8       7       4   0.848510045888E+00
       9       7       4   0.499574056631E+00
       0       8       4   0.117101285294E+01
       1       8       4   0.404186397958E+00
       2       8       4   0.128981868101E+01
       3       8       4   0.843091073958E+00
       4       8       4   0.288185710037E+00
       5       8       4   0.227706669655E+00
       6       8       4   0.942477905348E+00
       7       8       4   0.973096398096E+00
       8       8       4   0.290623385860E+00
       9       8       4  -0.116753630230E+00
       0       9       4   0.152114482387E+00
       1       9       4   0.782054262365E+00
       2       9       4   0.459776624839E+00
       3       9       4   0.432625129319E+00
       4       9       4  -0.216274706127E+00
       5       9       4  -0.600253334849E+00
       6       9       4  -0.657400078118E+00
       7       9       4   0.865362639225E+00
       8       9       4   0.888227344050E-01
       9       9       4   0.103240652194E+01
       0       0       5  -0.447585518075E+00
       1       0       5   0.502472144006E+00
       2       0       5   0.254463964366E+00
       3       0       5   0.162965012144E+00
       4       0       5  -0.137845990521E+01
       5       0       5  -0.115930626745E+01
       6       0       5  -0.892230100742E+00
       7       0       5  -0.114817118263E+01
       8       0       5  -0.964662273151E+00
       9       0       5  -0.172629944122E+01
       0       1       5   0.565004889159E+00
       1       1       5   0.110068926076E+01
       2       1       5   0.962328592247E+00
       3       1       5   0.521757672502E+00
       4       1       5  -0.593329980102E+00
       5       1       5  -0.136565506604E+01
       6       1       5  -0.117009598214E+01
       7       1       5   0.400393879331E+00
       8       1       5  -0.133137824463E+01
       9       1       5  -0.102217628843E+01
       0       2       5   0.801976328964E+00
       1       2       5   0.166011041325E+01
       2       2       5   0.859599271242E+00
       3       2       5  -0.727370141631E+00
       4       2       5   0.484665170397E+00
       5       2       5  -0.269616019978E+00
       6       2       5  -0.116941032797E+01
       7       2       5  -0.976883568256E-02
       8       2       5  -0.159392634445E+01
       9       2       5   0.264695633966E+00
       0       3       5  -0.144584225646E+00
       1       3       5  -0.979927621264E+00
       2       3       5  -0.954327717812E+00
       3       3       5   0.597822848606E+00
       4       3       5   0.349412293561E+00
       5       3       5  -0.510969830162E+00
       6       3       5  -0.110795767131E+01
       7       3       5  -0.567712892638E+00
       8       3       5  -0.160940910987E+01
       9       3       5  -0.253933872440E+00
       0       4       5  -0.395128634311E+00
       1       4       5   0.509798230041E+00
       2       4       5  -0.527570226618E+00
       3       4       5   0.120150514297E+01
       4       4       5   0.527893306948E+00
       5       4       5  -0.570761731007E+00
       6       4       5   0.653495324637E+00
       7       4       5   0.158649094119E+01
       8       4       5   0.575206466354E+00
       9       4       5   0.173637617177E+00
       0       5       5   0.135084695448E+01
       1       5       5   0.121397997248E+01
       2       5       5   0.152247924192E+01
       3       5       5   0.995081554877E+00
       4       5       5   0.881071221412E+00
       5       5       5   0.118494246015E+00
       6       5       5   0.659378340135E+00
       7       5       5   0.118362851056E+01
       8       5       5   0.143538674839E+01
       9       5       5   0.142049553550E+01
       0       6       5   0.173261347158E+01
       1       6       5   0.122602984718E+01
       2       6       5   0.137430366154E+01
       3       6       5   0.131016662532E+01
       4       6       5   0.126334420138E+01
       5       6       5   0.270673229659E+00
       6       6       5  -0.287632187980E+00
       7       6       5  -0.354869646140E+00
       8       6       5   0.933895736515E-01
       9       6       5   0.522057072572E+00
       0       7       5   0.136329528836E+01
       1       7       5   0.900320022155E+00
       2       7       5   0.390263283978E+00
       3       7       5   0.505559833923E+00
       4       7       5   0.848015413738E+00
       5       7       5   0.513669344447E+00
       6       7       5   0.745824309298E+00
       7       7       5   0.151866967142E+01
       8       7       5   0.109500463524E+01
       9       7       5   0.930934487342E+00
       0       8       5   0.694749820150E+00
       1       8       5   0.118262414746E+01
       2       8       5   0.190746740854E+01
       3       8       5   0.158209132152E+01
       4       8       5  -0.172328429608E+00
       5       8       5  -0.197727527514E+00
       6       8       5   0.774283702223E+00
       7       8       5   0.868191815807E+00
       8       8       5   0.771085702987E+00
       9       8       5   0.143509051096E+01
       0       9       5   0.159077223221E+00
       1       9       5   0.109557837657E+01
       2       9       5   0.178585324191E+01
       3       9       5   0.815691979086E-01
       4       9       5  -0.688124372878E-01
       5       9       5   0.473218515116E+00
       6       9       5   0.940919441411E+00
       7       9       5   0.333190824172E+00
       8       9       5   0.412207438772E+00
       9       9       5   0.118239049023E+01
       0       0       6  -0.837435473375E+00
       1       0       6  -0.544240436590E-01
       2       0       6  -0.100228432725E+01
       3       0       6  -0.109323045399E+00
       4       0       6  -0.213993301345E+00
       5       0       6  -0.125548041020E+01
       6       0       6   0.645950648900E-01
       7       0       6  -0.813228773773E-01
       8       0       6   0.284036487840E+00
       9       0       6  -0.163715796920E+01
       0       1       6  -0.310900562482E+00
       1       1       6   0.121427497183E+01
       2       1       6  -0.357622437223E+00
       3       1       6  -0.347455220400E+00
       4       1       6   0.272030889315E+00
       5       1       6  -0.489902262953E+00
       6       1       6  -0.280945583415E+00
       7       1       6   0.296507193028E+00
       8       1       6  -0.870255174001E+00
       9       1       6  -0.145208461491E+01
       0       2       6   0.207110653392E+00
       1       2       6   0.658175095534E+00
       2       2       6   0.496779548544E+00
       3       2       6   0.163297761545E+00
       4       2       6  -0.284763353779E+00
       5       2       6   0.431535581663E+00
       6       2       6  -0.389738404925E+00
       7       2       6  -0.113779643909E+01
       8       2       6  -0.154144907415E+01
       9       2       6  -0.564097687821E+00
       0       3       6   0.128689750290E+01
       1       3       6   0.467290792329E+00
       2       3       6   0.183142741929E+00
       3       3       6   0.499463794070E+00
       4       3       6   0.194379956813E+00
       5       3       6  -0.854791853328E+00
       6       3       6  -0.175682073273E+01
       7       3       6  -0.186081197760E+01
       8       3       6  -0.505090777577E+00
       9       3       6   0.660750321280E+00
       0       4       6   0.186989124110E+00
       1       4       6   0.107852254734E+01
       2       4       6   0.143964420515E+00
       3       4       6   0.302343311262E+00
       4       4       6   0.842877746018E+00
       5       4       6  -0.408468170468E+00
       6       4       6   0.541962746139E+00
       7       4       6  -0.656003007751E+00
       8       4       6   0.592688885693E+00
       9       4       6  -0.254849183042E-01
       0       5       6   0.964788422910E+00
       1       5       6   0.140987007927E+00
       2       5       6   0.174041677439E+00
       3       5       6   0.976959835814E+00
       4       5       6   0.107700962025E+01
       5       5       6   0.982352724684E+00
       6       5       6  -0.501845471164E+00
       7       5       6   0.432865465133E+00
       8       5       6   0.660482223220E+00
       9       5       6   0.116360078352E+00
       0       6       6   0.489425276979E+00
       1       6       6  -0.133937295499E+01
       2       6       6  -0.552435461599E+00
       3       6       6   0.159907845507E+01
       4       6       6   0.171236300346E+01
       5       6       6   0.118713857560E+01
       6       6       6   0.744049545851E+00
       7       6       6  -0.933712810282E+00
       8       6       6  -0.911757651899E+00
       9       6       6  -0.222253648211E+00
       0       7       6   0.181222892436E+01
       1       7       6   0.124376576374E+01
       2       7       6   0.160364202637E+01
       3       7       6   0.198156494155E+01
       4       7       6   0.186928351213E+01
       5       7       6   0.639553040187E+00
       6       7       6   0.121945625745E+01
       7       7       6   0.108177473707E+01
       8       7       6   0.113456897487E+01
       9       7       6   0.115192070449E+01
       0       8       6   0.134601090746E+01
       1       8       6   0.160401760412E+01
       2       8       6   0.160684112353E+01
       3       8       6   0.829465611562E+00
       4       8       6   0.134105612483E+01
       5       8       6   0.944810271229E+00
       6       8       6  -0.397989510781E-01
       7       8       6   0.396446032831E+00
       8       8       6  -0.129308194711E-01
       9       8       6   0.141732730649E+01
       0       9       6  -0.270274105718E+00
       1       9       6   0.200881461037E+00
       2       9       6   0.805147887184E+00
       3       9       6   0.571102907485E+00
       4       9       6   0.128358041824E+01
       5       9       6   0.142030689004E+01
       6       9       6  -0.111579271950E+01
       7       9       6   0.612841222812E-01
       8       9       6   0.666030443544E+00
       9       9       6   0.403719562944E+00
       0       0       7   0.720076137983E+00
       1       0       7  -0.974420532022E+00
       2       0       7  -0.320061418620E+00
       3       0       7  -0.142074357354E+01
       4       0       7  -0.342597786638E+00
       5       0       7  -0.668787562771E+00
       6       0       7  -0.176482557893E+01
       7       0       7   0.381446324006E+00
       8       0       7   0.530489279453E+00
       9       0       7  -0.127112557141E+01
       0       1       7  -0.110364780567E+00
       1       1       7  -0.166560218864E+01
       2       1       7  -0.903221419723E+00
       3       1       7  -0.146351682664E+01
       4       1       7  -0.145428699925E+01
       5       1       7  -0.122333298078E+01
       6       1       7  -0.138463085694E+01
       7       1       7  -0.132397967292E+01
       8       1       7  -0.132052662121E+01
       9       1       7  -0.112442795927E+01
       0       2       7   0.374938331883E+00
       1       2       7  -0.408355378898E+00
       2       2       7  -0.132602401991E+01
       3       2       7  -0.759048426172E+00
       4       2       7  -0.103402024211E+01
       5       2       7  -0.156394156183E+01
       6       2       7  -0.152676670782E+01
       7       2       7  -0.962608837796E+00
       8       2       7  -0.204450966069E+00
       9       2       7  -0.749234550285E+00
       0       3       7   0.122032509482E+01
       1       3       7   0.138846710986E+01
       2       3       7  -0.120660158567E-01
       3       3       7  -0.916689520570E-01
       4       3       7  -0.146086051621E+01
       5       3       7  -0.116704564094E+01
       6       3       7  -0.603931072890E+00
       7       3       7  -0.369367136073E+00
       8       3       7  -0.526308171999E+00
       9       3       7  -0.107186724173E+01
       0       4       7   0.112629761650E+01
       1       4       7  -0.320141745131E-01
       2       4       7  -0.562883989808E+00
       3       4       7  -0.619628170199E-01
       4       4       7  -0.807486432311E+00
       5       4       7   0.522778009737E+00
       6       4       7  -0.866381067625E+00
       7       4       7  -0.431484378306E+00
       8       4       7  -0.108090346416E+01
       9       4       7  -0.796069068822E+00
       0       5       7  -0.198917483557E+00
       1       5       7   0.444102972233E+00
       2       5       7  -0.122979591083E+01
       3       5       7   0.534932742395E+00
       4       5       7  -0.317530870685E-01
       5       5       7   0.146607777218E+01
       6       5       7   0.149218115726E+01
       7       5       7   0.100454706701E+01
       8       5       7  -0.694242663507E+00
       9       5       7  -0.645506634268E+00
       0       6       7   0.841166339484E+00
       1       6       7  -0.812461237081E+00
       2       6       7   0.218037293026E+00
       3       6       7   0.129354680283E+01
       4       6       7   0.184823757281E+01
       5       6       7   0.166084050087E+01
       6       6       7   0.123137159491E+01
       7       6       7   0.455774541860E+00
       8       6       7  -0.119196278830E+00
       9       6       7   0.576281893728E+00
       0       7       7   0.139957821005E+01
       1       7       7   0.174545455185E+01
       2       7       7   0.490628605818E+00
       3       7       7   0.146152435516E+01
       4       7       7   0.176456294234E+01
       5       7       7   0.529048838063E+00
       6       7       7   0.160927218076E+01
       7       7       7   0.155528228828E+01
       8       7       7  -0.185436739607E-01
       9       7       7   0.117337859641E+01
       0       8       7   0.142930881344E+01
       1       8       7   0.830260470200E+00
       2       8       7   0.893855608313E+00
       3       8       7  -0.793110977057E+00
       4       8       7   0.651067400084E+00
       5       8       7  -0.844838154403E-01
       6       8       7   0.895498149901E+00
       7       8       7   0.669995481134E+00
       8       8       7   0.107178794236E+01
       9       8       7   0.127957916146E+01
       0       9       7   0.140091855219E+01
       1       9       7   0.121747194948E+00
       2       9       7   0.731387946652E+00
       3       9       7   0.167494791651E+01
       4       9       7   0.444324405861E+00
       5       9       7  -0.490404591737E-01
       6       9       7   0.362370014542E+00
       7       9       7   0.152901676497E+01
       8       9       7   0.118424688116E+01
       9       9       7   0.108186563086E+01
       0       0       8   0.488292626290E+00
       1       0       8   0.131426601940E+01
       2       0       8  -0.549175796081E+00
       3       0       8  -0.740233688923E+00
       4       0       8  -0.838228432796E+00
       5       0       8  -0.167324003496E+01
       6       0       8  -0.181441696856E+01
       7       0       8  -0.910772188799E+00
       8       0       8  -0.161745029827E-01
       9       0       8  -0.145466954253E+00
       0       1       8   0.102035047336E+01
       1       1       8  -0.559476901871E+00
       2       1       8  -0.101045708338E+01
       3       1       8  -0.118238412911E+01
       4       1       8  -0.178441316636E+01
       5       1       8  -0.172349560664E+01
       6       1       8  -0.162859698292E+01
       7       1       8  -0.163763080514E+01
       8       1       8  -0.182337238433E+01
       9       1       8  -0.418215087337E+00
       0       2       8   0.142242222504E+01
       1       2       8  -0.925233618491E-01
       2       2       8  -0.592702445681E+00
       3       2       8  -0.539689660450E+00
       4       2       8  -0.110911870749E+01
       5       2       8  -0.122629359627E+01
       6       2       8  -0.103200106884E+01
       7       2       8  -0.138716497454E+01
       8       2       8  -0.117492828598E+01
       9       2       8   0.951813063855E-02
       0       3       8   0.139802430277E+01
       1       3       8   0.114625014551E+01
       2       3       8  -0.607958192616E+00
       3       3       8  -0.124017673729E+01
       4       3       8  -0.570631176879E+00
       5       3       8   0.251919783295E+00
       6       3       8  -0.321088172988E+00
       7       3       8  -0.148886350301E+01
       8       3       8  -0.953374566083E+00
       9       3       8   0.478712749769E+00
       0       4       8   0.105097598809E+01
       1       4       8  -0.750407406099E+00
       2       4       8  -0.164622684572E+01
       3       4       8  -0.148021008100E+01
       4       4       8  -0.107564087982E+01
       5       4       8   0.975582502471E+00
       6       4       8   0.322797913556E+00
       7       4       8   0.901977001435E+00
       8       4       8  -0.119018197475E+01
       9       4       8   0.111585929987E+00
       0       5       8  -0.297344113247E+00
       1       5       8  -0.985083070786E+00
       2       5       8  -0.279139065485E+00
       3       5       8  -0.227747069486E+00
       4       5       8   0.789876376035E+00
       5       5       8   0.752586691308E+00
       6       5       8   0.379252116633E+00
       7       5       8   0.107059566940E+01
       8       5       8   0.579015870228E+00
       9       5       8   0.123098553734E+00
       0       6       8  -0.349154471904E+00
       1       6       8  -0.288617165261E+00
       2       6       8   0.316214013137E+00
       3       6       8   0.903665083361E+00
       4       6       8   0.137015154720E+01
       5       6       8   0.123689423468E+00
       6       6       8   0.356748062837E+00
       7       6       8  -0.317335817799E+00
       8       6       8  -0.535399465087E+00
       9       6       8  -0.531065358434E+00
       0       7       8   0.177313134762E+00
       1       7       8  -0.600347012164E-02
       2       7       8  -0.101436699881E+01
       3       7       8   0.121463986421E+01
       4       7       8   0.650071963430E+00
       5       7       8   0.159812002362E+00
       6       7       8   0.281879575193E+00
       7       7       8   0.660629909053E+00
       8       7       8  -0.521761547236E+00
       9       7       8  -0.664239649869E-01
       0       8       8   0.811167005514E+00
       1       8       8   0.136194285161E+01
       2       8       8  -0.793196915100E+00
       3       8       8  -0.123876817025E+01
       4       8       8  -0.275580933551E+00
       5       8       8  -0.552407629602E-01
       6       8       8  -0.788119249888E+00
       7       8       8   0.635614178536E+00
       8       8       8  -0.692550404778E-01
       9       8       8   0.152826926024E+01
       0       9       8   0.584930852918E+00
       1       9       8   0.174257709308E+01
       2       9       8   0.108775379662E+01
       3       9       8  -0.116085756106E+01
       4       9       8  -0.858919564470E+00
       5       9       8  -0.926640283095E-01
       6       9       8   0.106074250932E+01
       7       9       8   0.889591190261E+00
       8       9       8   0.126787400428E+01
       9       9       8   0.423625564290E+00
       0       0       9   0.487518938235E+00
       1       0       9  -0.462444200772E+00
       2       0       9  -0.109688695530E+00
       3       0       9   0.636317094076E+00
       4       0       9  -0.117378396507E+01
       5       0       9  -0.185026944687E+01
       6       0       9  -0.130206047178E+01
       7       0       9  -0.269677856710E+00
       8       0       9   0.834266847529E+00
       9       0       9  -0.521644392464E+00
       0       1       9  -0.536711592360E+00
       1       1       9   0.561411417516E+00
       2       1       9  -0.291349139634E+00
       3       1       9   0.266132367692E+00
       4       1       9  -0.693275866991E-01
       5       1       9  -0.125040376635E+01
       6       1       9  -0.827764946281E+00
       7       1       9  -0.120606636603E+01
       8       1       9   0.564747463199E+00
       9       1       9   0.295125220356E+00
       0       2       9   0.158151234483E+01
       1       2       9   0.378975346874E+00
       2       2       9  -0.520426906191E+00
       3       2       9   0.104590792846E+00
       4       2       9   0.480774048605E+00
       5       2       9   0.613507971451E+00
       6       2       9  -0.633736687126E+00
       7       2       9   0.278368106862E+00
       8       2       9   0.248349947904E+00
       9       2       9  -0.103752293376E+01
       0       3       9   0.192705065256E+01
       1       3       9   0.581554289353E+00
       2       3       9  -0.795059948336E+00
       3       3       9  -0.117453724879E+01
       4       3       9   0.127641063368E+01
       5       3       9   0.135012174233E+01
       6       3       9   0.480722188224E+00
       7       3       9  -0.815941809603E+00
       8       3       9  -0.235605401291E+00
       9       3       9  -0.426509642819E+00
       0       4       9   0.388781024619E+00
       1       4       9  -0.101888710772E+01
       2       4       9  -0.127465793717E+01
       3       4       9  -0.155471343154E+00
       4       4       9   0.988079550400E+00
       5       4       9  -0.655575578866E+00
       6       4       9   0.202060584663E+00
       7       4       9   0.950820664237E+00
       8       4       9   0.980811518537E+00
       9       4       9   0.123905635348E+01
       0       5       9   0.477120151854E+00
       1       5       9  -0.120605366567E+01
       2       5       9  -0.116423923267E+01
       3       5       9  -0.100719220104E+01
       4       5       9   0.954968539605E+00
       5       5       9  -0.784917423635E+00
       6       5       9   0.868849308668E+00
       7       5       9   0.888085913348E+00
       8       5       9   0.151174477907E+01
       9       5       9   0.142916348392E+01
       0       6       9  -0.281510796693E+00
       1       6       9   0.772612082910E+00
       2       6       9   0.354717425646E+00
       3       6       9  -0.684988703063E+00
       4       6       9   0.940559337668E+00
       5       6       9   0.135642684826E-01
       6       6       9  -0.192109994451E+00
       7       6       9   0.725809798326E+00
       8       6       9  -0.113126243212E+01
       9       6       9  -0.311621400070E+00
       0       7       9   0.162309115106E+01
       1       7       9   0.556358726417E+00
       2       7       9  -0.490301641971E+00
       3       7       9  -0.372947079091E+00
       4       7       9  -0.917693466715E-01
       5       7       9  -0.504576630053E+00
       6       7       9   0.222248391538E+00
       7       7       9   0.693700643120E+00
       8       7       9  -0.229763951215E+00
       9       7       9  -0.639561312425E+00
       0       8       9   0.106758384081E+01
       1       8       9   0.166022545218E+01
       2       8       9   0.131954785914E+01
       3       8       9  -0.132868160299E+01
       4       8       9  -0.841002749026E+00
       5       8       9   0.150509122326E+00
       6       8       9   0.579971443314E+00
       7       8       9   0.218068983330E+00
       8       8       9   0.338491435478E+00
       9       8       9   0.443936890133E+00
       0       9       9   0.183632834358E+01
       1       9       9   0.165944690565E+01
       2       9       9   0.127785777345E+01
       3       9       9  -0.200991095730E+00
       4       9       9   0.703949274410E-01
       5       9       9   0.507305179537E+00
       6       9       9   0.160761870299E+01
       7       9       9   0.980934606085E+00
       8       9       9  -0.187214691454E-02
       9       9       9  -0.523703718308E+00
