 program J1J2_6          
 spatial system size               56
 J1                         1.0000000000000000     
 deltaJ1                    0.0000000000000000     
 J2                        -1.0000000000000000     
 J3                         1.0000000000000000     
 phi, xi                        2.0000000000000000        3.0000000000000000     
 impurity conc.             0.0000000000000000     
 impurity mode           RAN
 start                   STR
 stripe axis             X
 sampler mode            PT   
 update order            SEQ
 temperature protocol    INDEP
 PT start mode           COMMON
 PT ladder mode          LINEAR
 PT replicas                       64
 PT swap every                      5
 PT measure index                   1
 disorder configurations            2
 equilibration steps          1000000
 measurement steps             500000
 RNG seed                        9165
 ------------------------
 disorder configurations processed            2
    T      [<mag>]      [<mag>^2]      std.mag/sqrt(iconf)      [<susc>] .     std.susc/sqrt(iconf)      [<Binder>]      std.bin/sqrt(iconf) [log <mag>]  Global.Binder
 0.800000E+01 0.142834E-02 0.204020E-05 0.490797E-05 0.255179E-01 0.133122E-03 0.261777E-02 0.168609E-02 -.655126E+01 0.258161E-02
 0.805556E+01 0.143586E-02 0.206178E-05 0.596449E-05 0.256383E-01 0.216698E-03 0.124610E-02 0.176328E-03 -.654601E+01 0.111238E-02
 0.811111E+01 0.144554E-02 0.208961E-05 0.445672E-05 0.258706E-01 0.148788E-03 -.219442E-03 0.951862E-04 -.653928E+01 -.289532E-03
 0.816667E+01 0.145433E-02 0.211515E-05 0.561435E-05 0.259377E-01 0.221151E-03 0.169146E-02 0.915460E-03 -.653322E+01 0.153391E-02
 0.822222E+01 0.146243E-02 0.213875E-05 0.491671E-05 0.260186E-01 0.220866E-03 0.130984E-02 0.694783E-03 -.652767E+01 0.118105E-02
 0.827778E+01 0.146938E-02 0.215922E-05 0.819653E-05 0.261950E-01 0.314033E-03 -.224210E-02 0.833388E-03 -.652294E+01 -.254349E-02
 0.833333E+01 0.147802E-02 0.218462E-05 0.597263E-05 0.262952E-01 0.177201E-03 -.527566E-03 0.124690E-03 -.651707E+01 -.639163E-03
 0.838889E+01 0.148423E-02 0.220303E-05 0.703124E-05 0.263319E-01 0.256253E-03 -.139718E-02 0.158121E-02 -.651288E+01 -.164103E-02
 0.844444E+01 0.149161E-02 0.222499E-05 0.629139E-05 0.264596E-01 0.256713E-03 -.248545E-02 0.123379E-02 -.650791E+01 -.268803E-02
 0.850000E+01 0.149995E-02 0.224992E-05 0.631842E-05 0.265199E-01 0.224240E-03 0.600375E-03 0.613458E-03 -.650234E+01 0.437435E-03
 0.855556E+01 0.150861E-02 0.227601E-05 0.753625E-05 0.266579E-01 0.250584E-03 0.936786E-03 0.477180E-03 -.649659E+01 0.764485E-03
 0.861111E+01 0.151843E-02 0.230568E-05 0.572617E-05 0.268668E-01 0.212691E-03 -.132696E-03 0.582263E-04 -.649009E+01 -.248833E-03
 0.866667E+01 0.152360E-02 0.232149E-05 0.792998E-05 0.268904E-01 0.281715E-03 -.271595E-02 0.131494E-03 -.648670E+01 -.293974E-02
 0.872222E+01 0.153280E-02 0.234962E-05 0.818464E-05 0.269711E-01 0.279634E-03 0.251552E-02 0.390982E-03 -.648069E+01 0.230933E-02
 0.877778E+01 0.154056E-02 0.237345E-05 0.758731E-05 0.270820E-01 0.329423E-03 0.347061E-03 0.759289E-03 -.647563E+01 0.861152E-04
 0.883333E+01 0.154788E-02 0.239601E-05 0.662595E-05 0.272086E-01 0.204457E-03 0.166904E-04 0.785188E-03 -.647089E+01 -.914572E-04
 0.888889E+01 0.155856E-02 0.242927E-05 0.939666E-05 0.273293E-01 0.323729E-03 0.169224E-02 0.232583E-03 -.646403E+01 0.141681E-02
 0.894444E+01 0.156454E-02 0.244789E-05 0.681004E-05 0.274399E-01 0.239708E-03 0.124249E-02 0.662100E-03 -.646018E+01 0.111382E-02
 0.900000E+01 0.157362E-02 0.247635E-05 0.651275E-05 0.275637E-01 0.215251E-03 0.947336E-03 0.118744E-02 -.645440E+01 0.854514E-03
 0.905556E+01 0.157996E-02 0.249635E-05 0.624515E-05 0.275985E-01 0.229732E-03 0.133837E-02 0.932096E-03 -.645037E+01 0.117867E-02
 0.911111E+01 0.158616E-02 0.251602E-05 0.713600E-05 0.276668E-01 0.272957E-03 0.624114E-03 0.361499E-03 -.644646E+01 0.437295E-03
 0.916667E+01 0.159432E-02 0.254202E-05 0.902298E-05 0.277887E-01 0.276830E-03 -.218011E-03 0.121550E-03 -.644134E+01 -.447180E-03
 0.922222E+01 0.160165E-02 0.256538E-05 0.743592E-05 0.278145E-01 0.237343E-03 0.447400E-02 0.104253E-02 -.643675E+01 0.434987E-02
 0.927778E+01 0.160977E-02 0.259149E-05 0.766497E-05 0.279531E-01 0.292396E-03 0.254685E-02 0.195829E-02 -.643169E+01 0.227554E-02
 0.933333E+01 0.161556E-02 0.261013E-05 0.732359E-05 0.280814E-01 0.323842E-03 -.528382E-03 0.736715E-03 -.642810E+01 -.756375E-03
 0.938889E+01 0.162040E-02 0.262580E-05 0.751334E-05 0.279750E-01 0.270893E-03 0.637127E-03 0.275453E-03 -.642511E+01 0.470075E-03
 0.944444E+01 0.162731E-02 0.264826E-05 0.777449E-05 0.280861E-01 0.271817E-03 0.152895E-02 0.363613E-03 -.642085E+01 0.135890E-02
 0.950000E+01 0.163362E-02 0.266888E-05 0.890575E-05 0.281827E-01 0.338001E-03 -.189759E-02 0.240491E-02 -.641699E+01 -.226210E-02
 0.955556E+01 0.164332E-02 0.270061E-05 0.737301E-05 0.281977E-01 0.219700E-03 0.326329E-02 0.120891E-02 -.641106E+01 0.315905E-02
 0.961111E+01 0.164673E-02 0.271184E-05 0.747999E-05 0.283218E-01 0.259164E-03 -.777098E-03 0.135863E-02 -.640898E+01 -.992654E-03
 0.966667E+01 0.165162E-02 0.272801E-05 0.876267E-05 0.283152E-01 0.339403E-03 0.996742E-03 0.519379E-03 -.640603E+01 0.727007E-03
 0.972222E+01 0.165841E-02 0.275048E-05 0.890241E-05 0.283604E-01 0.326068E-03 -.212081E-03 0.338262E-03 -.640193E+01 -.469575E-03
 0.977778E+01 0.166386E-02 0.276862E-05 0.958444E-05 0.283948E-01 0.323210E-03 0.109309E-02 0.889064E-03 -.639865E+01 0.789460E-03
 0.983333E+01 0.167155E-02 0.279420E-05 0.810109E-05 0.284224E-01 0.249868E-03 0.158658E-02 0.912127E-03 -.639403E+01 0.144561E-02
 0.988889E+01 0.167340E-02 0.280048E-05 0.102411E-04 0.283463E-01 0.274351E-03 0.280672E-03 0.189612E-02 -.639294E+01 0.110713E-03
 0.994444E+01 0.168160E-02 0.282797E-05 0.994985E-05 0.284592E-01 0.305494E-03 0.177290E-02 0.655555E-04 -.638805E+01 0.150888E-02
 0.100000E+02 0.168601E-02 0.284287E-05 0.108710E-04 0.284625E-01 0.302383E-03 0.319218E-03 0.288511E-02 -.638543E+01 0.167234E-03
 0.100556E+02 0.168811E-02 0.284989E-05 0.984381E-05 0.284165E-01 0.322534E-03 -.273440E-04 0.145891E-02 -.638418E+01 -.226696E-03
 0.101111E+02 0.169775E-02 0.288258E-05 0.102902E-04 0.286541E-01 0.301490E-03 -.348184E-02 0.289987E-03 -.637849E+01 -.373568E-02
 0.101667E+02 0.170118E-02 0.289419E-05 0.940812E-05 0.285777E-01 0.262230E-03 -.223067E-02 0.213410E-02 -.637646E+01 -.235786E-02
 0.102222E+02 0.170432E-02 0.290486E-05 0.906462E-05 0.284509E-01 0.327685E-03 0.190400E-02 0.156529E-02 -.637462E+01 0.159576E-02
 0.102778E+02 0.171127E-02 0.292864E-05 0.983693E-05 0.285896E-01 0.286479E-03 -.797218E-03 0.201548E-02 -.637055E+01 -.949274E-03
 0.103333E+02 0.171611E-02 0.294519E-05 0.924840E-05 0.285409E-01 0.310910E-03 -.214500E-03 0.748230E-03 -.636773E+01 -.481067E-03
 0.103889E+02 0.171798E-02 0.295163E-05 0.944797E-05 0.284869E-01 0.327764E-03 0.167670E-03 0.120599E-02 -.636664E+01 -.136339E-03
 0.104444E+02 0.172416E-02 0.297292E-05 0.102148E-04 0.285894E-01 0.332292E-03 -.538078E-03 0.154142E-03 -.636305E+01 -.807863E-03
 0.105000E+02 0.173050E-02 0.299481E-05 0.953778E-05 0.286842E-01 0.343950E-03 -.280004E-02 0.500041E-03 -.635938E+01 -.308230E-02
 0.105556E+02 0.173559E-02 0.301242E-05 0.911340E-05 0.286123E-01 0.280596E-03 -.182119E-02 0.510727E-03 -.635644E+01 -.201072E-02
 0.106111E+02 0.173594E-02 0.301366E-05 0.916248E-05 0.284874E-01 0.309131E-03 -.268081E-02 0.296214E-03 -.635623E+01 -.289620E-02
 0.106667E+02 0.174234E-02 0.303591E-05 0.932772E-05 0.285170E-01 0.258449E-03 0.114389E-03 0.540485E-03 -.635256E+01 -.681344E-04
 0.107222E+02 0.174747E-02 0.305383E-05 0.940341E-05 0.285076E-01 0.328180E-03 0.230316E-02 0.368829E-03 -.634961E+01 0.204394E-02
 0.107778E+02 0.174866E-02 0.305796E-05 0.826816E-05 0.285046E-01 0.278536E-03 -.204099E-02 0.343431E-04 -.634893E+01 -.222326E-02
 0.108333E+02 0.175627E-02 0.308463E-05 0.869749E-05 0.285627E-01 0.295533E-03 -.204085E-03 0.834456E-03 -.634459E+01 -.440330E-03
 0.108889E+02 0.175858E-02 0.309278E-05 0.920622E-05 0.285228E-01 0.285350E-03 -.131315E-02 0.494508E-03 -.634327E+01 -.150525E-02
 0.109444E+02 0.176288E-02 0.310791E-05 0.925600E-05 0.284453E-01 0.278437E-03 0.329230E-03 0.120392E-02 -.634083E+01 0.168830E-03
 0.110000E+02 0.176662E-02 0.312109E-05 0.864632E-05 0.285213E-01 0.230026E-03 -.259824E-02 0.231847E-03 -.633871E+01 -.275802E-02
 0.110556E+02 0.177037E-02 0.313434E-05 0.799092E-05 0.284228E-01 0.261234E-03 -.869316E-03 0.165932E-02 -.633659E+01 -.974282E-03
 0.111111E+02 0.177308E-02 0.314393E-05 0.777329E-05 0.283702E-01 0.275668E-03 0.856194E-03 0.125510E-02 -.633506E+01 0.644504E-03
 0.111667E+02 0.177604E-02 0.315442E-05 0.693799E-05 0.282602E-01 0.226494E-03 -.625810E-03 0.132130E-02 -.633338E+01 -.791943E-03
 0.112222E+02 0.178141E-02 0.317363E-05 0.995623E-05 0.282718E-01 0.315618E-03 0.118165E-02 0.159453E-03 -.633038E+01 0.925177E-03
 0.112778E+02 0.178425E-02 0.318366E-05 0.688004E-05 0.282850E-01 0.225828E-03 0.108997E-02 0.690811E-03 -.632877E+01 0.989672E-03
 0.113333E+02 0.178878E-02 0.319988E-05 0.829643E-05 0.283814E-01 0.241495E-03 -.118702E-02 0.116596E-02 -.632624E+01 -.130713E-02
 0.113889E+02 0.179277E-02 0.321420E-05 0.898099E-05 0.283394E-01 0.254555E-03 0.661801E-04 0.120377E-02 -.632402E+01 -.733046E-04
 0.114444E+02 0.179297E-02 0.321483E-05 0.705596E-05 0.281885E-01 0.250158E-03 -.205966E-02 0.549350E-03 -.632390E+01 -.221369E-02
 0.115000E+02 0.179804E-02 0.323306E-05 0.681189E-05 0.282122E-01 0.237329E-03 -.115857E-02 0.659716E-03 -.632107E+01 -.130372E-02
