 program J1J2_6          
 spatial system size               10
 J1                         1.0000000000000000     
 deltaJ1                    0.0000000000000000     
 J2                        -1.0000000000000000     
 J3                         1.0000000000000000     
 phi, xi                        2.0000000000000000        3.0000000000000000     
 impurity conc.             0.0000000000000000     
 impurity mode           RAN
 start                   STR
 stripe axis             Y
 sampler mode            PT   
 update order            SEQ
 temperature protocol    INDEP
 PT start mode           COMMON
 PT ladder mode          LINEAR
 PT replicas                       20
 PT swap every                      5
 PT measure index                   1
 disorder configurations          100
 equilibration steps           100000
 measurement steps             100000
 RNG seed                         701
 ------------------------
 disorder configurations processed          100
    T      absstr    str2      str4      nem      Global.Strip.Binder      Strip.susc  Local.Strip.Binder     Local.Strip.Binder.Error      Strip.OP.error      stri.susc.error strx   strx2   strx4   Local.Strx.Binder    Local.Strx.Binder.Error  stry   stry2   stry4   Local.Stry.Binder    Local.Stry.Binder.Error absstrx_absstry  absstrx_absstry.Error  coex_angle  coex_angle.Error
 0.800000E+01 0.465156E+00 0.235001E+00 0.720356E-01 0.188942E+00 0.695614E+00 0.386305E+00 0.923215E+00 0.847662E-02 0.124663E-01 0.244093E-01 0.310012E+00 0.139111E+00 0.428884E-01 0.527740E+00 0.170861E-01 0.248302E+00 0.958908E-01 0.224429E-01 0.479661E+00 0.204970E-01 0.478641E-01 0.234105E-02 0.417250E+00 0.365767E-01
 0.818421E+01 0.444819E+00 0.217881E+00 0.641053E-01 0.177992E+00 0.649629E+00 0.413809E+00 0.905690E+00 0.102560E-01 0.128960E-01 0.248807E-01 0.295087E+00 0.129183E+00 0.386228E-01 0.511930E+00 0.178322E-01 0.236022E+00 0.886990E-01 0.200464E-01 0.463976E+00 0.208247E-01 0.424740E-01 0.212110E-02 0.409923E+00 0.364534E-01
 0.836842E+01 0.424267E+00 0.201266E+00 0.567820E-01 0.166841E+00 0.598257E+00 0.439567E+00 0.885101E+00 0.121759E-01 0.132609E-01 0.252851E-01 0.280235E+00 0.119522E+00 0.345931E-01 0.495289E+00 0.185234E-01 0.223860E+00 0.817440E-01 0.178086E-01 0.446924E+00 0.212115E-01 0.375744E-01 0.190743E-02 0.404241E+00 0.363194E-01
 0.855263E+01 0.403658E+00 0.185248E+00 0.500601E-01 0.155621E+00 0.541245E+00 0.461446E+00 0.861580E+00 0.141558E-01 0.135506E-01 0.252568E-01 0.265556E+00 0.110192E+00 0.308222E-01 0.477573E+00 0.192096E-01 0.211877E+00 0.750559E-01 0.157281E-01 0.429188E+00 0.215326E-01 0.331524E-01 0.170091E-02 0.400546E+00 0.362334E-01
 0.873684E+01 0.383013E+00 0.169810E+00 0.438853E-01 0.144348E+00 0.478075E+00 0.479917E+00 0.834558E+00 0.163068E-01 0.137541E-01 0.248521E-01 0.251059E+00 0.101173E+00 0.272889E-01 0.459204E+00 0.197859E-01 0.200142E+00 0.686366E-01 0.137972E-01 0.410633E+00 0.218357E-01 0.291957E-01 0.150479E-02 0.399057E+00 0.361674E-01
 0.892105E+01 0.362539E+00 0.155065E+00 0.382567E-01 0.133208E+00 0.408967E+00 0.494382E+00 0.804490E+00 0.184739E-01 0.138637E-01 0.240021E-01 0.236771E+00 0.924946E-01 0.240003E-01 0.440186E+00 0.202478E-01 0.188793E+00 0.625706E-01 0.120320E-01 0.391848E+00 0.220940E-01 0.256721E-01 0.132286E-02 0.399606E+00 0.361699E-01
 0.910526E+01 0.342284E+00 0.141011E+00 0.331407E-01 0.122254E+00 0.333314E+00 0.505177E+00 0.771489E+00 0.206203E-01 0.138756E-01 0.229806E-01 0.222785E+00 0.841927E-01 0.209608E-01 0.420471E+00 0.206618E-01 0.177806E+00 0.568186E-01 0.104169E-01 0.373453E+00 0.221813E-01 0.225570E-01 0.115531E-02 0.402447E+00 0.362044E-01
 0.928947E+01 0.322370E+00 0.127664E+00 0.284972E-01 0.111548E+00 0.251517E+00 0.513632E+00 0.735761E+00 0.226255E-01 0.137734E-01 0.221794E-01 0.209134E+00 0.762622E-01 0.181543E-01 0.400410E+00 0.209200E-01 0.167229E+00 0.514023E-01 0.894683E-02 0.354575E+00 0.222393E-01 0.198099E-01 0.100486E-02 0.407200E+00 0.362953E-01
 0.947368E+01 0.302790E+00 0.115007E+00 0.243048E-01 0.101140E+00 0.162439E+00 0.520555E+00 0.696682E+00 0.245670E-01 0.135625E-01 0.216497E-01 0.195844E+00 0.687223E-01 0.155893E-01 0.379777E+00 0.211011E-01 0.157024E+00 0.462850E-01 0.761133E-02 0.335149E+00 0.222974E-01 0.173982E-01 0.870121E-03 0.413950E+00 0.364111E-01
 0.965789E+01 0.283663E+00 0.103061E+00 0.205377E-01 0.910932E-01 0.664320E-01 0.525535E+00 0.655555E+00 0.262256E-01 0.132368E-01 0.218066E-01 0.182942E+00 0.615598E-01 0.132473E-01 0.358503E+00 0.211720E-01 0.147266E+00 0.415015E-01 0.641591E-02 0.316442E+00 0.222115E-01 0.152899E-01 0.753766E-03 0.422781E+00 0.365616E-01
 0.984211E+01 0.264926E+00 0.917910E-01 0.171792E-01 0.814273E-01 -.389317E-01 0.531199E+00 0.611434E+00 0.275687E-01 0.127972E-01 0.231279E-01 0.170483E+00 0.548196E-01 0.111478E-01 0.337046E+00 0.211068E-01 0.137803E+00 0.369714E-01 0.533795E-02 0.297364E+00 0.220373E-01 0.134455E-01 0.653332E-03 0.432566E+00 0.366449E-01
 0.100263E+02 0.246658E+00 0.812058E-01 0.142019E-01 0.721797E-01 -.153643E+00 0.534904E+00 0.565686E+00 0.284347E-01 0.122485E-01 0.251706E-01 0.158417E+00 0.484590E-01 0.926551E-02 0.315385E+00 0.209283E-01 0.128749E+00 0.327468E-01 0.438475E-02 0.279395E+00 0.217165E-01 0.118408E-01 0.568676E-03 0.444351E+00 0.367338E-01
 0.102105E+02 0.228954E+00 0.713611E-01 0.116051E-01 0.634565E-01 -.278891E+00 0.535654E+00 0.516567E+00 0.289966E-01 0.116068E-01 0.273102E-01 0.146878E+00 0.425562E-01 0.761535E-02 0.293466E+00 0.206479E-01 0.120015E+00 0.288049E-01 0.355000E-02 0.260433E+00 0.213262E-01 0.104313E-01 0.495478E-03 0.457092E+00 0.367598E-01
 0.103947E+02 0.211916E+00 0.622695E-01 0.936113E-02 0.553024E-01 -.414225E+00 0.530136E+00 0.466634E+00 0.289805E-01 0.108860E-01 0.288414E-01 0.135867E+00 0.371075E-01 0.618276E-02 0.272116E+00 0.201410E-01 0.111687E+00 0.251620E-01 0.282729E-02 0.242647E+00 0.207533E-01 0.920462E-02 0.432897E-03 0.471346E+00 0.367347E-01
 0.105789E+02 0.195731E+00 0.539959E-01 0.744670E-02 0.478088E-01 -.554124E+00 0.519583E+00 0.413338E+00 0.287528E-01 0.100939E-01 0.301614E-01 0.125552E+00 0.321724E-01 0.495334E-02 0.250438E+00 0.195687E-01 0.103768E+00 0.218235E-01 0.221210E-02 0.224867E+00 0.200549E-01 0.813528E-02 0.378038E-03 0.486544E+00 0.365929E-01
 0.107632E+02 0.180473E+00 0.465665E-01 0.585474E-02 0.410362E-01 -.699979E+00 0.501434E+00 0.359857E+00 0.280069E-01 0.927311E-02 0.308945E-01 0.115932E+00 0.277568E-01 0.392564E-02 0.229917E+00 0.188039E-01 0.962707E-01 0.188097E-01 0.170347E-02 0.206977E+00 0.192186E-01 0.719768E-02 0.329928E-03 0.503077E+00 0.363648E-01
 0.109474E+02 0.166268E+00 0.399944E-01 0.455371E-02 0.350214E-01 -.846859E+00 0.476734E+00 0.304164E+00 0.270487E-01 0.844426E-02 0.306551E-01 0.107057E+00 0.238719E-01 0.308271E-02 0.208544E+00 0.180301E-01 0.892542E-01 0.161225E-01 0.128965E-02 0.189575E+00 0.181533E-01 0.637800E-02 0.287160E-03 0.521146E+00 0.360494E-01
 0.111316E+02 0.153308E+00 0.342641E-01 0.349623E-02 0.297580E-01 -.977974E+00 0.446333E+00 0.250834E+00 0.257338E-01 0.761086E-02 0.293387E-01 0.990271E-01 0.204861E-01 0.238780E-02 0.189493E+00 0.170609E-01 0.828128E-01 0.137780E-01 0.962102E-03 0.172242E+00 0.170385E-01 0.567017E-02 0.248744E-03 0.539779E+00 0.355613E-01
 0.113158E+02 0.141666E+00 0.293772E-01 0.266344E-02 0.252590E-01 -.108620E+01 0.413922E+00 0.197487E+00 0.243926E-01 0.680005E-02 0.274999E-01 0.918233E-01 0.175866E-01 0.183093E-02 0.170422E+00 0.160872E-01 0.770444E-01 0.117906E-01 0.713367E-03 0.156292E+00 0.157120E-01 0.506912E-02 0.216003E-03 0.559292E+00 0.349375E-01
 0.115000E+02 0.131188E+00 0.251925E-01 0.200772E-02 0.214090E-01 -.116345E+01 0.380067E+00 0.148008E+00 0.228977E-01 0.600941E-02 0.256468E-01 0.853262E-01 0.150769E-01 0.138386E-02 0.153772E+00 0.149909E-01 0.718524E-01 0.101156E-01 0.526397E-03 0.140043E+00 0.143697E-01 0.454607E-02 0.186274E-03 0.579411E+00 0.342123E-01
