 iconf, T, strx, stry, absstr, D, best_en, final_en, absstrx_absstry, coex_angle
   1 0.800000E+01 0.280146E+00 0.316582E+00 0.422792E+00 -.217424E-01 -.401061E+01 -.394316E+01 0.886890E-01 0.985197E+00
   1 0.805556E+01 0.275435E+00 0.312200E+00 0.416396E+00 -.216046E-01 -.398296E+01 -.391478E+01 0.859908E-01 0.984464E+00
   1 0.811111E+01 0.270559E+00 0.307792E+00 0.409874E+00 -.215336E-01 -.394522E+01 -.387262E+01 0.832758E-01 0.983559E+00
   1 0.816667E+01 0.265602E+00 0.303199E+00 0.403161E+00 -.213851E-01 -.391208E+01 -.387263E+01 0.805303E-01 0.982676E+00
   1 0.822222E+01 0.260679E+00 0.298503E+00 0.396396E+00 -.211506E-01 -.387585E+01 -.380142E+01 0.778135E-01 0.981865E+00
   1 0.827778E+01 0.255746E+00 0.293606E+00 0.389474E+00 -.207985E-01 -.384654E+01 -.375811E+01 0.750886E-01 0.981181E+00
   1 0.833333E+01 0.250950E+00 0.288410E+00 0.382421E+00 -.202045E-01 -.380501E+01 -.374212E+01 0.723765E-01 0.980890E+00
   1 0.838889E+01 0.246129E+00 0.282996E+00 0.375190E+00 -.195073E-01 -.377626E+01 -.369781E+01 0.696533E-01 0.980768E+00
   1 0.844444E+01 0.241377E+00 0.277292E+00 0.367801E+00 -.186280E-01 -.373865E+01 -.367905E+01 0.669320E-01 0.981003E+00
   1 0.850000E+01 0.236647E+00 0.271167E+00 0.360118E+00 -.175294E-01 -.371009E+01 -.363043E+01 0.641708E-01 0.981686E+00
   1 0.855556E+01 0.231870E+00 0.264629E+00 0.352122E+00 -.162649E-01 -.366867E+01 -.359184E+01 0.613596E-01 0.982737E+00
   1 0.861111E+01 0.227048E+00 0.257754E+00 0.343859E+00 -.148861E-01 -.365048E+01 -.354758E+01 0.585226E-01 0.984082E+00
   1 0.866667E+01 0.222202E+00 0.250553E+00 0.335347E+00 -.134030E-01 -.360483E+01 -.349742E+01 0.556732E-01 0.985718E+00
   1 0.872222E+01 0.217252E+00 0.243223E+00 0.326708E+00 -.119592E-01 -.357153E+01 -.350613E+01 0.528408E-01 0.987356E+00
   1 0.877778E+01 0.211607E+00 0.235763E+00 0.317593E+00 -.108065E-01 -.354731E+01 -.346157E+01 0.498890E-01 0.988406E+00
   1 0.883333E+01 0.205785E+00 0.228013E+00 0.308216E+00 -.964223E-02 -.349655E+01 -.338775E+01 0.469216E-01 0.989553E+00
   1 0.888889E+01 0.199352E+00 0.220278E+00 0.298510E+00 -.878112E-02 -.346218E+01 -.341425E+01 0.439128E-01 0.990102E+00
   1 0.894444E+01 0.192253E+00 0.213050E+00 0.288842E+00 -.842907E-02 -.342723E+01 -.334958E+01 0.409595E-01 0.989524E+00
   1 0.900000E+01 0.184454E+00 0.205997E+00 0.278943E+00 -.841162E-02 -.339810E+01 -.332583E+01 0.379969E-01 0.987896E+00
   1 0.905556E+01 0.175305E+00 0.199307E+00 0.268686E+00 -.899141E-02 -.336267E+01 -.325193E+01 0.349397E-01 0.983714E+00
   1 0.911111E+01 0.165512E+00 0.193158E+00 0.258392E+00 -.991547E-02 -.332893E+01 -.322866E+01 0.319700E-01 0.976517E+00
   1 0.916667E+01 0.155345E+00 0.187552E+00 0.248362E+00 -.110439E-01 -.329540E+01 -.319989E+01 0.291353E-01 0.965324E+00
   1 0.922222E+01 0.143805E+00 0.181814E+00 0.237630E+00 -.123764E-01 -.325460E+01 -.318296E+01 0.261457E-01 0.946954E+00
   1 0.927778E+01 0.132363E+00 0.176529E+00 0.227229E+00 -.136425E-01 -.322733E+01 -.318187E+01 0.233659E-01 0.921469E+00
   1 0.933333E+01 0.121039E+00 0.171152E+00 0.216873E+00 -.146426E-01 -.318643E+01 -.308352E+01 0.207162E-01 0.888969E+00
   1 0.938889E+01 0.110870E+00 0.166005E+00 0.207255E+00 -.152654E-01 -.315395E+01 -.307146E+01 0.184050E-01 0.853255E+00
   1 0.944444E+01 0.102431E+00 0.160519E+00 0.198164E+00 -.152744E-01 -.312287E+01 -.302299E+01 0.164421E-01 0.822537E+00
   1 0.950000E+01 0.944783E-01 0.155110E+00 0.189447E+00 -.151328E-01 -.308413E+01 -.303186E+01 0.146545E-01 0.789523E+00
   1 0.955556E+01 0.882544E-01 0.149810E+00 0.181528E+00 -.146541E-01 -.305284E+01 -.295374E+01 0.132214E-01 0.765041E+00
   1 0.961111E+01 0.818896E-01 0.144582E+00 0.173632E+00 -.141980E-01 -.302587E+01 -.295725E+01 0.118398E-01 0.735559E+00
   1 0.966667E+01 0.767785E-01 0.139071E+00 0.166072E+00 -.134458E-01 -.298739E+01 -.294713E+01 0.106777E-01 0.716115E+00
   1 0.972222E+01 0.717170E-01 0.133625E+00 0.158610E+00 -.127124E-01 -.296517E+01 -.287687E+01 0.958320E-02 0.694484E+00
   1 0.977778E+01 0.674190E-01 0.128122E+00 0.151412E+00 -.118699E-01 -.292329E+01 -.282998E+01 0.863786E-02 0.679306E+00
   1 0.983333E+01 0.642159E-01 0.122342E+00 0.144586E+00 -.108438E-01 -.288827E+01 -.279772E+01 0.785627E-02 0.677375E+00
   1 0.988889E+01 0.608018E-01 0.116850E+00 0.137813E+00 -.995708E-02 -.285719E+01 -.275701E+01 0.710469E-02 0.670674E+00
   1 0.994444E+01 0.576033E-01 0.110790E+00 0.130743E+00 -.895626E-02 -.282713E+01 -.274374E+01 0.638186E-02 0.670071E+00
   1 0.100000E+02 0.547538E-01 0.104398E+00 0.123634E+00 -.790093E-02 -.280397E+01 -.271410E+01 0.571618E-02 0.676763E+00
   1 0.100556E+02 0.521391E-01 0.973225E-01 0.116082E+00 -.675319E-02 -.276763E+01 -.266317E+01 0.507431E-02 0.693099E+00
   1 0.101111E+02 0.493859E-01 0.897416E-01 0.108070E+00 -.561460E-02 -.273292E+01 -.261976E+01 0.443197E-02 0.713664E+00
   1 0.101667E+02 0.467545E-01 0.818025E-01 0.998637E-01 -.450567E-02 -.270299E+01 -.260888E+01 0.382463E-02 0.742412E+00
   1 0.102222E+02 0.441646E-01 0.741739E-01 0.919590E-01 -.355126E-02 -.267304E+01 -.255929E+01 0.327586E-02 0.772916E+00
   1 0.102778E+02 0.419365E-01 0.666171E-01 0.843261E-01 -.267917E-02 -.262937E+01 -.254259E+01 0.279369E-02 0.813059E+00
   1 0.103333E+02 0.397025E-01 0.599083E-01 0.773509E-01 -.201272E-02 -.260610E+01 -.252285E+01 0.237851E-02 0.848163E+00
   1 0.103889E+02 0.377973E-01 0.538066E-01 0.710812E-01 -.146652E-02 -.258928E+01 -.252804E+01 0.203374E-02 0.884961E+00
   1 0.104444E+02 0.359014E-01 0.481894E-01 0.652532E-01 -.103330E-02 -.254641E+01 -.246353E+01 0.173007E-02 0.918121E+00
   1 0.105000E+02 0.342484E-01 0.437811E-01 0.605017E-01 -.743830E-03 -.251997E+01 -.245452E+01 0.149943E-02 0.942043E+00
   1 0.105556E+02 0.327031E-01 0.397634E-01 0.561809E-01 -.511641E-03 -.249214E+01 -.239652E+01 0.130039E-02 0.962741E+00
   1 0.106111E+02 0.312716E-01 0.364570E-01 0.525213E-01 -.351199E-03 -.245932E+01 -.236839E+01 0.114007E-02 0.976826E+00
   1 0.106667E+02 0.298054E-01 0.334468E-01 0.490807E-01 -.230329E-03 -.243858E+01 -.233460E+01 0.996895E-03 0.986830E+00
   1 0.107222E+02 0.283556E-01 0.309558E-01 0.460516E-01 -.154225E-03 -.241376E+01 -.236441E+01 0.877770E-03 0.992341E+00
   1 0.107778E+02 0.269760E-01 0.288400E-01 0.433605E-01 -.104041E-03 -.237462E+01 -.231461E+01 0.777987E-03 0.995549E+00
   1 0.108333E+02 0.254838E-01 0.268853E-01 0.407363E-01 -.733942E-04 -.235072E+01 -.228049E+01 0.685138E-03 0.997139E+00
   1 0.108889E+02 0.242294E-01 0.250201E-01 0.383592E-01 -.389377E-04 -.233285E+01 -.227308E+01 0.606222E-03 0.998970E+00
   1 0.109444E+02 0.230143E-01 0.233685E-01 0.361396E-01 -.164275E-04 -.229790E+01 -.223971E+01 0.537811E-03 0.999767E+00
   1 0.110000E+02 0.218872E-01 0.219740E-01 0.341652E-01 -.380748E-05 -.226933E+01 -.220029E+01 0.480949E-03 0.999984E+00
   1 0.110556E+02 0.207255E-01 0.207035E-01 0.322924E-01 0.914939E-06 -.225006E+01 -.218812E+01 0.429090E-03 0.999999E+00
   1 0.111111E+02 0.196866E-01 0.195645E-01 0.305916E-01 0.479541E-05 -.222039E+01 -.213491E+01 0.385158E-03 0.999961E+00
   1 0.111667E+02 0.187379E-01 0.184064E-01 0.289671E-01 0.123149E-04 -.220333E+01 -.210310E+01 0.344898E-03 0.999681E+00
   1 0.112222E+02 0.178250E-01 0.174765E-01 0.275468E-01 0.123029E-04 -.216931E+01 -.213568E+01 0.311517E-03 0.999610E+00
   1 0.112778E+02 0.170381E-01 0.166135E-01 0.262826E-01 0.142894E-04 -.215594E+01 -.206052E+01 0.283063E-03 0.999363E+00
   1 0.113333E+02 0.162262E-01 0.157164E-01 0.249677E-01 0.162848E-04 -.212427E+01 -.205436E+01 0.255017E-03 0.998982E+00
   1 0.113889E+02 0.155298E-01 0.149518E-01 0.238295E-01 0.176202E-04 -.211005E+01 -.202842E+01 0.232198E-03 0.998562E+00
   1 0.114444E+02 0.147736E-01 0.143261E-01 0.227574E-01 0.130220E-04 -.207970E+01 -.199624E+01 0.211648E-03 0.999055E+00
   1 0.115000E+02 0.141307E-01 0.136646E-01 0.217443E-01 0.129529E-04 -.207005E+01 -.196648E+01 0.193090E-03 0.998876E+00
   2 0.800000E+01 0.308696E+00 0.279026E+00 0.416176E+00 0.174374E-01 -.398024E+01 -.391282E+01 0.861343E-01 0.989858E+00
   2 0.805556E+01 0.304225E+00 0.274395E+00 0.409761E+00 0.172603E-01 -.395075E+01 -.390272E+01 0.834781E-01 0.989425E+00
   2 0.811111E+01 0.299623E+00 0.269694E+00 0.403203E+00 0.170395E-01 -.391347E+01 -.383662E+01 0.808066E-01 0.989006E+00
   2 0.816667E+01 0.295044E+00 0.265023E+00 0.396682E+00 0.168140E-01 -.389201E+01 -.381437E+01 0.781935E-01 0.988572E+00
   2 0.822222E+01 0.290251E+00 0.260248E+00 0.389935E+00 0.165165E-01 -.384889E+01 -.378559E+01 0.755373E-01 0.988189E+00
   2 0.827778E+01 0.285466E+00 0.255410E+00 0.383151E+00 0.162567E-01 -.382028E+01 -.374652E+01 0.729110E-01 0.987724E+00
   2 0.833333E+01 0.280609E+00 0.250629E+00 0.376352E+00 0.159265E-01 -.378248E+01 -.371820E+01 0.703288E-01 0.987342E+00
   2 0.838889E+01 0.275871E+00 0.245779E+00 0.369598E+00 0.156978E-01 -.376244E+01 -.365373E+01 0.678033E-01 0.986777E+00
   2 0.844444E+01 0.271039E+00 0.240891E+00 0.362748E+00 0.154340E-01 -.371968E+01 -.365394E+01 0.652910E-01 0.986223E+00
   2 0.850000E+01 0.266336E+00 0.235928E+00 0.355947E+00 0.152730E-01 -.368394E+01 -.360736E+01 0.628362E-01 0.985445E+00
   2 0.855556E+01 0.261599E+00 0.230965E+00 0.349125E+00 0.150893E-01 -.364524E+01 -.357328E+01 0.604204E-01 0.984647E+00
   2 0.861111E+01 0.256699E+00 0.225971E+00 0.342167E+00 0.148312E-01 -.361687E+01 -.352189E+01 0.580064E-01 0.983920E+00
   2 0.866667E+01 0.251878E+00 0.220916E+00 0.335235E+00 0.146390E-01 -.357717E+01 -.350064E+01 0.556438E-01 0.982991E+00
   2 0.872222E+01 0.247080E+00 0.215512E+00 0.328129E+00 0.146029E-01 -.354955E+01 -.346498E+01 0.532488E-01 0.981545E+00
   2 0.877778E+01 0.242201E+00 0.210018E+00 0.320917E+00 0.145538E-01 -.351100E+01 -.344436E+01 0.508664E-01 0.979945E+00
   2 0.883333E+01 0.237272E+00 0.204031E+00 0.313416E+00 0.146691E-01 -.347725E+01 -.340872E+01 0.484109E-01 0.977561E+00
   2 0.888889E+01 0.232357E+00 0.197491E+00 0.305618E+00 0.149871E-01 -.344773E+01 -.335499E+01 0.458884E-01 0.974026E+00
   2 0.894444E+01 0.227277E+00 0.190090E+00 0.297294E+00 0.155207E-01 -.341061E+01 -.333346E+01 0.432031E-01 0.968743E+00
   2 0.900000E+01 0.222192E+00 0.181536E+00 0.288463E+00 0.164139E-01 -.337279E+01 -.325958E+01 0.403359E-01 0.960247E+00
   2 0.905556E+01 0.216820E+00 0.172025E+00 0.278985E+00 0.174180E-01 -.334040E+01 -.324851E+01 0.372985E-01 0.948299E+00
   2 0.911111E+01 0.211224E+00 0.161301E+00 0.268773E+00 0.185978E-01 -.331210E+01 -.321474E+01 0.340706E-01 0.930673E+00
   2 0.916667E+01 0.205696E+00 0.150297E+00 0.258569E+00 0.197215E-01 -.327606E+01 -.319740E+01 0.309154E-01 0.907660E+00
   2 0.922222E+01 0.200278E+00 0.138364E+00 0.248048E+00 0.209668E-01 -.325078E+01 -.314509E+01 0.277113E-01 0.874802E+00
   2 0.927778E+01 0.194795E+00 0.126688E+00 0.237560E+00 0.218953E-01 -.320121E+01 -.310923E+01 0.246782E-01 0.835564E+00
   2 0.933333E+01 0.189116E+00 0.115609E+00 0.227258E+00 0.223995E-01 -.316636E+01 -.310169E+01 0.218634E-01 0.792137E+00
   2 0.938889E+01 0.183370E+00 0.105037E+00 0.217190E+00 0.225917E-01 -.313259E+01 -.306258E+01 0.192606E-01 0.744074E+00
   2 0.944444E+01 0.177619E+00 0.958151E-01 0.207748E+00 0.223678E-01 -.309948E+01 -.303417E+01 0.170185E-01 0.698393E+00
   2 0.950000E+01 0.171630E+00 0.869983E-01 0.198278E+00 0.218880E-01 -.306323E+01 -.296260E+01 0.149315E-01 0.650528E+00
   2 0.955556E+01 0.165438E+00 0.791422E-01 0.189099E+00 0.211062E-01 -.304150E+01 -.295861E+01 0.130931E-01 0.606193E+00
   2 0.961111E+01 0.158933E+00 0.727249E-01 0.180236E+00 0.199708E-01 -.300098E+01 -.291571E+01 0.115584E-01 0.572627E+00
   2 0.966667E+01 0.151967E+00 0.669515E-01 0.171238E+00 0.186114E-01 -.296715E+01 -.290371E+01 0.101744E-01 0.544506E+00
   2 0.972222E+01 0.144946E+00 0.622818E-01 0.162664E+00 0.171303E-01 -.294565E+01 -.284343E+01 0.902748E-02 0.526263E+00
   2 0.977778E+01 0.137562E+00 0.580646E-01 0.153961E+00 0.155518E-01 -.290405E+01 -.280693E+01 0.798748E-02 0.513420E+00
   2 0.983333E+01 0.129959E+00 0.544326E-01 0.145317E+00 0.139264E-01 -.286656E+01 -.279726E+01 0.707399E-02 0.507894E+00
   2 0.988889E+01 0.122260E+00 0.514551E-01 0.136899E+00 0.122999E-01 -.283203E+01 -.276524E+01 0.629092E-02 0.511328E+00
   2 0.994444E+01 0.114847E+00 0.484017E-01 0.128742E+00 0.108472E-01 -.281248E+01 -.269785E+01 0.555881E-02 0.512310E+00
   2 0.100000E+02 0.107572E+00 0.458968E-01 0.120906E+00 0.946516E-02 -.277477E+01 -.270735E+01 0.493719E-02 0.521150E+00
   2 0.100556E+02 0.100785E+00 0.431969E-01 0.113471E+00 0.829162E-02 -.273985E+01 -.264075E+01 0.435359E-02 0.524432E+00
   2 0.101111E+02 0.941387E-01 0.407713E-01 0.106357E+00 0.719981E-02 -.270980E+01 -.263330E+01 0.383816E-02 0.531999E+00
   2 0.101667E+02 0.879351E-01 0.387450E-01 0.998317E-01 0.623141E-02 -.267753E+01 -.258603E+01 0.340705E-02 0.544576E+00
   2 0.102222E+02 0.819323E-01 0.368844E-01 0.935714E-01 0.535245E-02 -.264989E+01 -.253324E+01 0.302202E-02 0.560462E+00
   2 0.102778E+02 0.762884E-01 0.352280E-01 0.877637E-01 0.457890E-02 -.261460E+01 -.251817E+01 0.268749E-02 0.579468E+00
   2 0.103333E+02 0.711030E-01 0.336652E-01 0.823592E-01 0.392229E-02 -.258801E+01 -.250291E+01 0.239370E-02 0.598357E+00
   2 0.103889E+02 0.659180E-01 0.321652E-01 0.770223E-01 0.331058E-02 -.255301E+01 -.251115E+01 0.212027E-02 0.621314E+00
   2 0.104444E+02 0.609976E-01 0.308072E-01 0.719908E-01 0.277163E-02 -.252981E+01 -.247029E+01 0.187916E-02 0.647730E+00
   2 0.105000E+02 0.565360E-01 0.294700E-01 0.674162E-01 0.232784E-02 -.249915E+01 -.242681E+01 0.166611E-02 0.672035E+00
   2 0.105556E+02 0.520431E-01 0.281614E-01 0.628315E-01 0.191543E-02 -.248006E+01 -.237635E+01 0.146561E-02 0.700767E+00
   2 0.106111E+02 0.480494E-01 0.270469E-01 0.587414E-01 0.157721E-02 -.244470E+01 -.236695E+01 0.129959E-02 0.730875E+00
   2 0.106667E+02 0.442735E-01 0.260151E-01 0.549145E-01 0.128336E-02 -.241387E+01 -.236890E+01 0.115178E-02 0.763136E+00
   2 0.107222E+02 0.409946E-01 0.250970E-01 0.515635E-01 0.105070E-02 -.238560E+01 -.229511E+01 0.102884E-02 0.793187E+00
   2 0.107778E+02 0.378542E-01 0.240505E-01 0.482736E-01 0.854516E-03 -.236656E+01 -.225339E+01 0.910411E-03 0.819508E+00
   2 0.108333E+02 0.350990E-01 0.229021E-01 0.452485E-01 0.707433E-03 -.233385E+01 -.222906E+01 0.803842E-03 0.837782E+00
   2 0.108889E+02 0.325300E-01 0.218841E-01 0.424502E-01 0.579287E-03 -.231149E+01 -.220170E+01 0.711890E-03 0.857972E+00
   2 0.109444E+02 0.300634E-01 0.208663E-01 0.397361E-01 0.468407E-03 -.228304E+01 -.223281E+01 0.627313E-03 0.877666E+00
   2 0.110000E+02 0.279280E-01 0.200047E-01 0.373812E-01 0.379784E-03 -.225288E+01 -.221521E+01 0.558692E-03 0.896441E+00
   2 0.110556E+02 0.260769E-01 0.191358E-01 0.352571E-01 0.313827E-03 -.222908E+01 -.214877E+01 0.499003E-03 0.910016E+00
   2 0.111111E+02 0.243861E-01 0.182884E-01 0.332739E-01 0.260218E-03 -.220563E+01 -.211812E+01 0.445982E-03 0.921566E+00
   2 0.111667E+02 0.228631E-01 0.175624E-01 0.314945E-01 0.214284E-03 -.217648E+01 -.211585E+01 0.401533E-03 0.933533E+00
   2 0.112222E+02 0.214777E-01 0.167212E-01 0.297827E-01 0.181696E-03 -.215811E+01 -.208295E+01 0.359133E-03 0.939858E+00
   2 0.112778E+02 0.201480E-01 0.159066E-01 0.281301E-01 0.152922E-03 -.213252E+01 -.204260E+01 0.320485E-03 0.946145E+00
   2 0.113333E+02 0.190236E-01 0.151563E-01 0.266591E-01 0.132183E-03 -.210819E+01 -.201843E+01 0.288328E-03 0.950080E+00
   2 0.113889E+02 0.179791E-01 0.144933E-01 0.253313E-01 0.113195E-03 -.209057E+01 -.199399E+01 0.260576E-03 0.954949E+00
   2 0.114444E+02 0.169938E-01 0.138127E-01 0.240466E-01 0.979975E-04 -.206358E+01 -.197928E+01 0.234731E-03 0.958245E+00
   2 0.115000E+02 0.160874E-01 0.131539E-01 0.228246E-01 0.857807E-04 -.204330E+01 -.196610E+01 0.211612E-03 0.960540E+00
