 iconf, T, nbar, nbar2, nbar4, nbinder
   1 0.400000E+01 0.164177E+01 0.269831E+01 0.731211E+01 0.665236E+00
   1 0.404000E+01 0.145249E+01 0.211338E+01 0.449696E+01 0.664383E+00
   1 0.408000E+01 0.122916E+01 0.151573E+01 0.232677E+01 0.662411E+00
   1 0.412000E+01 0.943898E+00 0.898434E+00 0.833536E+00 0.655784E+00
   1 0.416000E+01 0.162852E+00 0.252858E+00 0.833192E-01 0.565618E+00
   1 0.420000E+01 0.960213E-04 0.774969E-02 0.228419E-03 -.267776E+00
   1 0.424000E+01 0.118672E-02 0.270111E-02 0.231206E-04 -.563170E-01
   1 0.428000E+01 0.108946E-03 0.181893E-02 0.101223E-04 -.198194E-01
   1 0.432000E+01 0.258530E-03 0.147351E-02 0.656987E-05 -.862667E-02
   1 0.436000E+01 -.138436E-03 0.127453E-02 0.491772E-05 -.912288E-02
   1 0.440000E+01 0.253150E-03 0.108725E-02 0.358744E-05 -.115961E-01
   2 0.400000E+01 0.164212E+01 0.269945E+01 0.731794E+01 0.665252E+00
   2 0.404000E+01 0.145305E+01 0.211496E+01 0.450347E+01 0.664400E+00
   2 0.408000E+01 0.122648E+01 0.150915E+01 0.230683E+01 0.662381E+00
   2 0.412000E+01 0.945162E+00 0.900633E+00 0.836894E+00 0.656083E+00
   2 0.416000E+01 -.639246E-01 0.254842E+00 0.844094E-01 0.566760E+00
   2 0.420000E+01 -.343176E-02 0.728454E-02 0.208584E-03 -.310251E+00
   2 0.424000E+01 -.106107E-02 0.269586E-02 0.230634E-04 -.578133E-01
   2 0.428000E+01 -.502961E-03 0.184579E-02 0.104664E-04 -.240278E-01
   2 0.432000E+01 0.355070E-03 0.146947E-02 0.657371E-05 -.147718E-01
   2 0.436000E+01 -.251367E-03 0.126080E-02 0.476508E-05 0.792512E-03
   2 0.440000E+01 0.833500E-05 0.109850E-02 0.359558E-05 0.677814E-02
   3 0.400000E+01 0.164249E+01 0.270065E+01 0.732456E+01 0.665247E+00
   3 0.404000E+01 0.145253E+01 0.211350E+01 0.449755E+01 0.664379E+00
   3 0.408000E+01 0.122765E+01 0.151203E+01 0.231574E+01 0.662365E+00
   3 0.412000E+01 0.944176E+00 0.898644E+00 0.832803E+00 0.656248E+00
   3 0.416000E+01 -.129149E+00 0.261469E+00 0.879424E-01 0.571217E+00
   3 0.420000E+01 0.507672E-02 0.681730E-02 0.176789E-03 -.267969E+00
   3 0.424000E+01 0.248466E-03 0.266053E-02 0.229237E-04 -.795114E-01
   3 0.428000E+01 0.320796E-03 0.183914E-02 0.101998E-04 -.517247E-02
   3 0.432000E+01 0.305871E-03 0.144633E-02 0.633192E-05 -.897824E-02
   3 0.436000E+01 0.123253E-03 0.124531E-02 0.470208E-05 -.106808E-01
   3 0.440000E+01 0.452862E-04 0.109525E-02 0.360403E-05 -.147407E-02
   4 0.400000E+01 0.164285E+01 0.270179E+01 0.733025E+01 0.665271E+00
   4 0.404000E+01 0.145289E+01 0.211457E+01 0.450232E+01 0.664364E+00
   4 0.408000E+01 0.122803E+01 0.151307E+01 0.231947E+01 0.662284E+00
   4 0.412000E+01 0.942926E+00 0.896660E+00 0.830407E+00 0.655718E+00
   4 0.416000E+01 -.165231E+00 0.254449E+00 0.845075E-01 0.564916E+00
   4 0.420000E+01 0.899609E-03 0.723709E-02 0.203641E-03 -.296036E+00
   4 0.424000E+01 0.148252E-02 0.272699E-02 0.241864E-04 -.841351E-01
   4 0.428000E+01 -.307554E-03 0.184234E-02 0.103819E-04 -.195745E-01
   4 0.432000E+01 -.119077E-03 0.149608E-02 0.680919E-05 -.140568E-01
   4 0.436000E+01 -.188601E-03 0.124187E-02 0.463816E-05 -.247557E-02
   4 0.440000E+01 -.613675E-04 0.110347E-02 0.367406E-05 -.578010E-02
   5 0.400000E+01 0.164155E+01 0.269751E+01 0.730717E+01 0.665266E+00
   5 0.404000E+01 0.145233E+01 0.211285E+01 0.449421E+01 0.664421E+00
   5 0.408000E+01 0.122737E+01 0.151127E+01 0.231297E+01 0.662431E+00
   5 0.412000E+01 0.943940E+00 0.898445E+00 0.833302E+00 0.655889E+00
   5 0.416000E+01 -.556250E-01 0.254751E+00 0.845663E-01 0.565647E+00
   5 0.420000E+01 -.174068E-02 0.766286E-02 0.279220E-03 -.585053E+00
   5 0.424000E+01 0.575139E-03 0.266603E-02 0.221849E-04 -.404181E-01
   5 0.428000E+01 -.589344E-03 0.184017E-02 0.102952E-04 -.134449E-01
   5 0.432000E+01 0.776625E-04 0.147325E-02 0.660396E-05 -.142112E-01
   5 0.436000E+01 -.616837E-04 0.124426E-02 0.470308E-05 -.126021E-01
   5 0.440000E+01 0.315049E-03 0.109899E-02 0.360735E-05 0.440411E-02
   6 0.400000E+01 0.164130E+01 0.269674E+01 0.730350E+01 0.665243E+00
   6 0.404000E+01 0.145286E+01 0.211445E+01 0.450153E+01 0.664383E+00
   6 0.408000E+01 0.122723E+01 0.151100E+01 0.231243E+01 0.662386E+00
   6 0.412000E+01 0.941702E+00 0.894416E+00 0.826524E+00 0.655606E+00
   6 0.416000E+01 -.143026E+00 0.259590E+00 0.869534E-01 0.569879E+00
   6 0.420000E+01 0.524055E-02 0.740451E-02 0.236041E-03 -.435072E+00
   6 0.424000E+01 0.234182E-03 0.263076E-02 0.219556E-04 -.574506E-01
   6 0.428000E+01 0.723975E-04 0.187428E-02 0.106458E-04 -.101545E-01
   6 0.432000E+01 0.230075E-03 0.147797E-02 0.659869E-05 -.694629E-02
   6 0.436000E+01 -.394750E-03 0.124383E-02 0.463259E-05 0.187911E-02
   6 0.440000E+01 0.369214E-03 0.108976E-02 0.356806E-05 -.149611E-02
   7 0.400000E+01 0.164291E+01 0.270203E+01 0.733185E+01 0.665257E+00
   7 0.404000E+01 0.145175E+01 0.211120E+01 0.448769E+01 0.664385E+00
   7 0.408000E+01 0.122561E+01 0.150701E+01 0.230019E+01 0.662393E+00
   7 0.412000E+01 0.944004E+00 0.898795E+00 0.834732E+00 0.655567E+00
   7 0.416000E+01 0.107929E+00 0.252515E+00 0.835121E-01 0.563429E+00
   7 0.420000E+01 -.766323E-03 0.678928E-02 0.180729E-03 -.306948E+00
   7 0.424000E+01 0.825451E-03 0.267571E-02 0.234140E-04 -.901265E-01
   7 0.428000E+01 0.419144E-03 0.186012E-02 0.107911E-04 -.395975E-01
   7 0.432000E+01 0.163563E-03 0.147926E-02 0.659861E-05 -.517450E-02
   7 0.436000E+01 -.843063E-04 0.126007E-02 0.480252E-05 -.822073E-02
   7 0.440000E+01 -.258143E-03 0.110120E-02 0.366207E-05 -.663942E-02
   8 0.400000E+01 0.164189E+01 0.269870E+01 0.731419E+01 0.665239E+00
   8 0.404000E+01 0.145213E+01 0.211234E+01 0.449269E+01 0.664373E+00
   8 0.408000E+01 0.122603E+01 0.150814E+01 0.230426E+01 0.662302E+00
   8 0.412000E+01 0.943309E+00 0.897196E+00 0.830740E+00 0.655991E+00
   8 0.416000E+01 0.222426E+00 0.263824E+00 0.887680E-01 0.574884E+00
   8 0.420000E+01 0.575030E-03 0.766400E-02 0.210966E-03 -.197237E+00
   8 0.424000E+01 -.741605E-03 0.269970E-02 0.229497E-04 -.496054E-01
   8 0.428000E+01 0.379654E-03 0.186933E-02 0.107670E-04 -.270808E-01
   8 0.432000E+01 0.861575E-04 0.146614E-02 0.657315E-05 -.193016E-01
   8 0.436000E+01 0.305046E-03 0.123456E-02 0.459698E-05 -.537098E-02
   8 0.440000E+01 0.128719E-03 0.111001E-02 0.371930E-05 -.621209E-02
   9 0.400000E+01 0.164099E+01 0.269576E+01 0.729829E+01 0.665236E+00
   9 0.404000E+01 0.145203E+01 0.211205E+01 0.449164E+01 0.664359E+00
   9 0.408000E+01 0.122841E+01 0.151399E+01 0.232212E+01 0.662309E+00
   9 0.412000E+01 0.941361E+00 0.893766E+00 0.825457E+00 0.655550E+00
   9 0.416000E+01 -.154491E+00 0.255280E+00 0.834691E-01 0.573056E+00
   9 0.420000E+01 -.611019E-02 0.784236E-02 0.234761E-03 -.272366E+00
   9 0.424000E+01 0.625880E-03 0.273286E-02 0.239540E-04 -.691106E-01
   9 0.428000E+01 0.409850E-03 0.184279E-02 0.103341E-04 -.143857E-01
   9 0.432000E+01 0.173257E-03 0.146256E-02 0.651327E-05 -.149594E-01
   9 0.436000E+01 -.255430E-03 0.125595E-02 0.475129E-05 -.403092E-02
   9 0.440000E+01 -.330212E-03 0.109063E-02 0.356154E-05 0.193530E-02
  10 0.400000E+01 0.164166E+01 0.269791E+01 0.730956E+01 0.665254E+00
  10 0.404000E+01 0.145182E+01 0.211138E+01 0.448825E+01 0.664400E+00
  10 0.408000E+01 0.122810E+01 0.151297E+01 0.231750E+01 0.662526E+00
  10 0.412000E+01 0.941758E+00 0.894593E+00 0.827181E+00 0.655469E+00
  10 0.416000E+01 0.211767E+00 0.257736E+00 0.850862E-01 0.573039E+00
  10 0.420000E+01 -.977459E-03 0.728608E-02 0.209810E-03 -.317397E+00
  10 0.424000E+01 0.156644E-02 0.267368E-02 0.226537E-04 -.563296E-01
  10 0.428000E+01 -.368100E-03 0.184626E-02 0.104276E-04 -.197166E-01
  10 0.432000E+01 -.618941E-03 0.147270E-02 0.648095E-05 0.392896E-02
  10 0.436000E+01 -.249654E-03 0.124063E-02 0.464293E-05 -.550977E-02
  10 0.440000E+01 -.181051E-03 0.110523E-02 0.366295E-05 0.442734E-03
  11 0.400000E+01 0.164142E+01 0.269711E+01 0.730509E+01 0.665261E+00
  11 0.404000E+01 0.145123E+01 0.210965E+01 0.448064E+01 0.664418E+00
  11 0.408000E+01 0.122780E+01 0.151249E+01 0.231746E+01 0.662317E+00
  11 0.412000E+01 0.942181E+00 0.895095E+00 0.827097E+00 0.655890E+00
  11 0.416000E+01 -.373598E-01 0.268366E+00 0.923526E-01 0.572562E+00
  11 0.420000E+01 0.148026E-03 0.717242E-02 0.199478E-03 -.292538E+00
  11 0.424000E+01 -.903429E-03 0.272845E-02 0.235587E-04 -.548668E-01
  11 0.428000E+01 0.493880E-03 0.188136E-02 0.109284E-04 -.291802E-01
  11 0.432000E+01 0.511855E-03 0.147432E-02 0.655214E-05 -.480153E-02
  11 0.436000E+01 -.971812E-04 0.125625E-02 0.476320E-05 -.606508E-02
  11 0.440000E+01 -.244784E-03 0.110674E-02 0.369283E-05 -.495291E-02
  12 0.400000E+01 0.164185E+01 0.269855E+01 0.731310E+01 0.665250E+00
  12 0.404000E+01 0.145331E+01 0.211573E+01 0.450677E+01 0.664399E+00
  12 0.408000E+01 0.122695E+01 0.151027E+01 0.230994E+01 0.662424E+00
  12 0.412000E+01 0.940799E+00 0.892664E+00 0.823085E+00 0.655692E+00
  12 0.416000E+01 0.169975E+00 0.259437E+00 0.860662E-01 0.573766E+00
  12 0.420000E+01 0.320564E-02 0.716006E-02 0.193208E-03 -.256232E+00
  12 0.424000E+01 -.732400E-04 0.276113E-02 0.251867E-04 -.101227E+00
  12 0.428000E+01 0.605287E-04 0.185750E-02 0.105859E-04 -.227043E-01
  12 0.432000E+01 0.162875E-03 0.146647E-02 0.647073E-05 -.296475E-02
  12 0.436000E+01 0.703500E-04 0.124808E-02 0.477418E-05 -.216296E-01
  12 0.440000E+01 0.748875E-04 0.109268E-02 0.360329E-05 -.597698E-02
  13 0.400000E+01 0.164151E+01 0.269748E+01 0.730778E+01 0.665228E+00
  13 0.404000E+01 0.145226E+01 0.211269E+01 0.449395E+01 0.664391E+00
  13 0.408000E+01 0.122747E+01 0.151159E+01 0.231428E+01 0.662380E+00
  13 0.412000E+01 0.942260E+00 0.895380E+00 0.827928E+00 0.655764E+00
  13 0.416000E+01 0.214800E+00 0.251633E+00 0.835901E-01 0.559954E+00
  13 0.420000E+01 -.418620E-02 0.686837E-02 0.184891E-03 -.306430E+00
  13 0.424000E+01 0.418985E-03 0.262683E-02 0.228818E-04 -.105362E+00
  13 0.428000E+01 0.402919E-03 0.186727E-02 0.106810E-04 -.211127E-01
  13 0.432000E+01 -.436662E-04 0.147290E-02 0.653877E-05 -.468378E-02
  13 0.436000E+01 0.438725E-04 0.125253E-02 0.477820E-05 -.152300E-01
  13 0.440000E+01 -.128899E-03 0.110466E-02 0.370293E-05 -.115086E-01
  14 0.400000E+01 0.164198E+01 0.269893E+01 0.731455E+01 0.665278E+00
  14 0.404000E+01 0.145203E+01 0.211201E+01 0.449095E+01 0.664398E+00
  14 0.408000E+01 0.122837E+01 0.151381E+01 0.232113E+01 0.662375E+00
  14 0.412000E+01 0.944981E+00 0.900505E+00 0.837365E+00 0.655792E+00
  14 0.416000E+01 0.199840E+00 0.257684E+00 0.853661E-01 0.571463E+00
  14 0.420000E+01 0.153729E-02 0.759770E-02 0.235458E-03 -.359654E+00
  14 0.424000E+01 -.854117E-03 0.268500E-02 0.229950E-04 -.632236E-01
  14 0.428000E+01 0.616085E-03 0.181965E-02 0.100315E-04 -.988465E-02
  14 0.432000E+01 -.376238E-04 0.147361E-02 0.658077E-05 -.101601E-01
  14 0.436000E+01 -.522950E-04 0.123605E-02 0.458066E-05 0.602112E-03
  14 0.440000E+01 -.273750E-03 0.110556E-02 0.367931E-05 -.341666E-02
  15 0.400000E+01 0.164169E+01 0.269806E+01 0.731076E+01 0.665237E+00
  15 0.404000E+01 0.145188E+01 0.211157E+01 0.448921E+01 0.664389E+00
  15 0.408000E+01 0.122657E+01 0.150945E+01 0.230818E+01 0.662315E+00
  15 0.412000E+01 0.942019E+00 0.894819E+00 0.826739E+00 0.655827E+00
  15 0.416000E+01 -.774539E-01 0.253731E+00 0.839193E-01 0.565496E+00
  15 0.420000E+01 0.795300E-04 0.731696E-02 0.209376E-03 -.303601E+00
  15 0.424000E+01 -.131451E-03 0.270270E-02 0.235862E-04 -.763175E-01
  15 0.428000E+01 0.713745E-03 0.184744E-02 0.103811E-04 -.138676E-01
  15 0.432000E+01 0.512325E-03 0.147770E-02 0.653351E-05 0.264435E-02
  15 0.436000E+01 0.221639E-03 0.125222E-02 0.471765E-05 -.286290E-02
  15 0.440000E+01 0.155139E-03 0.110304E-02 0.371238E-05 -.170687E-01
  16 0.400000E+01 0.164169E+01 0.269806E+01 0.731097E+01 0.665228E+00
  16 0.404000E+01 0.145147E+01 0.211044E+01 0.448487E+01 0.664354E+00
  16 0.408000E+01 0.122809E+01 0.151308E+01 0.231875E+01 0.662397E+00
  16 0.412000E+01 0.943848E+00 0.898244E+00 0.832763E+00 0.655958E+00
  16 0.416000E+01 0.258084E-01 0.252814E+00 0.834982E-01 0.564535E+00
  16 0.420000E+01 0.464523E-02 0.760356E-02 0.239810E-03 -.382647E+00
  16 0.424000E+01 -.112936E-03 0.274960E-02 0.243320E-04 -.728025E-01
  16 0.428000E+01 -.397998E-03 0.182403E-02 0.101069E-04 -.125866E-01
  16 0.432000E+01 0.190275E-04 0.147657E-02 0.664642E-05 -.161550E-01
  16 0.436000E+01 0.325351E-03 0.124819E-02 0.469839E-05 -.524035E-02
  16 0.440000E+01 0.204329E-03 0.109444E-02 0.357426E-05 0.533048E-02
  17 0.400000E+01 0.164169E+01 0.269798E+01 0.730963E+01 0.665268E+00
  17 0.404000E+01 0.145274E+01 0.211412E+01 0.450026E+01 0.664371E+00
  17 0.408000E+01 0.122646E+01 0.150911E+01 0.230676E+01 0.662371E+00
  17 0.412000E+01 0.943312E+00 0.897397E+00 0.831863E+00 0.655681E+00
  17 0.416000E+01 -.192669E-01 0.259163E+00 0.861946E-01 0.572229E+00
  17 0.420000E+01 0.124963E-02 0.720882E-02 0.209808E-03 -.345773E+00
  17 0.424000E+01 -.399844E-03 0.271503E-02 0.232060E-04 -.493711E-01
  17 0.428000E+01 -.826488E-04 0.183194E-02 0.102357E-04 -.166623E-01
  17 0.432000E+01 -.331938E-04 0.146817E-02 0.646963E-05 -.474804E-03
  17 0.436000E+01 0.507174E-03 0.126207E-02 0.481302E-05 -.723184E-02
  17 0.440000E+01 -.209437E-04 0.110721E-02 0.369538E-05 -.479881E-02
  18 0.400000E+01 0.163979E+01 0.269180E+01 0.727680E+01 0.665240E+00
  18 0.404000E+01 0.145127E+01 0.210979E+01 0.448146E+01 0.664402E+00
  18 0.408000E+01 0.122843E+01 0.151399E+01 0.232183E+01 0.662353E+00
  18 0.412000E+01 0.946232E+00 0.902838E+00 0.841505E+00 0.655876E+00
  18 0.416000E+01 -.279736E-01 0.260673E+00 0.866192E-01 0.575085E+00
  18 0.420000E+01 0.141140E-02 0.683117E-02 0.186784E-03 -.334218E+00
  18 0.424000E+01 -.378875E-05 0.268340E-02 0.225849E-04 -.455069E-01
  18 0.428000E+01 -.581126E-03 0.184397E-02 0.103584E-04 -.154640E-01
  18 0.432000E+01 -.213379E-03 0.146593E-02 0.652201E-05 -.116643E-01
  18 0.436000E+01 -.100751E-03 0.125252E-02 0.478523E-05 -.167506E-01
  18 0.440000E+01 0.647975E-04 0.110288E-02 0.365182E-05 -.771493E-03
  19 0.400000E+01 0.164191E+01 0.269876E+01 0.731453E+01 0.665238E+00
  19 0.404000E+01 0.145183E+01 0.211143E+01 0.448848E+01 0.664397E+00
  19 0.408000E+01 0.122851E+01 0.151415E+01 0.232217E+01 0.662376E+00
  19 0.412000E+01 0.944428E+00 0.899490E+00 0.835591E+00 0.655745E+00
  19 0.416000E+01 0.104339E+00 0.258870E+00 0.849396E-01 0.577502E+00
  19 0.420000E+01 -.215607E-02 0.754120E-02 0.213219E-03 -.249753E+00
  19 0.424000E+01 -.855626E-03 0.260241E-02 0.216944E-04 -.677639E-01
  19 0.428000E+01 0.724176E-03 0.183144E-02 0.102866E-04 -.222730E-01
  19 0.432000E+01 0.539793E-03 0.147986E-02 0.655739E-05 0.190840E-02
  19 0.436000E+01 0.341026E-03 0.125231E-02 0.479829E-05 -.198694E-01
  19 0.440000E+01 -.849512E-04 0.110765E-02 0.365067E-05 0.814653E-02
  20 0.400000E+01 0.164194E+01 0.269884E+01 0.731469E+01 0.665249E+00
  20 0.404000E+01 0.145340E+01 0.211603E+01 0.450835E+01 0.664376E+00
  20 0.408000E+01 0.122626E+01 0.150863E+01 0.230539E+01 0.662358E+00
  20 0.412000E+01 0.944479E+00 0.899549E+00 0.835583E+00 0.655794E+00
  20 0.416000E+01 -.283504E+00 0.255728E+00 0.857087E-01 0.563135E+00
  20 0.420000E+01 -.231915E-02 0.778944E-02 0.258436E-03 -.419774E+00
  20 0.424000E+01 -.789779E-03 0.260991E-02 0.218040E-04 -.669958E-01
  20 0.428000E+01 0.256879E-03 0.184777E-02 0.104397E-04 -.192312E-01
  20 0.432000E+01 -.397253E-03 0.148725E-02 0.670750E-05 -.108137E-01
  20 0.436000E+01 0.419862E-03 0.126374E-02 0.485513E-05 -.133552E-01
  20 0.440000E+01 -.324750E-04 0.110040E-02 0.364622E-05 -.373589E-02
  21 0.400000E+01 0.164162E+01 0.269779E+01 0.730905E+01 0.665248E+00
  21 0.404000E+01 0.145214E+01 0.211237E+01 0.449279E+01 0.664375E+00
  21 0.408000E+01 0.122619E+01 0.150840E+01 0.230429E+01 0.662415E+00
  21 0.412000E+01 0.943200E+00 0.897261E+00 0.831700E+00 0.655644E+00
  21 0.416000E+01 -.103636E+00 0.255591E+00 0.850120E-01 0.566222E+00
  21 0.420000E+01 0.794043E-03 0.739085E-02 0.223694E-03 -.365035E+00
  21 0.424000E+01 -.343826E-03 0.271853E-02 0.240193E-04 -.833551E-01
  21 0.428000E+01 -.639675E-04 0.183185E-02 0.101355E-04 -.680838E-02
  21 0.432000E+01 -.655513E-04 0.147171E-02 0.654481E-05 -.724007E-02
  21 0.436000E+01 -.607625E-04 0.124382E-02 0.471024E-05 -.148648E-01
  21 0.440000E+01 0.402250E-04 0.110265E-02 0.367638E-05 -.792141E-02
  22 0.400000E+01 0.164212E+01 0.269943E+01 0.731766E+01 0.665260E+00
  22 0.404000E+01 0.145303E+01 0.211494E+01 0.450365E+01 0.664380E+00
  22 0.408000E+01 0.122896E+01 0.151518E+01 0.232483E+01 0.662445E+00
  22 0.412000E+01 0.943587E+00 0.897939E+00 0.832802E+00 0.655708E+00
  22 0.416000E+01 -.983005E-01 0.263673E+00 0.889731E-01 0.573415E+00
  22 0.420000E+01 -.492550E-03 0.760790E-02 0.230210E-03 -.325783E+00
  22 0.424000E+01 -.123875E-05 0.269753E-02 0.231149E-04 -.588558E-01
  22 0.428000E+01 -.397534E-03 0.182831E-02 0.101808E-04 -.152262E-01
  22 0.432000E+01 -.581388E-03 0.146713E-02 0.650319E-05 -.708367E-02
  22 0.436000E+01 0.211000E-05 0.125854E-02 0.479276E-05 -.863317E-02
  22 0.440000E+01 -.312589E-03 0.110149E-02 0.368218E-05 -.116262E-01
  23 0.400000E+01 0.164137E+01 0.269702E+01 0.730519E+01 0.665233E+00
  23 0.404000E+01 0.145394E+01 0.211753E+01 0.451415E+01 0.664421E+00
  23 0.408000E+01 0.122704E+01 0.151061E+01 0.231171E+01 0.662320E+00
  23 0.412000E+01 0.945258E+00 0.900993E+00 0.838087E+00 0.655868E+00
  23 0.416000E+01 -.306628E+00 0.255410E+00 0.832305E-01 0.574709E+00
  23 0.420000E+01 0.115318E-02 0.722132E-02 0.216542E-03 -.384165E+00
  23 0.424000E+01 0.763253E-03 0.268426E-02 0.225104E-04 -.413845E-01
  23 0.428000E+01 0.230991E-03 0.186535E-02 0.105086E-04 -.671281E-02
  23 0.432000E+01 0.455905E-03 0.148515E-02 0.663557E-05 -.280335E-02
  23 0.436000E+01 -.180739E-03 0.124778E-02 0.473628E-05 -.140104E-01
  23 0.440000E+01 0.292219E-03 0.109377E-02 0.362107E-05 -.893012E-02
  24 0.400000E+01 0.164187E+01 0.269863E+01 0.731386E+01 0.665237E+00
  24 0.404000E+01 0.145114E+01 0.210946E+01 0.448053E+01 0.664365E+00
  24 0.408000E+01 0.122913E+01 0.151549E+01 0.232512E+01 0.662545E+00
  24 0.412000E+01 0.943324E+00 0.897318E+00 0.831412E+00 0.655807E+00
  24 0.416000E+01 -.255692E-01 0.251235E+00 0.818905E-01 0.567534E+00
  24 0.420000E+01 -.440170E-03 0.695372E-02 0.191692E-03 -.321443E+00
  24 0.424000E+01 0.352765E-03 0.269448E-02 0.236764E-04 -.870423E-01
  24 0.428000E+01 -.336039E-03 0.185247E-02 0.105729E-04 -.270017E-01
  24 0.432000E+01 -.334170E-03 0.145963E-02 0.647622E-05 -.132388E-01
  24 0.436000E+01 0.142149E-03 0.124715E-02 0.469033E-05 -.517534E-02
  24 0.440000E+01 -.217425E-04 0.110759E-02 0.367392E-05 0.172447E-02
  25 0.400000E+01 0.164199E+01 0.269897E+01 0.731523E+01 0.665259E+00
  25 0.404000E+01 0.145206E+01 0.211205E+01 0.449086E+01 0.664418E+00
  25 0.408000E+01 0.122599E+01 0.150796E+01 0.230330E+01 0.662361E+00
  25 0.412000E+01 0.942133E+00 0.895292E+00 0.828411E+00 0.655495E+00
  25 0.416000E+01 -.936795E-01 0.258089E+00 0.856069E-01 0.571601E+00
  25 0.420000E+01 -.247425E-02 0.686943E-02 0.177036E-03 -.250540E+00
  25 0.424000E+01 0.842790E-03 0.261840E-02 0.216359E-04 -.519114E-01
  25 0.428000E+01 -.527043E-03 0.183895E-02 0.104299E-04 -.280583E-01
  25 0.432000E+01 0.129307E-03 0.148524E-02 0.668929E-05 -.107972E-01
  25 0.436000E+01 -.539976E-03 0.126483E-02 0.482470E-05 -.527301E-02
  25 0.440000E+01 0.139361E-03 0.110928E-02 0.368535E-05 0.166611E-02
  26 0.400000E+01 0.164175E+01 0.269823E+01 0.731127E+01 0.665254E+00
  26 0.404000E+01 0.145289E+01 0.211452E+01 0.450168E+01 0.664395E+00
  26 0.408000E+01 0.122646E+01 0.150914E+01 0.230714E+01 0.662332E+00
  26 0.412000E+01 0.943785E+00 0.898117E+00 0.832556E+00 0.655946E+00
  26 0.416000E+01 -.214238E+00 0.254849E+00 0.851684E-01 0.562888E+00
  26 0.420000E+01 0.123074E-02 0.709241E-02 0.198566E-03 -.315820E+00
  26 0.424000E+01 -.824000E-05 0.272297E-02 0.235429E-04 -.584057E-01
  26 0.428000E+01 -.411600E-04 0.188240E-02 0.108498E-04 -.206498E-01
  26 0.432000E+01 -.351834E-03 0.147619E-02 0.660481E-05 -.103136E-01
  26 0.436000E+01 0.266465E-03 0.125661E-02 0.471997E-05 0.363944E-02
  26 0.440000E+01 -.183936E-03 0.111421E-02 0.373636E-05 -.321375E-02
  27 0.400000E+01 0.164222E+01 0.269977E+01 0.731972E+01 0.665252E+00
  27 0.404000E+01 0.145314E+01 0.211522E+01 0.450445E+01 0.664411E+00
  27 0.408000E+01 0.122534E+01 0.150629E+01 0.229772E+01 0.662435E+00
  27 0.412000E+01 0.940556E+00 0.892281E+00 0.822709E+00 0.655554E+00
  27 0.416000E+01 -.279852E+00 0.249379E+00 0.814178E-01 0.563605E+00
  27 0.420000E+01 -.478004E-03 0.794902E-02 0.268743E-03 -.417712E+00
  27 0.424000E+01 0.289233E-03 0.265567E-02 0.224120E-04 -.592794E-01
  27 0.428000E+01 -.290200E-04 0.186410E-02 0.105743E-04 -.143635E-01
  27 0.432000E+01 0.207993E-03 0.148406E-02 0.668765E-05 -.121595E-01
  27 0.436000E+01 0.695444E-03 0.124855E-02 0.471100E-05 -.734413E-02
  27 0.440000E+01 -.118385E-03 0.109738E-02 0.366112E-05 -.133882E-01
  28 0.400000E+01 0.164091E+01 0.269549E+01 0.729681E+01 0.665237E+00
  28 0.404000E+01 0.145240E+01 0.211306E+01 0.449519E+01 0.664414E+00
  28 0.408000E+01 0.122831E+01 0.151367E+01 0.232069E+01 0.662375E+00
  28 0.412000E+01 0.943407E+00 0.897823E+00 0.833464E+00 0.655345E+00
  28 0.416000E+01 0.154344E+00 0.252055E+00 0.830572E-01 0.564222E+00
  28 0.420000E+01 -.246365E-02 0.733583E-02 0.204243E-03 -.265109E+00
  28 0.424000E+01 -.470625E-03 0.265219E-02 0.223214E-04 -.577683E-01
  28 0.428000E+01 -.831687E-04 0.183166E-02 0.101987E-04 -.132928E-01
  28 0.432000E+01 -.384621E-03 0.147371E-02 0.656493E-05 -.759230E-02
  28 0.436000E+01 -.735012E-04 0.125802E-02 0.470852E-05 0.828339E-02
  28 0.440000E+01 0.175045E-03 0.110706E-02 0.368740E-05 -.289106E-02
  29 0.400000E+01 0.164112E+01 0.269619E+01 0.730055E+01 0.665239E+00
  29 0.404000E+01 0.145240E+01 0.211309E+01 0.449578E+01 0.664381E+00
  29 0.408000E+01 0.122785E+01 0.151245E+01 0.231639E+01 0.662455E+00
  29 0.412000E+01 0.941072E+00 0.892941E+00 0.822955E+00 0.655960E+00
  29 0.416000E+01 0.234564E+00 0.264849E+00 0.889272E-01 0.577413E+00
  29 0.420000E+01 0.186859E-02 0.690560E-02 0.186316E-03 -.302348E+00
  29 0.424000E+01 -.469148E-03 0.261527E-02 0.221955E-04 -.817065E-01
  29 0.428000E+01 -.233025E-03 0.183414E-02 0.102037E-04 -.110468E-01
  29 0.432000E+01 -.352651E-03 0.147167E-02 0.651112E-05 -.210335E-02
  29 0.436000E+01 -.130370E-03 0.124245E-02 0.462255E-05 0.183861E-02
  29 0.440000E+01 -.181236E-03 0.110698E-02 0.369645E-05 -.551249E-02
  30 0.400000E+01 0.164190E+01 0.269872E+01 0.731430E+01 0.665239E+00
  30 0.404000E+01 0.145254E+01 0.211348E+01 0.449717E+01 0.664401E+00
  30 0.408000E+01 0.122703E+01 0.151055E+01 0.231129E+01 0.662353E+00
  30 0.412000E+01 0.944211E+00 0.898793E+00 0.833375E+00 0.656126E+00
  30 0.416000E+01 0.921362E-01 0.263493E+00 0.893437E-01 0.571052E+00
  30 0.420000E+01 -.676045E-02 0.785688E-02 0.244701E-03 -.321336E+00
  30 0.424000E+01 -.368670E-03 0.263562E-02 0.219555E-04 -.535532E-01
  30 0.428000E+01 -.254105E-03 0.182807E-02 0.100983E-04 -.725394E-02
  30 0.432000E+01 -.111765E-03 0.148064E-02 0.663602E-05 -.899651E-02
  30 0.436000E+01 -.379866E-03 0.125578E-02 0.478655E-05 -.117495E-01
  30 0.440000E+01 0.323959E-03 0.109469E-02 0.359789E-05 -.791819E-03
  31 0.400000E+01 0.164151E+01 0.269743E+01 0.730723E+01 0.665242E+00
  31 0.404000E+01 0.145287E+01 0.211447E+01 0.450152E+01 0.664390E+00
  31 0.408000E+01 0.122885E+01 0.151494E+01 0.232427E+01 0.662422E+00
  31 0.412000E+01 0.943186E+00 0.897269E+00 0.831867E+00 0.655581E+00
  31 0.416000E+01 -.556401E-01 0.258205E+00 0.862670E-01 0.568685E+00
  31 0.420000E+01 0.564905E-03 0.691666E-02 0.189923E-03 -.323314E+00
  31 0.424000E+01 -.153389E-02 0.272817E-02 0.240524E-04 -.771940E-01
  31 0.428000E+01 -.672141E-03 0.187904E-02 0.108344E-04 -.228541E-01
  31 0.432000E+01 -.100576E-03 0.147565E-02 0.664411E-05 -.170627E-01
  31 0.436000E+01 0.267055E-03 0.124594E-02 0.471193E-05 -.117721E-01
  31 0.440000E+01 -.138905E-03 0.110240E-02 0.365463E-05 -.239794E-02
  32 0.400000E+01 0.164300E+01 0.270228E+01 0.733278E+01 0.665275E+00
  32 0.404000E+01 0.145327E+01 0.211563E+01 0.450649E+01 0.664388E+00
  32 0.408000E+01 0.122857E+01 0.151423E+01 0.232192E+01 0.662446E+00
  32 0.412000E+01 0.945175E+00 0.900867E+00 0.838033E+00 0.655794E+00
  32 0.416000E+01 -.122064E+00 0.252517E+00 0.839672E-01 0.561056E+00
  32 0.420000E+01 -.700994E-03 0.731570E-02 0.200527E-03 -.248937E+00
  32 0.424000E+01 -.602431E-03 0.269566E-02 0.233086E-04 -.692096E-01
  32 0.428000E+01 -.463837E-04 0.183467E-02 0.102588E-04 -.159159E-01
  32 0.432000E+01 0.212213E-03 0.146428E-02 0.642923E-05 0.485690E-03
  32 0.436000E+01 -.257799E-03 0.127047E-02 0.487691E-05 -.715398E-02
  32 0.440000E+01 -.121799E-03 0.110732E-02 0.368572E-05 -.197836E-02
  33 0.400000E+01 0.164147E+01 0.269725E+01 0.730581E+01 0.665264E+00
  33 0.404000E+01 0.145139E+01 0.211009E+01 0.448245E+01 0.664424E+00
  33 0.408000E+01 0.122681E+01 0.150991E+01 0.230880E+01 0.662432E+00
  33 0.412000E+01 0.943980E+00 0.898769E+00 0.834593E+00 0.655604E+00
  33 0.416000E+01 0.271444E+00 0.265323E+00 0.890761E-01 0.578216E+00
  33 0.420000E+01 0.137887E-03 0.763568E-02 0.228709E-03 -.307574E+00
  33 0.424000E+01 0.340110E-03 0.270798E-02 0.235859E-04 -.721079E-01
  33 0.428000E+01 0.355409E-03 0.180570E-02 0.100163E-04 -.239886E-01
  33 0.432000E+01 -.492857E-03 0.147543E-02 0.658614E-05 -.849830E-02
  33 0.436000E+01 -.990487E-04 0.123836E-02 0.458579E-05 0.322816E-02
  33 0.440000E+01 0.220149E-03 0.110378E-02 0.365182E-05 0.861967E-03
  34 0.400000E+01 0.164179E+01 0.269835E+01 0.731191E+01 0.665256E+00
  34 0.404000E+01 0.145209E+01 0.211226E+01 0.449259E+01 0.664354E+00
  34 0.408000E+01 0.122641E+01 0.150895E+01 0.230605E+01 0.662403E+00
  34 0.412000E+01 0.943563E+00 0.897763E+00 0.832170E+00 0.655834E+00
  34 0.416000E+01 -.188211E-01 0.255497E+00 0.851751E-01 0.565068E+00
  34 0.420000E+01 0.203521E-02 0.754079E-02 0.223787E-03 -.311840E+00
  34 0.424000E+01 0.606475E-04 0.262744E-02 0.216848E-04 -.470505E-01
  34 0.428000E+01 0.162338E-04 0.183120E-02 0.103012E-04 -.239877E-01
  34 0.432000E+01 -.245279E-03 0.148311E-02 0.662542E-05 -.402840E-02
  34 0.436000E+01 -.408923E-03 0.124818E-02 0.472527E-05 -.110035E-01
  34 0.440000E+01 0.253111E-03 0.109061E-02 0.357941E-05 -.311569E-02
  35 0.400000E+01 0.164149E+01 0.269738E+01 0.730692E+01 0.665243E+00
  35 0.404000E+01 0.145236E+01 0.211300E+01 0.449546E+01 0.664374E+00
  35 0.408000E+01 0.122491E+01 0.150545E+01 0.229648E+01 0.662240E+00
  35 0.412000E+01 0.943804E+00 0.898229E+00 0.833096E+00 0.655809E+00
  35 0.416000E+01 -.275241E-01 0.263168E+00 0.893748E-01 0.569842E+00
  35 0.420000E+01 -.355661E-02 0.712406E-02 0.195990E-03 -.287231E+00
  35 0.424000E+01 -.922642E-03 0.263419E-02 0.220398E-04 -.587465E-01
  35 0.428000E+01 0.240473E-03 0.185043E-02 0.104191E-04 -.142914E-01
  35 0.432000E+01 -.208049E-03 0.146999E-02 0.657668E-05 -.145127E-01
  35 0.436000E+01 0.113921E-03 0.125457E-02 0.477427E-05 -.111037E-01
  35 0.440000E+01 0.133255E-03 0.111198E-02 0.370142E-05 0.217850E-02
  36 0.400000E+01 0.164130E+01 0.269671E+01 0.730288E+01 0.665262E+00
  36 0.404000E+01 0.145206E+01 0.211218E+01 0.449242E+01 0.664342E+00
  36 0.408000E+01 0.122770E+01 0.151216E+01 0.231597E+01 0.662390E+00
  36 0.412000E+01 0.943180E+00 0.897017E+00 0.830627E+00 0.655901E+00
  36 0.416000E+01 -.345572E+00 0.258628E+00 0.857847E-01 0.572498E+00
  36 0.420000E+01 0.457481E-02 0.682652E-02 0.187859E-03 -.343730E+00
  36 0.424000E+01 -.111191E-02 0.266234E-02 0.226147E-04 -.635107E-01
  36 0.428000E+01 -.324186E-03 0.186666E-02 0.105887E-04 -.129556E-01
  36 0.432000E+01 0.541110E-03 0.148255E-02 0.666845E-05 -.113072E-01
  36 0.436000E+01 -.291864E-03 0.126204E-02 0.479261E-05 -.300191E-02
  36 0.440000E+01 0.101590E-03 0.111812E-02 0.374659E-05 0.105600E-02
  37 0.400000E+01 0.164250E+01 0.270067E+01 0.732444E+01 0.665257E+00
  37 0.404000E+01 0.145187E+01 0.211157E+01 0.448940E+01 0.664373E+00
  37 0.408000E+01 0.122890E+01 0.151501E+01 0.232408E+01 0.662480E+00
  37 0.412000E+01 0.945339E+00 0.900964E+00 0.837485E+00 0.656093E+00
  37 0.416000E+01 -.122089E+00 0.259876E+00 0.872793E-01 0.569219E+00
  37 0.420000E+01 -.186870E-03 0.780287E-02 0.246317E-03 -.348542E+00
  37 0.424000E+01 0.210989E-03 0.267046E-02 0.226224E-04 -.574174E-01
  37 0.428000E+01 0.395373E-03 0.187260E-02 0.109132E-04 -.373886E-01
  37 0.432000E+01 0.351346E-03 0.147849E-02 0.662711E-05 -.105746E-01
  37 0.436000E+01 0.361675E-04 0.125008E-02 0.473354E-05 -.969076E-02
  37 0.440000E+01 0.990625E-05 0.110140E-02 0.368698E-05 -.131095E-01
  38 0.400000E+01 0.164173E+01 0.269813E+01 0.731064E+01 0.665260E+00
  38 0.404000E+01 0.145278E+01 0.211414E+01 0.449968E+01 0.664423E+00
  38 0.408000E+01 0.122835E+01 0.151368E+01 0.232036E+01 0.662431E+00
  38 0.412000E+01 0.940031E+00 0.891306E+00 0.821048E+00 0.655497E+00
  38 0.416000E+01 -.185800E+00 0.264584E+00 0.885527E-01 0.578348E+00
  38 0.420000E+01 0.388166E-02 0.751321E-02 0.220874E-03 -.304285E+00
  38 0.424000E+01 -.192011E-02 0.270166E-02 0.231694E-04 -.581154E-01
  38 0.428000E+01 -.140499E-03 0.186671E-02 0.108415E-04 -.370916E-01
  38 0.432000E+01 0.137842E-03 0.149490E-02 0.672615E-05 -.327165E-02
  38 0.436000E+01 -.220116E-03 0.125949E-02 0.483445E-05 -.158619E-01
  38 0.440000E+01 -.552250E-05 0.110209E-02 0.368808E-05 -.121556E-01
  39 0.400000E+01 0.164171E+01 0.269804E+01 0.730994E+01 0.665269E+00
  39 0.404000E+01 0.145118E+01 0.210953E+01 0.448041E+01 0.664397E+00
  39 0.408000E+01 0.122724E+01 0.151096E+01 0.231204E+01 0.662428E+00
  39 0.412000E+01 0.945333E+00 0.901099E+00 0.838178E+00 0.655912E+00
  39 0.416000E+01 0.133804E+00 0.255091E+00 0.835807E-01 0.571853E+00
  39 0.420000E+01 0.460221E-02 0.740519E-02 0.208391E-03 -.266733E+00
  39 0.424000E+01 0.120219E-02 0.267979E-02 0.228242E-04 -.594303E-01
  39 0.428000E+01 -.104440E-03 0.183649E-02 0.103606E-04 -.239776E-01
  39 0.432000E+01 -.350995E-03 0.146714E-02 0.644939E-05 0.125262E-02
  39 0.436000E+01 0.705388E-04 0.126791E-02 0.488187E-05 -.122532E-01
  39 0.440000E+01 0.159519E-03 0.110826E-02 0.367713E-05 0.205643E-02
  40 0.400000E+01 0.164086E+01 0.269533E+01 0.729596E+01 0.665236E+00
  40 0.404000E+01 0.145290E+01 0.211463E+01 0.450297E+01 0.664333E+00
  40 0.408000E+01 0.122761E+01 0.151193E+01 0.231539E+01 0.662372E+00
  40 0.412000E+01 0.941026E+00 0.892991E+00 0.823405E+00 0.655810E+00
  40 0.416000E+01 -.317748E+00 0.250639E+00 0.817325E-01 0.566312E+00
  40 0.420000E+01 0.196514E-02 0.727016E-02 0.196134E-03 -.236925E+00
  40 0.424000E+01 -.431606E-03 0.273337E-02 0.238404E-04 -.636439E-01
  40 0.428000E+01 -.905212E-04 0.184126E-02 0.103523E-04 -.178504E-01
  40 0.432000E+01 0.788625E-04 0.148726E-02 0.675730E-05 -.182990E-01
  40 0.436000E+01 0.212945E-03 0.123713E-02 0.460462E-05 -.285619E-02
  40 0.440000E+01 -.172835E-03 0.110295E-02 0.366735E-05 -.489624E-02
  41 0.400000E+01 0.164207E+01 0.269928E+01 0.731733E+01 0.665239E+00
  41 0.404000E+01 0.145273E+01 0.211402E+01 0.449943E+01 0.664404E+00
  41 0.408000E+01 0.122790E+01 0.151258E+01 0.231695E+01 0.662433E+00
  41 0.412000E+01 0.942553E+00 0.896030E+00 0.829497E+00 0.655612E+00
  41 0.416000E+01 -.735203E-01 0.260538E+00 0.865623E-01 0.574924E+00
  41 0.420000E+01 0.688596E-03 0.734922E-02 0.199754E-03 -.232795E+00
  41 0.424000E+01 -.912088E-04 0.265838E-02 0.226370E-04 -.677318E-01
  41 0.428000E+01 0.562632E-03 0.184315E-02 0.102095E-04 -.176149E-02
  41 0.432000E+01 0.154420E-03 0.145356E-02 0.634548E-05 -.110476E-02
  41 0.436000E+01 0.129516E-03 0.124856E-02 0.469732E-05 -.441380E-02
  41 0.440000E+01 -.589265E-03 0.109333E-02 0.358523E-05 0.253989E-03
  42 0.400000E+01 0.164170E+01 0.269806E+01 0.731051E+01 0.665248E+00
  42 0.404000E+01 0.145317E+01 0.211532E+01 0.450507E+01 0.664396E+00
  42 0.408000E+01 0.122732E+01 0.151125E+01 0.231337E+01 0.662362E+00
  42 0.412000E+01 0.943502E+00 0.897773E+00 0.832636E+00 0.655650E+00
  42 0.416000E+01 0.333173E+00 0.259135E+00 0.872949E-01 0.566674E+00
  42 0.420000E+01 0.208270E-02 0.723390E-02 0.214790E-03 -.368198E+00
  42 0.424000E+01 -.503129E-03 0.268541E-02 0.232427E-04 -.743489E-01
  42 0.428000E+01 -.272074E-03 0.183170E-02 0.102002E-04 -.133910E-01
  42 0.432000E+01 0.749600E-04 0.145105E-02 0.638075E-05 -.101476E-01
  42 0.436000E+01 0.141919E-03 0.126436E-02 0.484039E-05 -.929234E-02
  42 0.440000E+01 0.351437E-04 0.110783E-02 0.370781E-05 -.704496E-02
  43 0.400000E+01 0.164164E+01 0.269786E+01 0.730928E+01 0.665256E+00
  43 0.404000E+01 0.145297E+01 0.211472E+01 0.450221E+01 0.664418E+00
  43 0.408000E+01 0.122731E+01 0.151108E+01 0.231214E+01 0.662466E+00
  43 0.412000E+01 0.941863E+00 0.894772E+00 0.827430E+00 0.655503E+00
  43 0.416000E+01 -.935779E-01 0.259238E+00 0.872182E-01 0.567397E+00
  43 0.420000E+01 0.375625E-04 0.702696E-02 0.193565E-03 -.306682E+00
  43 0.424000E+01 0.112999E-02 0.267261E-02 0.227367E-04 -.610472E-01
  43 0.428000E+01 -.425235E-03 0.187601E-02 0.107449E-04 -.176729E-01
  43 0.432000E+01 0.247850E-03 0.146649E-02 0.649386E-05 -.652176E-02
  43 0.436000E+01 0.682563E-04 0.124592E-02 0.468220E-05 -.541544E-02
  43 0.440000E+01 -.449800E-04 0.109617E-02 0.363045E-05 -.711831E-02
  44 0.400000E+01 0.164128E+01 0.269667E+01 0.730302E+01 0.665246E+00
  44 0.404000E+01 0.145304E+01 0.211496E+01 0.450363E+01 0.664388E+00
  44 0.408000E+01 0.122823E+01 0.151338E+01 0.231931E+01 0.662447E+00
  44 0.412000E+01 0.942462E+00 0.895757E+00 0.828642E+00 0.655757E+00
  44 0.416000E+01 0.618130E-01 0.252179E+00 0.835936E-01 0.561838E+00
  44 0.420000E+01 -.119070E-02 0.754844E-02 0.231735E-03 -.355678E+00
  44 0.424000E+01 0.645150E-03 0.271616E-02 0.235472E-04 -.639159E-01
  44 0.428000E+01 -.438719E-03 0.182739E-02 0.101580E-04 -.139769E-01
  44 0.432000E+01 -.288638E-03 0.148922E-02 0.674328E-05 -.135229E-01
  44 0.436000E+01 -.114578E-03 0.126028E-02 0.476989E-05 -.104811E-02
  44 0.440000E+01 -.111475E-04 0.110214E-02 0.368451E-05 -.110708E-01
  45 0.400000E+01 0.164119E+01 0.269638E+01 0.730112E+01 0.665260E+00
  45 0.404000E+01 0.145249E+01 0.211337E+01 0.449703E+01 0.664375E+00
  45 0.408000E+01 0.122738E+01 0.151135E+01 0.231346E+01 0.662395E+00
  45 0.412000E+01 0.945920E+00 0.902315E+00 0.840789E+00 0.655769E+00
  45 0.416000E+01 0.209769E+00 0.252081E+00 0.830730E-01 0.564229E+00
  45 0.420000E+01 -.116941E-02 0.696716E-02 0.187337E-03 -.286442E+00
  45 0.424000E+01 -.509994E-03 0.270368E-02 0.232890E-04 -.619896E-01
  45 0.428000E+01 -.124475E-03 0.184210E-02 0.104138E-04 -.229603E-01
  45 0.432000E+01 0.672500E-06 0.146788E-02 0.652565E-05 -.953146E-02
  45 0.436000E+01 -.129548E-03 0.125157E-02 0.473021E-05 -.658559E-02
  45 0.440000E+01 0.258152E-03 0.109934E-02 0.366282E-05 -.102540E-01
  46 0.400000E+01 0.164271E+01 0.270141E+01 0.732895E+01 0.665236E+00
  46 0.404000E+01 0.145196E+01 0.211178E+01 0.448980E+01 0.664410E+00
  46 0.408000E+01 0.122729E+01 0.151116E+01 0.231294E+01 0.662383E+00
  46 0.412000E+01 0.942109E+00 0.894979E+00 0.826908E+00 0.655879E+00
  46 0.416000E+01 -.199300E+00 0.258767E+00 0.866508E-01 0.568645E+00
  46 0.420000E+01 -.124602E-02 0.745420E-02 0.236128E-03 -.416523E+00
  46 0.424000E+01 -.775835E-03 0.272014E-02 0.238315E-04 -.736122E-01
  46 0.428000E+01 0.329115E-03 0.183098E-02 0.102254E-04 -.166938E-01
  46 0.432000E+01 0.970075E-04 0.147254E-02 0.649880E-05 0.970496E-03
  46 0.436000E+01 0.765888E-04 0.126452E-02 0.481558E-05 -.386819E-02
  46 0.440000E+01 0.368742E-03 0.110620E-02 0.369231E-05 -.578818E-02
  47 0.400000E+01 0.164171E+01 0.269814E+01 0.731148E+01 0.665223E+00
  47 0.404000E+01 0.145109E+01 0.210927E+01 0.447927E+01 0.664399E+00
  47 0.408000E+01 0.122782E+01 0.151244E+01 0.231680E+01 0.662394E+00
  47 0.412000E+01 0.941221E+00 0.893461E+00 0.824699E+00 0.655632E+00
  47 0.416000E+01 -.218351E+00 0.248768E+00 0.809377E-01 0.564046E+00
  47 0.420000E+01 0.115724E-02 0.745212E-02 0.219625E-03 -.318257E+00
  47 0.424000E+01 0.243912E-04 0.270654E-02 0.233273E-04 -.614907E-01
  47 0.428000E+01 -.618537E-04 0.185130E-02 0.103717E-04 -.872807E-02
  47 0.432000E+01 -.195950E-04 0.147514E-02 0.661333E-05 -.130546E-01
  47 0.436000E+01 0.239244E-03 0.125259E-02 0.478214E-05 -.159825E-01
  47 0.440000E+01 -.197519E-03 0.109676E-02 0.362004E-05 -.316210E-02
  48 0.400000E+01 0.164216E+01 0.269959E+01 0.731898E+01 0.665239E+00
  48 0.404000E+01 0.145088E+01 0.210868E+01 0.447681E+01 0.664396E+00
  48 0.408000E+01 0.122722E+01 0.151091E+01 0.231190E+01 0.662426E+00
  48 0.412000E+01 0.944870E+00 0.900336E+00 0.837114E+00 0.655765E+00
  48 0.416000E+01 -.160198E+00 0.253133E+00 0.842020E-01 0.561971E+00
  48 0.420000E+01 0.594484E-03 0.723011E-02 0.212126E-03 -.352645E+00
  48 0.424000E+01 -.201146E-03 0.272476E-02 0.231327E-04 -.386003E-01
  48 0.428000E+01 0.580040E-03 0.182358E-02 0.101411E-04 -.165130E-01
  48 0.432000E+01 -.111315E-03 0.148657E-02 0.669751E-05 -.102312E-01
  48 0.436000E+01 0.140450E-03 0.126718E-02 0.485286E-05 -.739293E-02
  48 0.440000E+01 0.164210E-03 0.110707E-02 0.374129E-05 -.175348E-01
  49 0.400000E+01 0.164236E+01 0.270026E+01 0.732254E+01 0.665242E+00
  49 0.404000E+01 0.145274E+01 0.211410E+01 0.450017E+01 0.664374E+00
  49 0.408000E+01 0.122784E+01 0.151240E+01 0.231622E+01 0.662459E+00
  49 0.412000E+01 0.942418E+00 0.895654E+00 0.828558E+00 0.655713E+00
  49 0.416000E+01 -.678767E-01 0.263145E+00 0.878824E-01 0.576952E+00
  49 0.420000E+01 -.109842E-02 0.792541E-02 0.252749E-03 -.341298E+00
  49 0.424000E+01 -.150856E-02 0.270714E-02 0.233565E-04 -.623413E-01
  49 0.428000E+01 -.479700E-03 0.185171E-02 0.104466E-04 -.155610E-01
  49 0.432000E+01 0.457839E-03 0.145924E-02 0.641600E-05 -.436471E-02
  49 0.436000E+01 -.891913E-04 0.126193E-02 0.475464E-05 0.476883E-02
  49 0.440000E+01 -.137485E-03 0.110078E-02 0.366504E-05 -.823017E-02
  50 0.400000E+01 0.164232E+01 0.270012E+01 0.732173E+01 0.665245E+00
  50 0.404000E+01 0.145178E+01 0.211129E+01 0.448801E+01 0.664390E+00
  50 0.408000E+01 0.122843E+01 0.151395E+01 0.232147E+01 0.662386E+00
  50 0.412000E+01 0.942902E+00 0.896705E+00 0.830831E+00 0.655577E+00
  50 0.416000E+01 -.247063E+00 0.250740E+00 0.823764E-01 0.563247E+00
  50 0.420000E+01 0.799439E-03 0.708071E-02 0.190850E-03 -.268872E+00
  50 0.424000E+01 0.227025E-03 0.262629E-02 0.219078E-04 -.587473E-01
  50 0.428000E+01 -.738175E-04 0.183554E-02 0.103575E-04 -.247253E-01
  50 0.432000E+01 -.154131E-03 0.147991E-02 0.663344E-05 -.959518E-02
  50 0.436000E+01 0.695788E-04 0.126305E-02 0.481785E-05 -.667240E-02
  50 0.440000E+01 0.527337E-04 0.111016E-02 0.374828E-05 -.137611E-01
  51 0.400000E+01 0.164249E+01 0.270067E+01 0.732466E+01 0.665247E+00
  51 0.404000E+01 0.145275E+01 0.211404E+01 0.449907E+01 0.664437E+00
  51 0.408000E+01 0.122787E+01 0.151249E+01 0.231645E+01 0.662465E+00
  51 0.412000E+01 0.942595E+00 0.895971E+00 0.828947E+00 0.655794E+00
  51 0.416000E+01 0.121857E+00 0.247489E+00 0.804451E-01 0.562208E+00
  51 0.420000E+01 0.614650E-02 0.772347E-02 0.230313E-03 -.286984E+00
  51 0.424000E+01 0.662204E-03 0.263355E-02 0.219468E-04 -.547959E-01
  51 0.428000E+01 -.227778E-03 0.184440E-02 0.103173E-04 -.109600E-01
  51 0.432000E+01 0.374125E-04 0.146974E-02 0.643628E-05 0.680392E-02
  51 0.436000E+01 0.861362E-04 0.127090E-02 0.487173E-05 -.540546E-02
  51 0.440000E+01 0.364290E-03 0.109698E-02 0.362043E-05 -.285801E-02
  52 0.400000E+01 0.164097E+01 0.269565E+01 0.729731E+01 0.665255E+00
  52 0.404000E+01 0.145257E+01 0.211360E+01 0.449796E+01 0.664378E+00
  52 0.408000E+01 0.122849E+01 0.151413E+01 0.232220E+01 0.662362E+00
  52 0.412000E+01 0.944881E+00 0.900256E+00 0.836710E+00 0.655871E+00
  52 0.416000E+01 -.197689E+00 0.255889E+00 0.843993E-01 0.570350E+00
  52 0.420000E+01 0.650573E-03 0.734192E-02 0.235734E-03 -.457746E+00
  52 0.424000E+01 0.730250E-04 0.268669E-02 0.233849E-04 -.798912E-01
  52 0.428000E+01 0.516237E-04 0.183016E-02 0.102754E-04 -.225886E-01
  52 0.432000E+01 -.593456E-03 0.146079E-02 0.656209E-05 -.250448E-01
  52 0.436000E+01 -.842400E-04 0.125000E-02 0.473014E-05 -.909409E-02
  52 0.440000E+01 -.163840E-03 0.110707E-02 0.369384E-05 -.463536E-02
  53 0.400000E+01 0.164209E+01 0.269936E+01 0.731758E+01 0.665247E+00
  53 0.404000E+01 0.145153E+01 0.211060E+01 0.448531E+01 0.664372E+00
  53 0.408000E+01 0.122779E+01 0.151241E+01 0.231697E+01 0.662355E+00
  53 0.412000E+01 0.942333E+00 0.895716E+00 0.829179E+00 0.655502E+00
  53 0.416000E+01 -.392332E+00 0.263246E+00 0.883128E-01 0.575205E+00
  53 0.420000E+01 0.905678E-03 0.696450E-02 0.221459E-03 -.521921E+00
  53 0.424000E+01 0.848589E-03 0.267925E-02 0.228102E-04 -.592045E-01
  53 0.428000E+01 0.423475E-04 0.186239E-02 0.106971E-04 -.280215E-01
  53 0.432000E+01 -.238302E-03 0.146983E-02 0.648380E-05 -.398810E-03
  53 0.436000E+01 -.334137E-03 0.125930E-02 0.476265E-05 -.107664E-02
  53 0.440000E+01 -.219936E-03 0.110887E-02 0.370911E-05 -.550621E-02
  54 0.400000E+01 0.164163E+01 0.269778E+01 0.730869E+01 0.665263E+00
  54 0.404000E+01 0.145288E+01 0.211446E+01 0.450119E+01 0.664413E+00
  54 0.408000E+01 0.122911E+01 0.151562E+01 0.232654E+01 0.662393E+00
  54 0.412000E+01 0.943511E+00 0.897670E+00 0.831957E+00 0.655851E+00
  54 0.416000E+01 0.208254E+00 0.269505E+00 0.924194E-01 0.575859E+00
  54 0.420000E+01 0.279907E-02 0.660508E-02 0.161491E-03 -.233874E+00
  54 0.424000E+01 0.731450E-03 0.260052E-02 0.214322E-04 -.563882E-01
  54 0.428000E+01 0.540703E-03 0.184769E-02 0.104638E-04 -.216650E-01
  54 0.432000E+01 0.292353E-03 0.147119E-02 0.658410E-05 -.140027E-01
  54 0.436000E+01 -.250125E-04 0.125549E-02 0.474422E-05 -.326586E-02
  54 0.440000E+01 -.530375E-05 0.110952E-02 0.369315E-05 -.138910E-04
  55 0.400000E+01 0.164198E+01 0.269895E+01 0.731493E+01 0.665267E+00
  55 0.404000E+01 0.145223E+01 0.211267E+01 0.449431E+01 0.664356E+00
  55 0.408000E+01 0.122794E+01 0.151267E+01 0.231714E+01 0.662447E+00
  55 0.412000E+01 0.945541E+00 0.901641E+00 0.839655E+00 0.655720E+00
  55 0.416000E+01 -.235083E+00 0.261361E+00 0.872758E-01 0.574118E+00
  55 0.420000E+01 0.238350E-02 0.786951E-02 0.250772E-03 -.349781E+00
  55 0.424000E+01 -.171493E-03 0.260712E-02 0.215327E-04 -.559754E-01
  55 0.428000E+01 0.110250E-03 0.182852E-02 0.102284E-04 -.197298E-01
  55 0.432000E+01 -.199750E-03 0.146939E-02 0.652035E-05 -.663775E-02
  55 0.436000E+01 0.123466E-03 0.123811E-02 0.462279E-05 -.522352E-02
  55 0.440000E+01 0.222827E-03 0.109411E-02 0.358929E-05 0.543462E-03
  56 0.400000E+01 0.164260E+01 0.270099E+01 0.732626E+01 0.665255E+00
  56 0.404000E+01 0.145276E+01 0.211416E+01 0.450021E+01 0.664388E+00
  56 0.408000E+01 0.122817E+01 0.151311E+01 0.231771E+01 0.662558E+00
  56 0.412000E+01 0.942975E+00 0.896719E+00 0.830426E+00 0.655756E+00
  56 0.416000E+01 0.268551E+00 0.249045E+00 0.820548E-01 0.559011E+00
  56 0.420000E+01 0.253674E-02 0.764021E-02 0.240036E-03 -.370705E+00
  56 0.424000E+01 0.703731E-03 0.264454E-02 0.223673E-04 -.660858E-01
  56 0.428000E+01 0.397724E-03 0.180023E-02 0.986631E-05 -.147941E-01
  56 0.432000E+01 -.748500E-04 0.146191E-02 0.644605E-05 -.538164E-02
  56 0.436000E+01 0.120963E-03 0.124448E-02 0.473685E-05 -.195148E-01
  56 0.440000E+01 0.284550E-04 0.109672E-02 0.360010E-05 0.229053E-02
  57 0.400000E+01 0.164237E+01 0.270027E+01 0.732242E+01 0.665250E+00
  57 0.404000E+01 0.145189E+01 0.211165E+01 0.448990E+01 0.664363E+00
  57 0.408000E+01 0.122749E+01 0.151163E+01 0.231432E+01 0.662391E+00
  57 0.412000E+01 0.941778E+00 0.894257E+00 0.825281E+00 0.656002E+00
  57 0.416000E+01 -.965909E-01 0.258539E+00 0.857141E-01 0.572555E+00
  57 0.420000E+01 -.890356E-03 0.704320E-02 0.186619E-03 -.253990E+00
  57 0.424000E+01 0.834441E-03 0.265869E-02 0.224214E-04 -.573199E-01
  57 0.428000E+01 0.803850E-04 0.183871E-02 0.102155E-04 -.719971E-02
  57 0.432000E+01 -.630887E-04 0.148457E-02 0.667236E-05 -.915602E-02
  57 0.436000E+01 -.284465E-03 0.122810E-02 0.455010E-05 -.561802E-02
  57 0.440000E+01 0.340538E-03 0.110478E-02 0.367705E-05 -.422370E-02
  58 0.400000E+01 0.164279E+01 0.270167E+01 0.733027E+01 0.665240E+00
  58 0.404000E+01 0.145276E+01 0.211415E+01 0.450029E+01 0.664381E+00
  58 0.408000E+01 0.122760E+01 0.151189E+01 0.231519E+01 0.662384E+00
  58 0.412000E+01 0.944827E+00 0.900297E+00 0.837101E+00 0.655741E+00
  58 0.416000E+01 0.872263E-02 0.261195E+00 0.864538E-01 0.577591E+00
  58 0.420000E+01 -.637021E-03 0.712891E-02 0.204220E-03 -.339466E+00
  58 0.424000E+01 -.230110E-03 0.262875E-02 0.223708E-04 -.790983E-01
  58 0.428000E+01 0.278930E-03 0.188071E-02 0.108801E-04 -.253366E-01
  58 0.432000E+01 0.542270E-03 0.148045E-02 0.667899E-05 -.157800E-01
  58 0.436000E+01 0.347239E-03 0.124507E-02 0.461097E-05 0.852175E-02
  58 0.440000E+01 -.137407E-03 0.109661E-02 0.363014E-05 -.622273E-02
  59 0.400000E+01 0.164187E+01 0.269864E+01 0.731378E+01 0.665242E+00
  59 0.404000E+01 0.145195E+01 0.211178E+01 0.449016E+01 0.664384E+00
  59 0.408000E+01 0.122727E+01 0.151114E+01 0.231315E+01 0.662347E+00
  59 0.412000E+01 0.942900E+00 0.896411E+00 0.829426E+00 0.655934E+00
  59 0.416000E+01 -.632959E-01 0.259753E+00 0.875943E-01 0.567252E+00
  59 0.420000E+01 -.455390E-02 0.740491E-02 0.214314E-03 -.302836E+00
  59 0.424000E+01 0.878175E-04 0.268507E-02 0.229990E-04 -.633484E-01
  59 0.428000E+01 -.592863E-04 0.183282E-02 0.102378E-04 -.158822E-01
  59 0.432000E+01 -.581836E-03 0.148364E-02 0.669248E-05 -.134650E-01
  59 0.436000E+01 0.140813E-03 0.125866E-02 0.477708E-05 -.512925E-02
  59 0.440000E+01 0.301264E-03 0.110420E-02 0.367341E-05 -.427319E-02
  60 0.400000E+01 0.164219E+01 0.269962E+01 0.731844E+01 0.665272E+00
  60 0.404000E+01 0.145129E+01 0.210985E+01 0.448182E+01 0.664394E+00
  60 0.408000E+01 0.122938E+01 0.151616E+01 0.232741E+01 0.662508E+00
  60 0.412000E+01 0.940995E+00 0.893217E+00 0.824621E+00 0.655476E+00
  60 0.416000E+01 -.240047E+00 0.270773E+00 0.923524E-01 0.580129E+00
  60 0.420000E+01 0.311876E-03 0.701183E-02 0.194270E-03 -.317109E+00
  60 0.424000E+01 0.609375E-05 0.262191E-02 0.216818E-04 -.513333E-01
  60 0.428000E+01 0.281174E-03 0.186000E-02 0.106626E-04 -.273436E-01
  60 0.432000E+01 0.170276E-03 0.147559E-02 0.663347E-05 -.155226E-01
  60 0.436000E+01 0.575025E-04 0.124674E-02 0.464396E-05 0.410221E-02
  60 0.440000E+01 -.161217E-03 0.110551E-02 0.366485E-05 0.443171E-03
  61 0.400000E+01 0.164155E+01 0.269759E+01 0.730809E+01 0.665241E+00
  61 0.404000E+01 0.145177E+01 0.211128E+01 0.448807E+01 0.664381E+00
  61 0.408000E+01 0.122693E+01 0.151015E+01 0.230932E+01 0.662464E+00
  61 0.412000E+01 0.942827E+00 0.896450E+00 0.830050E+00 0.655705E+00
  61 0.416000E+01 0.157765E+00 0.262891E+00 0.883639E-01 0.573812E+00
  61 0.420000E+01 -.228233E-02 0.711795E-02 0.217898E-03 -.433583E+00
  61 0.424000E+01 0.655900E-04 0.275118E-02 0.241765E-04 -.647166E-01
  61 0.428000E+01 -.519490E-03 0.181667E-02 0.100193E-04 -.119630E-01
  61 0.432000E+01 0.937625E-04 0.146659E-02 0.654436E-05 -.142054E-01
  61 0.436000E+01 0.203931E-03 0.125423E-02 0.470237E-05 0.357660E-02
  61 0.440000E+01 0.536124E-03 0.110176E-02 0.367720E-05 -.976362E-02
  62 0.400000E+01 0.164192E+01 0.269877E+01 0.731415E+01 0.665257E+00
  62 0.404000E+01 0.145327E+01 0.211561E+01 0.450628E+01 0.664397E+00
  62 0.408000E+01 0.122940E+01 0.151631E+01 0.232862E+01 0.662402E+00
  62 0.412000E+01 0.945528E+00 0.901386E+00 0.838534E+00 0.655985E+00
  62 0.416000E+01 -.122351E-01 0.262826E+00 0.877842E-01 0.576397E+00
  62 0.420000E+01 -.387149E-03 0.669818E-02 0.179500E-03 -.333613E+00
  62 0.424000E+01 0.106710E-03 0.262473E-02 0.216219E-04 -.461709E-01
  62 0.428000E+01 0.500519E-03 0.186006E-02 0.106248E-04 -.236315E-01
  62 0.432000E+01 0.269610E-03 0.147605E-02 0.656411E-05 -.426996E-02
  62 0.436000E+01 -.263363E-04 0.126377E-02 0.483436E-05 -.897829E-02
  62 0.440000E+01 -.161788E-03 0.109208E-02 0.360584E-05 -.781144E-02
  63 0.400000E+01 0.164038E+01 0.269373E+01 0.728707E+01 0.665249E+00
  63 0.404000E+01 0.145153E+01 0.211057E+01 0.448512E+01 0.664376E+00
  63 0.408000E+01 0.122900E+01 0.151528E+01 0.232514E+01 0.662449E+00
  63 0.412000E+01 0.944805E+00 0.900176E+00 0.836683E+00 0.655821E+00
  63 0.416000E+01 0.865856E-02 0.250735E+00 0.816632E-01 0.567011E+00
  63 0.420000E+01 -.363655E-03 0.742378E-02 0.221801E-03 -.341504E+00
  63 0.424000E+01 0.932580E-03 0.267468E-02 0.227244E-04 -.588332E-01
  63 0.428000E+01 0.102723E-02 0.183148E-02 0.101396E-04 -.761684E-02
  63 0.432000E+01 -.678574E-03 0.146394E-02 0.646937E-05 -.622528E-02
  63 0.436000E+01 -.106475E-04 0.125956E-02 0.477820E-05 -.392666E-02
  63 0.440000E+01 -.445925E-04 0.110661E-02 0.368135E-05 -.207161E-02
  64 0.400000E+01 0.164202E+01 0.269913E+01 0.731664E+01 0.665234E+00
  64 0.404000E+01 0.145146E+01 0.211040E+01 0.448465E+01 0.664358E+00
  64 0.408000E+01 0.122726E+01 0.151109E+01 0.231281E+01 0.662374E+00
  64 0.412000E+01 0.944107E+00 0.898848E+00 0.834307E+00 0.655783E+00
  64 0.416000E+01 0.165958E+00 0.266032E+00 0.889787E-01 0.580920E+00
  64 0.420000E+01 -.171115E-02 0.726194E-02 0.202874E-03 -.282332E+00
  64 0.424000E+01 -.912927E-03 0.262903E-02 0.217425E-04 -.485717E-01
  64 0.428000E+01 -.275514E-03 0.184567E-02 0.105289E-04 -.302786E-01
  64 0.432000E+01 0.168289E-03 0.146438E-02 0.654536E-05 -.174313E-01
  64 0.436000E+01 -.268669E-03 0.126637E-02 0.489065E-05 -.165422E-01
  64 0.440000E+01 -.608825E-04 0.109459E-02 0.360953E-05 -.422210E-02
  65 0.400000E+01 0.164158E+01 0.269768E+01 0.730875E+01 0.665235E+00
  65 0.404000E+01 0.145247E+01 0.211329E+01 0.449636E+01 0.664401E+00
  65 0.408000E+01 0.122739E+01 0.151139E+01 0.231364E+01 0.662387E+00
  65 0.412000E+01 0.942607E+00 0.896080E+00 0.829571E+00 0.655619E+00
  65 0.416000E+01 -.148436E-01 0.252610E+00 0.833021E-01 0.564856E+00
  65 0.420000E+01 -.174160E-02 0.711567E-02 0.204695E-03 -.347582E+00
  65 0.424000E+01 0.322680E-03 0.263241E-02 0.221710E-04 -.664875E-01
  65 0.428000E+01 -.394387E-04 0.184788E-02 0.105391E-04 -.288046E-01
  65 0.432000E+01 -.253297E-03 0.145636E-02 0.637269E-05 -.152824E-02
  65 0.436000E+01 -.213828E-03 0.126456E-02 0.480066E-05 -.686116E-03
  65 0.440000E+01 0.511804E-03 0.110209E-02 0.365541E-05 -.317849E-02
  66 0.400000E+01 0.164223E+01 0.269979E+01 0.731982E+01 0.665252E+00
  66 0.404000E+01 0.145290E+01 0.211455E+01 0.450171E+01 0.664400E+00
  66 0.408000E+01 0.122778E+01 0.151232E+01 0.231640E+01 0.662398E+00
  66 0.412000E+01 0.944593E+00 0.899662E+00 0.835492E+00 0.655918E+00
  66 0.416000E+01 -.152671E+00 0.258564E+00 0.852304E-01 0.575050E+00
  66 0.420000E+01 -.437397E-02 0.786405E-02 0.234278E-03 -.262752E+00
  66 0.424000E+01 -.804059E-03 0.266176E-02 0.225115E-04 -.591196E-01
  66 0.428000E+01 -.106654E-02 0.180849E-02 0.996221E-05 -.153216E-01
  66 0.432000E+01 0.132676E-03 0.147199E-02 0.657126E-05 -.109190E-01
  66 0.436000E+01 0.659367E-03 0.124672E-02 0.471499E-05 -.111690E-01
  66 0.440000E+01 -.123519E-03 0.109689E-02 0.363715E-05 -.765844E-02
  67 0.400000E+01 0.164247E+01 0.270054E+01 0.732356E+01 0.665267E+00
  67 0.404000E+01 0.145300E+01 0.211483E+01 0.450294E+01 0.664399E+00
  67 0.408000E+01 0.122657E+01 0.150940E+01 0.230773E+01 0.662359E+00
  67 0.412000E+01 0.940902E+00 0.892966E+00 0.824228E+00 0.655446E+00
  67 0.416000E+01 0.126229E+00 0.253762E+00 0.847602E-01 0.561249E+00
  67 0.420000E+01 0.174102E-02 0.762799E-02 0.229278E-03 -.313471E+00
  67 0.424000E+01 -.178419E-03 0.271289E-02 0.238954E-04 -.822529E-01
  67 0.428000E+01 0.148347E-03 0.184647E-02 0.103791E-04 -.147404E-01
  67 0.432000E+01 -.421985E-03 0.148778E-02 0.669774E-05 -.862967E-02
  67 0.436000E+01 0.386806E-03 0.125736E-02 0.475198E-05 -.191627E-02
  67 0.440000E+01 -.101911E-03 0.110012E-02 0.361582E-05 0.413027E-02
  68 0.400000E+01 0.164228E+01 0.269993E+01 0.732028E+01 0.665264E+00
  68 0.404000E+01 0.145205E+01 0.211212E+01 0.449197E+01 0.664358E+00
  68 0.408000E+01 0.122768E+01 0.151218E+01 0.231653E+01 0.662317E+00
  68 0.412000E+01 0.946213E+00 0.903001E+00 0.842479E+00 0.655602E+00
  68 0.416000E+01 -.531225E-04 0.257253E+00 0.855826E-01 0.568935E+00
  68 0.420000E+01 0.114767E-02 0.753372E-02 0.218898E-03 -.285590E+00
  68 0.424000E+01 -.764376E-03 0.265835E-02 0.224523E-04 -.590499E-01
  68 0.428000E+01 0.300398E-03 0.182609E-02 0.102103E-04 -.206403E-01
  68 0.432000E+01 -.141025E-04 0.147262E-02 0.661218E-05 -.163502E-01
  68 0.436000E+01 0.491433E-03 0.125962E-02 0.482504E-05 -.136828E-01
  68 0.440000E+01 0.150344E-03 0.110217E-02 0.365200E-05 -.209624E-02
  69 0.400000E+01 0.164244E+01 0.270047E+01 0.732350E+01 0.665252E+00
  69 0.404000E+01 0.145206E+01 0.211214E+01 0.449185E+01 0.664372E+00
  69 0.408000E+01 0.122604E+01 0.150811E+01 0.230382E+01 0.662355E+00
  69 0.412000E+01 0.943862E+00 0.898465E+00 0.833814E+00 0.655693E+00
  69 0.416000E+01 0.243466E+00 0.249912E+00 0.825736E-01 0.559298E+00
  69 0.420000E+01 0.163322E-02 0.749811E-02 0.231330E-03 -.371538E+00
  69 0.424000E+01 -.167950E-02 0.260883E-02 0.218431E-04 -.697988E-01
  69 0.428000E+01 -.165240E-03 0.187776E-02 0.107915E-04 -.201923E-01
  69 0.432000E+01 -.353741E-03 0.148014E-02 0.661853E-05 -.701712E-02
  69 0.436000E+01 -.272749E-03 0.124022E-02 0.465837E-05 -.951506E-02
  69 0.440000E+01 -.497369E-03 0.110269E-02 0.365043E-05 -.723378E-03
  70 0.400000E+01 0.164166E+01 0.269795E+01 0.731007E+01 0.665242E+00
  70 0.404000E+01 0.145173E+01 0.211112E+01 0.448703E+01 0.664408E+00
  70 0.408000E+01 0.122720E+01 0.151083E+01 0.231149E+01 0.662449E+00
  70 0.412000E+01 0.942950E+00 0.896770E+00 0.830801E+00 0.655640E+00
  70 0.416000E+01 0.896368E-01 0.260306E+00 0.874991E-01 0.569557E+00
  70 0.420000E+01 0.183939E-02 0.738940E-02 0.202271E-03 -.234794E+00
  70 0.424000E+01 0.905257E-03 0.264576E-02 0.221179E-04 -.532300E-01
  70 0.428000E+01 -.728674E-03 0.182156E-02 0.101203E-04 -.166812E-01
  70 0.432000E+01 -.403588E-04 0.147107E-02 0.653980E-05 -.734216E-02
  70 0.436000E+01 0.137625E-03 0.124765E-02 0.469122E-05 -.455989E-02
  70 0.440000E+01 0.109955E-03 0.110066E-02 0.365577E-05 -.589200E-02
  71 0.400000E+01 0.164259E+01 0.270098E+01 0.732633E+01 0.665249E+00
  71 0.404000E+01 0.145358E+01 0.211656E+01 0.451072E+01 0.664369E+00
  71 0.408000E+01 0.122665E+01 0.150963E+01 0.230853E+01 0.662343E+00
  71 0.412000E+01 0.942747E+00 0.896383E+00 0.830046E+00 0.655655E+00
  71 0.416000E+01 0.244450E-01 0.262307E+00 0.884889E-01 0.571304E+00
  71 0.420000E+01 -.216821E-02 0.738212E-02 0.211795E-03 -.295486E+00
  71 0.424000E+01 -.549906E-03 0.272857E-02 0.235838E-04 -.558971E-01
  71 0.428000E+01 -.609259E-03 0.186374E-02 0.107094E-04 -.277128E-01
  71 0.432000E+01 -.430056E-03 0.148907E-02 0.663087E-05 0.317746E-02
  71 0.436000E+01 -.249160E-03 0.125157E-02 0.470293E-05 -.768234E-03
  71 0.440000E+01 0.903900E-04 0.109126E-02 0.354811E-05 0.683901E-02
  72 0.400000E+01 0.164156E+01 0.269761E+01 0.730820E+01 0.665241E+00
  72 0.404000E+01 0.145150E+01 0.211044E+01 0.448401E+01 0.664417E+00
  72 0.408000E+01 0.122871E+01 0.151460E+01 0.232326E+01 0.662415E+00
  72 0.412000E+01 0.943306E+00 0.897177E+00 0.830801E+00 0.655952E+00
  72 0.416000E+01 0.358184E+00 0.260009E+00 0.858650E-01 0.576632E+00
  72 0.420000E+01 0.429651E-02 0.766497E-02 0.255726E-03 -.450885E+00
  72 0.424000E+01 -.188688E-02 0.269105E-02 0.237181E-04 -.917295E-01
  72 0.428000E+01 -.374383E-03 0.179905E-02 0.992762E-05 -.224356E-01
  72 0.432000E+01 -.134321E-03 0.149021E-02 0.675301E-05 -.136349E-01
  72 0.436000E+01 -.371620E-03 0.125630E-02 0.475260E-05 -.374034E-02
  72 0.440000E+01 0.207713E-04 0.110373E-02 0.367543E-05 -.567612E-02
  73 0.400000E+01 0.164105E+01 0.269592E+01 0.729877E+01 0.665254E+00
  73 0.404000E+01 0.145344E+01 0.211619E+01 0.450941E+01 0.664349E+00
  73 0.408000E+01 0.122710E+01 0.151068E+01 0.231147E+01 0.662383E+00
  73 0.412000E+01 0.942980E+00 0.896828E+00 0.830911E+00 0.655638E+00
  73 0.416000E+01 -.556867E-01 0.264947E+00 0.900757E-01 0.572271E+00
  73 0.420000E+01 0.218467E-02 0.752212E-02 0.226586E-03 -.334848E+00
  73 0.424000E+01 0.105139E-02 0.263970E-02 0.223507E-04 -.692089E-01
  73 0.428000E+01 -.620575E-03 0.184802E-02 0.104104E-04 -.160847E-01
  73 0.432000E+01 0.691260E-03 0.148195E-02 0.663839E-05 -.757371E-02
  73 0.436000E+01 0.236316E-03 0.123634E-02 0.457776E-05 0.171336E-02
  73 0.440000E+01 0.450299E-03 0.109924E-02 0.359407E-05 0.852883E-02
  74 0.400000E+01 0.164232E+01 0.270009E+01 0.732137E+01 0.665255E+00
  74 0.404000E+01 0.145297E+01 0.211471E+01 0.450230E+01 0.664408E+00
  74 0.408000E+01 0.122783E+01 0.151253E+01 0.231745E+01 0.662337E+00
  74 0.412000E+01 0.943735E+00 0.898039E+00 0.832468E+00 0.655923E+00
  74 0.416000E+01 -.109625E+00 0.249477E+00 0.818118E-01 0.561838E+00
  74 0.420000E+01 0.723159E-03 0.707563E-02 0.194070E-03 -.292133E+00
  74 0.424000E+01 0.545931E-03 0.263905E-02 0.222216E-04 -.635500E-01
  74 0.428000E+01 0.562863E-04 0.183220E-02 0.103962E-04 -.323051E-01
  74 0.432000E+01 -.791375E-04 0.149511E-02 0.677784E-05 -.107020E-01
  74 0.436000E+01 0.399124E-03 0.126929E-02 0.487476E-05 -.857659E-02
  74 0.440000E+01 0.345822E-03 0.110463E-02 0.369578E-05 -.961134E-02
  75 0.400000E+01 0.164120E+01 0.269641E+01 0.730158E+01 0.665246E+00
  75 0.404000E+01 0.145294E+01 0.211467E+01 0.450228E+01 0.664396E+00
  75 0.408000E+01 0.122730E+01 0.151105E+01 0.231198E+01 0.662474E+00
  75 0.412000E+01 0.942099E+00 0.894957E+00 0.826786E+00 0.655913E+00
  75 0.416000E+01 -.200754E+00 0.263734E+00 0.877380E-01 0.579530E+00
  75 0.420000E+01 0.321915E-02 0.748374E-02 0.209756E-03 -.248408E+00
  75 0.424000E+01 0.101416E-02 0.262208E-02 0.225848E-04 -.949772E-01
  75 0.428000E+01 0.104269E-03 0.184235E-02 0.104848E-04 -.296529E-01
  75 0.432000E+01 -.154023E-03 0.146660E-02 0.647369E-05 -.324257E-02
  75 0.436000E+01 -.541978E-03 0.124033E-02 0.463546E-05 -.437827E-02
  75 0.440000E+01 0.156329E-03 0.111059E-02 0.371951E-05 -.520697E-02
  76 0.400000E+01 0.164195E+01 0.269880E+01 0.731374E+01 0.665283E+00
  76 0.404000E+01 0.145298E+01 0.211479E+01 0.450293E+01 0.664388E+00
  76 0.408000E+01 0.122721E+01 0.151095E+01 0.231241E+01 0.662369E+00
  76 0.412000E+01 0.943687E+00 0.898030E+00 0.832733E+00 0.655806E+00
  76 0.416000E+01 0.180279E+00 0.266837E+00 0.902140E-01 0.577662E+00
  76 0.420000E+01 0.177758E-03 0.720152E-02 0.201229E-03 -.293366E+00
  76 0.424000E+01 0.180035E-02 0.266484E-02 0.223121E-04 -.473106E-01
  76 0.428000E+01 -.558824E-03 0.185924E-02 0.106422E-04 -.262208E-01
  76 0.432000E+01 0.142994E-03 0.145904E-02 0.645450E-05 -.106584E-01
  76 0.436000E+01 0.344150E-03 0.125032E-02 0.470664E-05 -.357121E-02
  76 0.440000E+01 -.131723E-03 0.108985E-02 0.358309E-05 -.554783E-02
  77 0.400000E+01 0.164129E+01 0.269671E+01 0.730318E+01 0.665250E+00
  77 0.404000E+01 0.145156E+01 0.211072E+01 0.448624E+01 0.664340E+00
  77 0.408000E+01 0.122774E+01 0.151224E+01 0.231618E+01 0.662393E+00
  77 0.412000E+01 0.944211E+00 0.899240E+00 0.835736E+00 0.655494E+00
  77 0.416000E+01 -.724866E-01 0.252607E+00 0.835947E-01 0.563318E+00
  77 0.420000E+01 -.751569E-02 0.726319E-02 0.225337E-03 -.423823E+00
  77 0.424000E+01 0.118635E-02 0.266237E-02 0.226731E-04 -.662351E-01
  77 0.428000E+01 -.692713E-04 0.184220E-02 0.103948E-04 -.209850E-01
  77 0.432000E+01 -.470461E-03 0.146720E-02 0.651625E-05 -.901002E-02
  77 0.436000E+01 0.714525E-04 0.125741E-02 0.474749E-05 -.902867E-03
  77 0.440000E+01 -.104536E-03 0.111091E-02 0.372332E-05 -.565548E-02
  78 0.400000E+01 0.164171E+01 0.269804E+01 0.730996E+01 0.665268E+00
  78 0.404000E+01 0.145275E+01 0.211413E+01 0.450017E+01 0.664382E+00
  78 0.408000E+01 0.122746E+01 0.151162E+01 0.231476E+01 0.662327E+00
  78 0.412000E+01 0.942119E+00 0.895165E+00 0.827880E+00 0.655619E+00
  78 0.416000E+01 -.449126E-01 0.254418E+00 0.844978E-01 0.564859E+00
  78 0.420000E+01 -.303574E-02 0.753759E-02 0.250463E-03 -.469455E+00
  78 0.424000E+01 0.211372E-02 0.272717E-02 0.242499E-04 -.868405E-01
  78 0.428000E+01 0.504087E-03 0.181834E-02 0.102487E-04 -.332298E-01
  78 0.432000E+01 0.190458E-03 0.148074E-02 0.667320E-05 -.145101E-01
  78 0.436000E+01 0.182032E-03 0.124406E-02 0.466955E-05 -.570683E-02
  78 0.440000E+01 0.155675E-04 0.108328E-02 0.355831E-05 -.107416E-01
  79 0.400000E+01 0.164191E+01 0.269878E+01 0.731450E+01 0.665243E+00
  79 0.404000E+01 0.145140E+01 0.211018E+01 0.448326E+01 0.664390E+00
  79 0.408000E+01 0.122885E+01 0.151494E+01 0.232428E+01 0.662421E+00
  79 0.412000E+01 0.942268E+00 0.895573E+00 0.828892E+00 0.655511E+00
  79 0.416000E+01 0.210877E-01 0.254574E+00 0.840078E-01 0.567914E+00
  79 0.420000E+01 -.303325E-02 0.708304E-02 0.192368E-03 -.278120E+00
  79 0.424000E+01 -.113030E-02 0.274170E-02 0.239464E-04 -.618876E-01
  79 0.428000E+01 0.161582E-03 0.182219E-02 0.101109E-04 -.150378E-01
  79 0.432000E+01 0.373871E-03 0.144764E-02 0.637076E-05 -.133312E-01
  79 0.436000E+01 0.237327E-03 0.126315E-02 0.485244E-05 -.137412E-01
  79 0.440000E+01 -.280625E-05 0.110115E-02 0.367702E-05 -.108478E-01
  80 0.400000E+01 0.164292E+01 0.270210E+01 0.733273E+01 0.665233E+00
  80 0.404000E+01 0.145207E+01 0.211216E+01 0.449177E+01 0.664382E+00
  80 0.408000E+01 0.122818E+01 0.151323E+01 0.231872E+01 0.662466E+00
  80 0.412000E+01 0.942840E+00 0.896682E+00 0.830956E+00 0.655508E+00
  80 0.416000E+01 -.387755E-01 0.260838E+00 0.881562E-01 0.568092E+00
  80 0.420000E+01 0.472019E-02 0.759829E-02 0.229529E-03 -.325210E+00
  80 0.424000E+01 -.484639E-03 0.263700E-02 0.221997E-04 -.641555E-01
  80 0.428000E+01 0.719301E-03 0.183816E-02 0.102700E-04 -.131731E-01
  80 0.432000E+01 -.242872E-03 0.149279E-02 0.679833E-05 -.169177E-01
  80 0.436000E+01 -.120563E-03 0.124757E-02 0.464335E-05 0.555060E-02
  80 0.440000E+01 0.927500E-05 0.110556E-02 0.372785E-05 -.166546E-01
  81 0.400000E+01 0.164197E+01 0.269897E+01 0.731574E+01 0.665234E+00
  81 0.404000E+01 0.145247E+01 0.211323E+01 0.449577E+01 0.664426E+00
  81 0.408000E+01 0.122840E+01 0.151377E+01 0.232031E+01 0.662475E+00
  81 0.412000E+01 0.944011E+00 0.898603E+00 0.833731E+00 0.655833E+00
  81 0.416000E+01 0.200923E+00 0.247579E+00 0.815413E-01 0.556565E+00
  81 0.420000E+01 -.221088E-02 0.706935E-02 0.204737E-03 -.365581E+00
  81 0.424000E+01 0.610241E-03 0.262671E-02 0.220208E-04 -.638712E-01
  81 0.428000E+01 -.396280E-03 0.184336E-02 0.104087E-04 -.210656E-01
  81 0.432000E+01 -.105285E-03 0.146520E-02 0.648387E-05 -.674495E-02
  81 0.436000E+01 -.131271E-03 0.124563E-02 0.467279E-05 -.387088E-02
  81 0.440000E+01 -.170199E-03 0.109322E-02 0.359635E-05 -.305773E-02
  82 0.400000E+01 0.164181E+01 0.269839E+01 0.731212E+01 0.665257E+00
  82 0.404000E+01 0.145254E+01 0.211349E+01 0.449725E+01 0.664399E+00
  82 0.408000E+01 0.122742E+01 0.151143E+01 0.231360E+01 0.662408E+00
  82 0.412000E+01 0.943870E+00 0.898318E+00 0.833026E+00 0.655906E+00
  82 0.416000E+01 0.126003E+00 0.258001E+00 0.865198E-01 0.566738E+00
  82 0.420000E+01 -.214640E-02 0.705744E-02 0.187675E-03 -.256003E+00
  82 0.424000E+01 -.340194E-03 0.261022E-02 0.221854E-04 -.854033E-01
  82 0.428000E+01 0.113674E-02 0.182816E-02 0.101658E-04 -.138981E-01
  82 0.432000E+01 0.278066E-03 0.148137E-02 0.674110E-05 -.239611E-01
  82 0.436000E+01 -.299913E-03 0.124324E-02 0.468069E-05 -.944092E-02
  82 0.440000E+01 -.178586E-03 0.110402E-02 0.366167E-05 -.139274E-02
  83 0.400000E+01 0.164094E+01 0.269554E+01 0.729657E+01 0.665262E+00
  83 0.404000E+01 0.145258E+01 0.211359E+01 0.449768E+01 0.664398E+00
  83 0.408000E+01 0.122655E+01 0.150919E+01 0.230621E+01 0.662488E+00
  83 0.412000E+01 0.942975E+00 0.897092E+00 0.832257E+00 0.655283E+00
  83 0.416000E+01 -.809046E-02 0.259998E+00 0.878438E-01 0.566837E+00
  83 0.420000E+01 -.262459E-03 0.725690E-02 0.210999E-03 -.335538E+00
  83 0.424000E+01 -.145103E-02 0.268643E-02 0.231706E-04 -.701993E-01
  83 0.428000E+01 0.686681E-03 0.183957E-02 0.103178E-04 -.163230E-01
  83 0.432000E+01 -.103196E-03 0.149131E-02 0.670244E-05 -.455739E-02
  83 0.436000E+01 0.147920E-03 0.126084E-02 0.478549E-05 -.342100E-02
  83 0.440000E+01 -.277025E-04 0.108945E-02 0.359122E-05 -.857533E-02
  84 0.400000E+01 0.164229E+01 0.269997E+01 0.732059E+01 0.665259E+00
  84 0.404000E+01 0.145250E+01 0.211335E+01 0.449630E+01 0.664423E+00
  84 0.408000E+01 0.122728E+01 0.151110E+01 0.231258E+01 0.662409E+00
  84 0.412000E+01 0.944162E+00 0.898830E+00 0.833839E+00 0.655963E+00
  84 0.416000E+01 0.208171E-01 0.253265E+00 0.833380E-01 0.566918E+00
  84 0.420000E+01 0.368136E-02 0.689891E-02 0.182674E-03 -.279367E+00
  84 0.424000E+01 -.366413E-04 0.268235E-02 0.230027E-04 -.656819E-01
  84 0.428000E+01 -.514806E-03 0.184923E-02 0.104459E-04 -.182202E-01
  84 0.432000E+01 0.217541E-03 0.146261E-02 0.643698E-05 -.300428E-02
  84 0.436000E+01 -.164340E-03 0.126036E-02 0.476936E-05 -.808814E-03
  84 0.440000E+01 0.412924E-03 0.109420E-02 0.361257E-05 -.577144E-02
  85 0.400000E+01 0.164150E+01 0.269742E+01 0.730712E+01 0.665244E+00
  85 0.404000E+01 0.145306E+01 0.211506E+01 0.450436E+01 0.664365E+00
  85 0.408000E+01 0.122854E+01 0.151412E+01 0.232141E+01 0.662472E+00
  85 0.412000E+01 0.946367E+00 0.903295E+00 0.842999E+00 0.655613E+00
  85 0.416000E+01 -.365838E+00 0.252606E+00 0.832179E-01 0.565282E+00
  85 0.420000E+01 0.681250E-03 0.799829E-02 0.241929E-03 -.260584E+00
  85 0.424000E+01 -.893921E-03 0.265285E-02 0.227341E-04 -.767965E-01
  85 0.428000E+01 -.238089E-03 0.185806E-02 0.104902E-04 -.128464E-01
  85 0.432000E+01 0.342507E-03 0.147957E-02 0.660182E-05 -.524151E-02
  85 0.436000E+01 0.206408E-03 0.124460E-02 0.467620E-05 -.626155E-02
  85 0.440000E+01 0.160559E-03 0.110277E-02 0.363781E-05 0.287289E-02
  86 0.400000E+01 0.164140E+01 0.269710E+01 0.730539E+01 0.665243E+00
  86 0.404000E+01 0.145326E+01 0.211558E+01 0.450612E+01 0.664401E+00
  86 0.408000E+01 0.122753E+01 0.151178E+01 0.231523E+01 0.662329E+00
  86 0.412000E+01 0.943591E+00 0.897495E+00 0.830545E+00 0.656302E+00
  86 0.416000E+01 0.671695E-02 0.265048E+00 0.887322E-01 0.578973E+00
  86 0.420000E+01 -.142237E-02 0.691529E-02 0.193192E-03 -.346626E+00
  86 0.424000E+01 -.312604E-03 0.264599E-02 0.221669E-04 -.553780E-01
  86 0.428000E+01 -.102511E-02 0.181364E-02 0.100903E-04 -.225369E-01
  86 0.432000E+01 0.225564E-03 0.148510E-02 0.662171E-05 -.783193E-03
  86 0.436000E+01 0.538282E-03 0.126004E-02 0.474781E-05 0.320496E-02
  86 0.440000E+01 -.203891E-03 0.110602E-02 0.366317E-05 0.181515E-02
  87 0.400000E+01 0.164181E+01 0.269842E+01 0.731251E+01 0.665246E+00
  87 0.404000E+01 0.145304E+01 0.211494E+01 0.450341E+01 0.664400E+00
  87 0.408000E+01 0.122782E+01 0.151239E+01 0.231640E+01 0.662427E+00
  87 0.412000E+01 0.945674E+00 0.901658E+00 0.838956E+00 0.656019E+00
  87 0.416000E+01 -.273200E-01 0.252120E+00 0.827195E-01 0.566217E+00
  87 0.420000E+01 -.564844E-02 0.715090E-02 0.208079E-03 -.356393E+00
  87 0.424000E+01 -.245302E-03 0.264991E-02 0.218405E-04 -.367677E-01
  87 0.428000E+01 -.279635E-03 0.184914E-02 0.106153E-04 -.348403E-01
  87 0.432000E+01 -.297644E-03 0.147371E-02 0.649769E-05 0.272718E-02
  87 0.436000E+01 0.132324E-03 0.125815E-02 0.482336E-05 -.156895E-01
  87 0.440000E+01 -.150124E-03 0.111423E-02 0.372995E-05 -.144968E-02
  88 0.400000E+01 0.164177E+01 0.269829E+01 0.731195E+01 0.665239E+00
  88 0.404000E+01 0.145249E+01 0.211346E+01 0.449803E+01 0.664330E+00
  88 0.408000E+01 0.122852E+01 0.151415E+01 0.232193E+01 0.662409E+00
  88 0.412000E+01 0.943636E+00 0.898035E+00 0.832984E+00 0.655707E+00
  88 0.416000E+01 0.235010E+00 0.263749E+00 0.889039E-01 0.573993E+00
  88 0.420000E+01 0.405964E-03 0.726199E-02 0.223785E-03 -.414485E+00
  88 0.424000E+01 -.945367E-03 0.264319E-02 0.220971E-04 -.542835E-01
  88 0.428000E+01 0.319125E-05 0.184048E-02 0.103749E-04 -.209394E-01
  88 0.432000E+01 0.631019E-03 0.148414E-02 0.670897E-05 -.152821E-01
  88 0.436000E+01 -.187936E-03 0.126553E-02 0.483182E-05 -.564800E-02
  88 0.440000E+01 0.267413E-04 0.110997E-02 0.369656E-05 -.118936E-03
  89 0.400000E+01 0.164292E+01 0.270201E+01 0.733128E+01 0.665277E+00
  89 0.404000E+01 0.145126E+01 0.210971E+01 0.448079E+01 0.664428E+00
  89 0.408000E+01 0.122834E+01 0.151372E+01 0.232067E+01 0.662400E+00
  89 0.412000E+01 0.943285E+00 0.897274E+00 0.831291E+00 0.655824E+00
  89 0.416000E+01 -.101641E+00 0.272567E+00 0.933807E-01 0.581025E+00
  89 0.420000E+01 0.932984E-03 0.676779E-02 0.171794E-03 -.250238E+00
  89 0.424000E+01 0.920838E-04 0.271253E-02 0.239060E-04 -.830190E-01
  89 0.428000E+01 0.677339E-03 0.186254E-02 0.106124E-04 -.197179E-01
  89 0.432000E+01 -.966925E-04 0.145600E-02 0.636156E-05 -.279506E-03
  89 0.436000E+01 -.111129E-03 0.126162E-02 0.481184E-05 -.770131E-02
  89 0.440000E+01 -.104699E-03 0.110181E-02 0.363654E-05 0.149433E-02
  90 0.400000E+01 0.164242E+01 0.270044E+01 0.732365E+01 0.665238E+00
  90 0.404000E+01 0.145208E+01 0.211222E+01 0.449231E+01 0.664361E+00
  90 0.408000E+01 0.122889E+01 0.151501E+01 0.232434E+01 0.662445E+00
  90 0.412000E+01 0.944899E+00 0.900116E+00 0.835871E+00 0.656109E+00
  90 0.416000E+01 0.146006E+00 0.252867E+00 0.842042E-01 0.561038E+00
  90 0.420000E+01 0.418286E-02 0.700528E-02 0.178318E-03 -.211217E+00
  90 0.424000E+01 -.741384E-03 0.268109E-02 0.225778E-04 -.469776E-01
  90 0.428000E+01 -.577587E-04 0.185042E-02 0.104882E-04 -.210259E-01
  90 0.432000E+01 0.419532E-03 0.146111E-02 0.646719E-05 -.978653E-02
  90 0.436000E+01 -.282974E-03 0.126058E-02 0.479367E-05 -.555876E-02
  90 0.440000E+01 0.386963E-04 0.109368E-02 0.361388E-05 -.710022E-02
  91 0.400000E+01 0.164157E+01 0.269760E+01 0.730772E+01 0.665263E+00
  91 0.404000E+01 0.145215E+01 0.211235E+01 0.449248E+01 0.664391E+00
  91 0.408000E+01 0.122817E+01 0.151331E+01 0.231951E+01 0.662387E+00
  91 0.412000E+01 0.944761E+00 0.900001E+00 0.836201E+00 0.655885E+00
  91 0.416000E+01 -.211949E+00 0.265693E+00 0.892580E-01 0.578532E+00
  91 0.420000E+01 0.591247E-03 0.765851E-02 0.240644E-03 -.367619E+00
  91 0.424000E+01 -.277365E-03 0.265542E-02 0.221737E-04 -.482171E-01
  91 0.428000E+01 -.361616E-03 0.188948E-02 0.109907E-04 -.261751E-01
  91 0.432000E+01 0.182625E-03 0.147946E-02 0.651238E-05 0.823203E-02
  91 0.436000E+01 -.406576E-03 0.125899E-02 0.477945E-05 -.510050E-02
  91 0.440000E+01 -.216725E-04 0.109614E-02 0.357762E-05 0.746873E-02
  92 0.400000E+01 0.164131E+01 0.269677E+01 0.730343E+01 0.665252E+00
  92 0.404000E+01 0.145209E+01 0.211221E+01 0.449200E+01 0.664384E+00
  92 0.408000E+01 0.122692E+01 0.151026E+01 0.231028E+01 0.662370E+00
  92 0.412000E+01 0.943598E+00 0.897882E+00 0.832476E+00 0.655799E+00
  92 0.416000E+01 -.226588E+00 0.264500E+00 0.895175E-01 0.573483E+00
  92 0.420000E+01 0.107607E-02 0.690999E-02 0.188719E-03 -.317464E+00
  92 0.424000E+01 0.358435E-03 0.268277E-02 0.231450E-04 -.719346E-01
  92 0.428000E+01 0.755112E-04 0.186145E-02 0.106992E-04 -.292690E-01
  92 0.432000E+01 -.837350E-04 0.149469E-02 0.674024E-05 -.565625E-02
  92 0.436000E+01 -.493075E-04 0.124008E-02 0.461411E-05 -.150342E-03
  92 0.440000E+01 -.497109E-03 0.110986E-02 0.373110E-05 -.966912E-02
  93 0.400000E+01 0.164207E+01 0.269930E+01 0.731741E+01 0.665240E+00
  93 0.404000E+01 0.145312E+01 0.211517E+01 0.450438E+01 0.664400E+00
  93 0.408000E+01 0.122789E+01 0.151264E+01 0.231766E+01 0.662357E+00
  93 0.412000E+01 0.940099E+00 0.891513E+00 0.821717E+00 0.655376E+00
  93 0.416000E+01 -.333779E+00 0.263081E+00 0.894319E-01 0.569284E+00
  93 0.420000E+01 0.600281E-02 0.732144E-02 0.206683E-03 -.285261E+00
  93 0.424000E+01 0.399204E-03 0.269168E-02 0.232686E-04 -.705407E-01
  93 0.428000E+01 0.373175E-03 0.186133E-02 0.106786E-04 -.274166E-01
  93 0.432000E+01 0.238718E-03 0.148333E-02 0.676074E-05 -.242366E-01
  93 0.436000E+01 0.598000E-04 0.124056E-02 0.461338E-05 0.783351E-03
  93 0.440000E+01 0.481263E-04 0.110049E-02 0.365136E-05 -.498889E-02
  94 0.400000E+01 0.164163E+01 0.269782E+01 0.730912E+01 0.665252E+00
  94 0.404000E+01 0.145365E+01 0.211669E+01 0.451070E+01 0.664410E+00
  94 0.408000E+01 0.122780E+01 0.151229E+01 0.231571E+01 0.662484E+00
  94 0.412000E+01 0.944271E+00 0.899220E+00 0.835277E+00 0.655668E+00
  94 0.416000E+01 0.473347E-01 0.259080E+00 0.870699E-01 0.567607E+00
  94 0.420000E+01 0.146308E-02 0.699135E-02 0.200648E-03 -.368333E+00
  94 0.424000E+01 0.139747E-02 0.271613E-02 0.244638E-04 -.105358E+00
  94 0.428000E+01 -.708768E-03 0.182316E-02 0.103288E-04 -.358044E-01
  94 0.432000E+01 0.660438E-04 0.148428E-02 0.669681E-05 -.132463E-01
  94 0.436000E+01 0.108930E-03 0.124625E-02 0.468788E-05 -.610195E-02
  94 0.440000E+01 -.321596E-03 0.110775E-02 0.367305E-05 0.224482E-02
  95 0.400000E+01 0.164176E+01 0.269821E+01 0.731107E+01 0.665261E+00
  95 0.404000E+01 0.145356E+01 0.211644E+01 0.450963E+01 0.664410E+00
  95 0.408000E+01 0.122659E+01 0.150939E+01 0.230739E+01 0.662406E+00
  95 0.412000E+01 0.942820E+00 0.896406E+00 0.829926E+00 0.655723E+00
  95 0.416000E+01 -.163119E+00 0.261290E+00 0.882591E-01 0.569083E+00
  95 0.420000E+01 0.241146E-02 0.765490E-02 0.222889E-03 -.267907E+00
  95 0.424000E+01 -.119424E-03 0.267330E-02 0.230081E-04 -.731590E-01
  95 0.428000E+01 -.393015E-03 0.185285E-02 0.104587E-04 -.154906E-01
  95 0.432000E+01 0.190113E-04 0.147904E-02 0.668539E-05 -.187032E-01
  95 0.436000E+01 0.197198E-03 0.125490E-02 0.476066E-05 -.769554E-02
  95 0.440000E+01 0.501625E-05 0.110639E-02 0.368750E-05 -.414729E-02
  96 0.400000E+01 0.164204E+01 0.269919E+01 0.731656E+01 0.665250E+00
  96 0.404000E+01 0.145268E+01 0.211393E+01 0.449930E+01 0.664383E+00
  96 0.408000E+01 0.122765E+01 0.151200E+01 0.231534E+01 0.662408E+00
  96 0.412000E+01 0.943489E+00 0.897800E+00 0.832805E+00 0.655600E+00
  96 0.416000E+01 -.550496E-01 0.259763E+00 0.862256E-01 0.574048E+00
  96 0.420000E+01 0.303723E-02 0.696195E-02 0.182020E-03 -.251805E+00
  96 0.424000E+01 -.637050E-04 0.262872E-02 0.220925E-04 -.656996E-01
  96 0.428000E+01 0.394185E-03 0.186486E-02 0.105397E-04 -.102186E-01
  96 0.432000E+01 -.316412E-03 0.147285E-02 0.660753E-05 -.153134E-01
  96 0.436000E+01 0.342351E-03 0.124564E-02 0.470804E-05 -.114330E-01
  96 0.440000E+01 0.410645E-03 0.109767E-02 0.363818E-05 -.650929E-02
  97 0.400000E+01 0.164109E+01 0.269605E+01 0.729959E+01 0.665249E+00
  97 0.404000E+01 0.145100E+01 0.210909E+01 0.447932E+01 0.664340E+00
  97 0.408000E+01 0.122765E+01 0.151207E+01 0.231588E+01 0.662361E+00
  97 0.412000E+01 0.945409E+00 0.901176E+00 0.838180E+00 0.655970E+00
  97 0.416000E+01 0.171018E+00 0.264094E+00 0.902356E-01 0.568741E+00
  97 0.420000E+01 -.929401E-03 0.751599E-02 0.216024E-03 -.274700E+00
  97 0.424000E+01 -.448986E-03 0.260217E-02 0.213759E-04 -.522797E-01
  97 0.428000E+01 0.546105E-03 0.183907E-02 0.103476E-04 -.198174E-01
  97 0.432000E+01 0.471834E-03 0.145812E-02 0.646893E-05 -.142069E-01
  97 0.436000E+01 0.729338E-03 0.126514E-02 0.486220E-05 -.125878E-01
  97 0.440000E+01 0.116845E-03 0.108888E-02 0.359603E-05 -.109780E-01
  98 0.400000E+01 0.164214E+01 0.269950E+01 0.731844E+01 0.665242E+00
  98 0.404000E+01 0.145220E+01 0.211252E+01 0.449333E+01 0.664383E+00
  98 0.408000E+01 0.122760E+01 0.151194E+01 0.231561E+01 0.662343E+00
  98 0.412000E+01 0.939833E+00 0.890680E+00 0.819116E+00 0.655824E+00
  98 0.416000E+01 -.153200E+00 0.245529E+00 0.809321E-01 0.552497E+00
  98 0.420000E+01 0.621144E-03 0.701594E-02 0.200237E-03 -.355972E+00
  98 0.424000E+01 0.132332E-02 0.263640E-02 0.218390E-04 -.473395E-01
  98 0.428000E+01 0.308320E-03 0.185056E-02 0.105952E-04 -.312929E-01
  98 0.432000E+01 -.157113E-04 0.148156E-02 0.675511E-05 -.258236E-01
  98 0.436000E+01 0.206750E-03 0.123676E-02 0.461854E-05 -.649725E-02
  98 0.440000E+01 0.330500E-05 0.111077E-02 0.374329E-05 -.113030E-01
  99 0.400000E+01 0.164150E+01 0.269733E+01 0.730590E+01 0.665277E+00
  99 0.404000E+01 0.145276E+01 0.211411E+01 0.449970E+01 0.664411E+00
  99 0.408000E+01 0.122852E+01 0.151420E+01 0.232249E+01 0.662350E+00
  99 0.412000E+01 0.944121E+00 0.898935E+00 0.834662E+00 0.655703E+00
  99 0.416000E+01 0.148123E+00 0.263995E+00 0.890693E-01 0.573995E+00
  99 0.420000E+01 -.186457E-02 0.776757E-02 0.258760E-03 -.429570E+00
  99 0.424000E+01 -.596160E-03 0.262236E-02 0.221509E-04 -.737008E-01
  99 0.428000E+01 -.424794E-03 0.187114E-02 0.107046E-04 -.191498E-01
  99 0.432000E+01 -.411987E-03 0.146234E-02 0.650521E-05 -.140113E-01
  99 0.436000E+01 0.121939E-03 0.125130E-02 0.471321E-05 -.339151E-02
  99 0.440000E+01 -.274373E-03 0.109944E-02 0.362671E-05 -.116991E-03
 100 0.400000E+01 0.164178E+01 0.269830E+01 0.731155E+01 0.665259E+00
 100 0.404000E+01 0.145097E+01 0.210897E+01 0.447842E+01 0.664368E+00
 100 0.408000E+01 0.122939E+01 0.151627E+01 0.232842E+01 0.662413E+00
 100 0.412000E+01 0.942549E+00 0.896029E+00 0.829498E+00 0.655610E+00
 100 0.416000E+01 0.298983E+00 0.248968E+00 0.820319E-01 0.558863E+00
 100 0.420000E+01 0.278639E-02 0.710818E-02 0.200554E-03 -.323105E+00
 100 0.424000E+01 -.473581E-03 0.270452E-02 0.239265E-04 -.903789E-01
 100 0.428000E+01 -.835307E-03 0.189332E-02 0.110513E-04 -.276482E-01
 100 0.432000E+01 -.975675E-04 0.147336E-02 0.650918E-05 0.488911E-03
 100 0.436000E+01 0.431066E-03 0.126031E-02 0.482050E-05 -.116093E-01
 100 0.440000E+01 -.938687E-04 0.110715E-02 0.371132E-05 -.923513E-02
