# Temperature =   0.8000000000000000E+01
# disorder configuration = 1
# stripe magnitudes =   0.3806656599999903E+00   0.5868669999999865E-01
# expected mean locnem =  -0.5658488637853535E+00
# measured mean locnem =  -0.8827064800000000E+00
# ix iy iz isite occu <s(isite)> <locnem(isite)>
     0      0      0      0   1   0.3940000000E-02  -0.5971200000E+00
     1      0      0      1   1  -0.2120000000E-02  -0.1890760000E+01
     2      0      0      2   1   0.1660000000E-02  -0.2187640000E+01
     3      0      0      3   1  -0.2360000000E-02  -0.1249080000E+01
     4      0      0      4   1   0.3600000000E-03  -0.1528480000E+01
     5      0      0      5   1  -0.1240000000E-02  -0.1602700000E+01
     6      0      0      6   1  -0.2840000000E-02  -0.1594460000E+01
     7      0      0      7   1   0.1280000000E-02  -0.7409000000E+00
     8      0      0      8   1   0.8000000000E-03  -0.4902600000E+00
     9      0      0      9   1   0.1000000000E-03   0.5636000000E-01
     0      1      0     10   1   0.1000000000E-02   0.8211200000E+00
     1      1      0     11   1   0.2800000000E-03  -0.3480400000E+00
     2      1      0     12   1   0.4220000000E-02  -0.1711740000E+01
     3      1      0     13   1  -0.1640000000E-02  -0.1243600000E+01
     4      1      0     14   1  -0.3380000000E-02  -0.1139900000E+01
     5      1      0     15   1   0.1460000000E-02  -0.1185540000E+01
     6      1      0     16   1   0.4580000000E-02  -0.1207540000E+01
     7      1      0     17   1  -0.1140000000E-02  -0.3571400000E+00
     8      1      0     18   1  -0.2340000000E-02  -0.2330000000E+00
     9      1      0     19   1   0.2300000000E-02   0.1792000000E+00
     0      2      0     20   1  -0.1560000000E-02   0.6051000000E+00
     1      2      0     21   1  -0.4300000000E-02  -0.2924400000E+00
     2      2      0     22   1   0.5840000000E-02  -0.1401540000E+01
     3      2      0     23   1   0.2000000000E-02  -0.1443960000E+01
     4      2      0     24   1  -0.5120000000E-02  -0.1048380000E+01
     5      2      0     25   1   0.1940000000E-02  -0.1405960000E+01
     6      2      0     26   1  -0.9000000000E-03  -0.7092200000E+00
     7      2      0     27   1   0.2200000000E-03   0.1385460000E+01
     8      2      0     28   1   0.1320000000E-02   0.1733380000E+01
     9      2      0     29   1  -0.4000000000E-04   0.1088620000E+01
     0      3      0     30   1  -0.4040000000E-02  -0.3346800000E+00
     1      3      0     31   1   0.6880000000E-02  -0.8526800000E+00
     2      3      0     32   1   0.2980000000E-02  -0.1044660000E+01
     3      3      0     33   1  -0.1880000000E-02  -0.1342660000E+01
     4      3      0     34   1  -0.3860000000E-02  -0.8597000000E+00
     5      3      0     35   1   0.2680000000E-02  -0.6945400000E+00
     6      3      0     36   1  -0.4000000000E-03   0.8166200000E+00
     7      3      0     37   1   0.1000000000E-03   0.2660700000E+01
     8      3      0     38   1  -0.1820000000E-02   0.2923600000E+01
     9      3      0     39   1   0.2080000000E-02   0.1998080000E+01
     0      4      0     40   1  -0.2120000000E-02  -0.6586200000E+00
     1      4      0     41   1  -0.3040000000E-02  -0.1239700000E+01
     2      4      0     42   1   0.6140000000E-02  -0.1257900000E+01
     3      4      0     43   1   0.3020000000E-02  -0.8726400000E+00
     4      4      0     44   1   0.3700000000E-02   0.6868000000E-01
     5      4      0     45   1   0.4980000000E-02   0.1016340000E+01
     6      4      0     46   1   0.2020000000E-02   0.1977080000E+01
     7      4      0     47   1   0.9800000000E-03   0.2623420000E+01
     8      4      0     48   1  -0.2180000000E-02   0.2869780000E+01
     9      4      0     49   1  -0.8200000000E-03   0.2087080000E+01
     0      5      0     50   1   0.2120000000E-02  -0.4455400000E+00
     1      5      0     51   1  -0.5520000000E-02  -0.1314980000E+01
     2      5      0     52   1   0.5540000000E-02  -0.1692400000E+01
     3      5      0     53   1  -0.2120000000E-02  -0.1412500000E+01
     4      5      0     54   1   0.2340000000E-02  -0.8625000000E+00
     5      5      0     55   1  -0.3060000000E-02  -0.3133600000E+00
     6      5      0     56   1  -0.3840000000E-02   0.6614400000E+00
     7      5      0     57   1   0.2000000000E-03   0.1243420000E+01
     8      5      0     58   1  -0.7200000000E-03   0.1743480000E+01
     9      5      0     59   1   0.6600000000E-03   0.1299160000E+01
     0      6      0     60   1   0.1400000000E-02  -0.9857600000E+00
     1      6      0     61   1  -0.4160000000E-02  -0.1694300000E+01
     2      6      0     62   1  -0.1140000000E-02  -0.2250380000E+01
     3      6      0     63   1  -0.8800000000E-03  -0.2285800000E+01
     4      6      0     64   1   0.4580000000E-02  -0.1563960000E+01
     5      6      0     65   1  -0.2640000000E-02  -0.1559160000E+01
     6      6      0     66   1   0.5600000000E-03  -0.9807200000E+00
     7      6      0     67   1   0.2880000000E-02  -0.1371800000E+00
     8      6      0     68   1  -0.2880000000E-02   0.1639200000E+00
     9      6      0     69   1   0.2300000000E-02  -0.4735400000E+00
     0      7      0     70   1   0.1180000000E-02  -0.1285260000E+01
     1      7      0     71   1   0.2320000000E-02  -0.2237820000E+01
     2      7      0     72   1  -0.2400000000E-02  -0.3097980000E+01
     3      7      0     73   1   0.1960000000E-02  -0.3363240000E+01
     4      7      0     74   1   0.6200000000E-03  -0.3089020000E+01
     5      7      0     75   1   0.4000000000E-04  -0.2814280000E+01
     6      7      0     76   1   0.8000000000E-03  -0.2203120000E+01
     7      7      0     77   1  -0.1340000000E-02  -0.1771200000E+01
     8      7      0     78   1  -0.6600000000E-03  -0.1802260000E+01
     9      7      0     79   1  -0.3360000000E-02  -0.1612280000E+01
     0      8      0     80   1   0.1900000000E-02  -0.1746220000E+01
     1      8      0     81   1  -0.3240000000E-02  -0.2223460000E+01
     2      8      0     82   1  -0.1400000000E-02  -0.2951560000E+01
     3      8      0     83   1   0.9800000000E-03  -0.3364140000E+01
     4      8      0     84   1   0.1400000000E-02  -0.3456440000E+01
     5      8      0     85   1  -0.8200000000E-03  -0.3338700000E+01
     6      8      0     86   1  -0.1300000000E-02  -0.2990200000E+01
     7      8      0     87   1   0.2060000000E-02  -0.2692960000E+01
     8      8      0     88   1   0.9600000000E-03  -0.2612240000E+01
     9      8      0     89   1  -0.5400000000E-03  -0.2050580000E+01
     0      9      0     90   1   0.5140000000E-02  -0.1400400000E+01
     1      9      0     91   1   0.1200000000E-02  -0.1714440000E+01
     2      9      0     92   1   0.1780000000E-02  -0.2176160000E+01
     3      9      0     93   1   0.2340000000E-02  -0.2383220000E+01
     4      9      0     94   1  -0.2200000000E-03  -0.2879180000E+01
     5      9      0     95   1  -0.4000000000E-03  -0.2974440000E+01
     6      9      0     96   1  -0.8400000000E-03  -0.2787340000E+01
     7      9      0     97   1   0.1000000000E-02  -0.2082840000E+01
     8      9      0     98   1   0.1860000000E-02  -0.2021080000E+01
     9      9      0     99   1  -0.1800000000E-02  -0.1376480000E+01
     0      0      1    100   1   0.4580000000E-02  -0.2789540000E+01
     1      0      1    101   1  -0.3440000000E-02  -0.2642620000E+01
     2      0      1    102   1  -0.2520000000E-02  -0.1848480000E+01
     3      0      1    103   1  -0.6940000000E-02  -0.6628000000E-01
     4      0      1    104   1  -0.3400000000E-02  -0.3214400000E+00
     5      0      1    105   1   0.2040000000E-02  -0.1565940000E+01
     6      0      1    106   1   0.4600000000E-03  -0.2717160000E+01
     7      0      1    107   1  -0.1300000000E-02  -0.3026580000E+01
     8      0      1    108   1   0.5360000000E-02  -0.2878780000E+01
     9      0      1    109   1  -0.2180000000E-02  -0.2695320000E+01
     0      1      1    110   1   0.3640000000E-02  -0.2338900000E+01
     1      1      1    111   1  -0.2440000000E-02  -0.1523060000E+01
     2      1      1    112   1   0.1400000000E-03  -0.3704400000E+00
     3      1      1    113   1  -0.2100000000E-02  -0.1911400000E+00
     4      1      1    114   1   0.1780000000E-02  -0.1255920000E+01
     5      1      1    115   1   0.1180000000E-02  -0.1760000000E+01
     6      1      1    116   1   0.4100000000E-02  -0.2249720000E+01
     7      1      1    117   1  -0.1760000000E-02  -0.1938600000E+01
     8      1      1    118   1   0.5480000000E-02  -0.2076460000E+01
     9      1      1    119   1  -0.2880000000E-02  -0.2014920000E+01
     0      2      1    120   1   0.4400000000E-03  -0.1311600000E+01
     1      2      1    121   1   0.3600000000E-03  -0.2209400000E+00
     2      2      1    122   1   0.1800000000E-03   0.5576400000E+00
     3      2      1    123   1   0.1560000000E-02   0.3792800000E+00
     4      2      1    124   1  -0.1360000000E-02  -0.9638400000E+00
     5      2      1    125   1  -0.3200000000E-03  -0.1881820000E+01
     6      2      1    126   1   0.1400000000E-02  -0.1037780000E+01
     7      2      1    127   1  -0.6240000000E-02   0.3812000000E+00
     8      2      1    128   1   0.1260000000E-02  -0.2274000000E-01
     9      2      1    129   1  -0.3380000000E-02  -0.2176400000E+00
     0      3      1    130   1  -0.2820000000E-02  -0.7208400000E+00
     1      3      1    131   1  -0.6360000000E-02   0.6553800000E+00
     2      3      1    132   1  -0.7540000000E-02   0.1228940000E+01
     3      3      1    133   1   0.2720000000E-02   0.1507680000E+01
     4      3      1    134   1   0.4180000000E-02   0.6453000000E+00
     5      3      1    135   1   0.5000000000E-02  -0.7937000000E+00
     6      3      1    136   1  -0.6800000000E-03  -0.2752000000E-01
     7      3      1    137   1   0.3400000000E-03   0.1318780000E+01
     8      3      1    138   1  -0.1080000000E-02   0.1545120000E+01
     9      3      1    139   1  -0.1900000000E-02   0.1146980000E+01
     0      4      1    140   1  -0.3900000000E-02  -0.4626600000E+00
     1      4      1    141   1   0.5800000000E-03   0.8647200000E+00
     2      4      1    142   1   0.3640000000E-02   0.1441420000E+01
     3      4      1    143   1  -0.1160000000E-02   0.1759140000E+01
     4      4      1    144   1   0.2180000000E-02   0.1476820000E+01
     5      4      1    145   1   0.4000000000E-02   0.8320000000E-02
     6      4      1    146   1  -0.3800000000E-03  -0.2937800000E+00
     7      4      1    147   1  -0.2940000000E-02   0.1466180000E+01
     8      4      1    148   1  -0.8200000000E-03   0.2190620000E+01
     9      4      1    149   1  -0.3380000000E-02   0.1296280000E+01
     0      5      1    150   1  -0.6160000000E-02  -0.6198000000E+00
     1      5      1    151   1  -0.1980000000E-02   0.6105600000E+00
     2      5      1    152   1   0.3540000000E-02   0.9053600000E+00
     3      5      1    153   1   0.1320000000E-02   0.3460400000E+00
     4      5      1    154   1  -0.3600000000E-03   0.6401600000E+00
     5      5      1    155   1  -0.6800000000E-02   0.2282000000E-01
     6      5      1    156   1   0.1440000000E-02  -0.1314860000E+01
     7      5      1    157   1  -0.1120000000E-02  -0.5276800000E+00
     8      5      1    158   1   0.5820000000E-02   0.9144000000E+00
     9      5      1    159   1   0.2500000000E-02   0.2570000000E-01
     0      6      1    160   1  -0.3900000000E-02  -0.5004200000E+00
     1      6      1    161   1  -0.1440000000E-02  -0.5058400000E+00
     2      6      1    162   1  -0.9340000000E-02  -0.4185200000E+00
     3      6      1    163   1  -0.3420000000E-02  -0.1599080000E+01
     4      6      1    164   1   0.1580000000E-02  -0.1616860000E+01
     5      6      1    165   1   0.2460000000E-02  -0.1611880000E+01
     6      6      1    166   1   0.5760000000E-02  -0.2307400000E+01
     7      6      1    167   1  -0.3600000000E-02  -0.2175900000E+01
     8      6      1    168   1   0.6000000000E-02  -0.2996800000E+00
     9      6      1    169   1  -0.2000000000E-04  -0.2633200000E+00
     0      7      1    170   1   0.4520000000E-02  -0.1402860000E+01
     1      7      1    171   1   0.5000000000E-03  -0.2076840000E+01
     2      7      1    172   1  -0.1320000000E-02  -0.2101480000E+01
     3      7      1    173   1  -0.2240000000E-02  -0.2988920000E+01
     4      7      1    174   1   0.1020000000E-02  -0.3193260000E+01
     5      7      1    175   1  -0.1300000000E-02  -0.3170860000E+01
     6      7      1    176   1   0.7800000000E-03  -0.3262280000E+01
     7      7      1    177   1  -0.2700000000E-02  -0.3035400000E+01
     8      7      1    178   1   0.2000000000E-03  -0.1316060000E+01
     9      7      1    179   1   0.1720000000E-02  -0.2494800000E+00
     0      8      1    180   1   0.3000000000E-03  -0.2297060000E+01
     1      8      1    181   1  -0.8800000000E-03  -0.2684560000E+01
     2      8      1    182   1   0.4000000000E-04  -0.2908280000E+01
     3      8      1    183   1  -0.5600000000E-03  -0.2863280000E+01
     4      8      1    184   1   0.9400000000E-03  -0.2902940000E+01
     5      8      1    185   1  -0.2000000000E-03  -0.3206740000E+01
     6      8      1    186   1   0.2080000000E-02  -0.3460480000E+01
     7      8      1    187   1  -0.3580000000E-02  -0.3488820000E+01
     8      8      1    188   1   0.9200000000E-03  -0.2682220000E+01
     9      8      1    189   1  -0.1700000000E-02  -0.1289680000E+01
     0      9      1    190   1   0.1520000000E-02  -0.2819300000E+01
     1      9      1    191   1  -0.4800000000E-03  -0.2638160000E+01
     2      9      1    192   1  -0.1640000000E-02  -0.2434980000E+01
     3      9      1    193   1   0.2220000000E-02  -0.9032600000E+00
     4      9      1    194   1   0.3600000000E-03  -0.6964600000E+00
     5      9      1    195   1   0.2540000000E-02  -0.1851920000E+01
     6      9      1    196   1   0.1240000000E-02  -0.3011280000E+01
     7      9      1    197   1  -0.2040000000E-02  -0.3405780000E+01
     8      9      1    198   1   0.8200000000E-03  -0.3257700000E+01
     9      9      1    199   1  -0.5340000000E-02  -0.2631020000E+01
     0      0      2    200   1  -0.1940000000E-02  -0.1611400000E+01
     1      0      2    201   1   0.5400000000E-02  -0.1827000000E+00
     2      0      2    202   1   0.7800000000E-03   0.7542400000E+00
     3      0      2    203   1  -0.2080000000E-02   0.1025520000E+01
     4      0      2    204   1  -0.2320000000E-02   0.4485400000E+00
     5      0      2    205   1  -0.8060000000E-02   0.5810200000E+00
     6      0      2    206   1  -0.9800000000E-03   0.5267000000E+00
     7      0      2    207   1  -0.1800000000E-03  -0.1770000000E+01
     8      0      2    208   1   0.2160000000E-02  -0.2895700000E+01
     9      0      2    209   1  -0.2180000000E-02  -0.2594460000E+01
     0      1      2    210   1  -0.1840000000E-02  -0.7079200000E+00
     1      1      2    211   1  -0.1500000000E-02   0.7001800000E+00
     2      1      2    212   1  -0.4940000000E-02   0.1292780000E+01
     3      1      2    213   1   0.3340000000E-02   0.2163600000E+00
     4      1      2    214   1  -0.1200000000E-03  -0.1002060000E+01
     5      1      2    215   1   0.4800000000E-03   0.4246000000E-01
     6      1      2    216   1  -0.1620000000E-02   0.1012820000E+01
     7      1      2    217   1  -0.6780000000E-02  -0.8108800000E+00
     8      1      2    218   1   0.4940000000E-02  -0.2051660000E+01
     9      1      2    219   1  -0.1440000000E-02  -0.1614920000E+01
     0      2      2    220   1  -0.3320000000E-02  -0.5348000000E-01
     1      2      2    221   1   0.7600000000E-03   0.9820800000E+00
     2      2      2    222   1  -0.3320000000E-02   0.1364540000E+01
     3      2      2    223   1   0.1100000000E-02   0.3587400000E+00
     4      2      2    224   1  -0.8400000000E-03  -0.1061360000E+01
     5      2      2    225   1   0.8200000000E-03  -0.7087000000E+00
     6      2      2    226   1  -0.1380000000E-02   0.7009800000E+00
     7      2      2    227   1  -0.4500000000E-02   0.2965200000E+00
     8      2      2    228   1   0.3840000000E-02  -0.2663200000E+00
     9      2      2    229   1  -0.3040000000E-02   0.2358000000E-01
     0      3      2    230   1   0.1440000000E-02  -0.4877000000E+00
     1      3      2    231   1   0.3000000000E-03   0.1330200000E+00
     2      3      2    232   1  -0.7800000000E-03   0.5805800000E+00
     3      3      2    233   1  -0.3120000000E-02   0.6438400000E+00
     4      3      2    234   1  -0.5080000000E-02  -0.1463600000E+00
     5      3      2    235   1   0.5000000000E-02  -0.3533600000E+00
     6      3      2    236   1   0.3200000000E-03   0.8909200000E+00
     7      3      2    237   1  -0.3200000000E-02   0.1413820000E+01
     8      3      2    238   1   0.4120000000E-02   0.1042640000E+01
     9      3      2    239   1  -0.2180000000E-02   0.3097400000E+00
     0      4      2    240   1  -0.4200000000E-03  -0.1900000000E+00
     1      4      2    241   1  -0.4800000000E-03   0.6174200000E+00
     2      4      2    242   1  -0.1040000000E-02   0.5527800000E+00
     3      4      2    243   1   0.5040000000E-02   0.5359800000E+00
     4      4      2    244   1   0.4360000000E-02   0.1371200000E+01
     5      4      2    245   1   0.3540000000E-02   0.8956400000E+00
     6      4      2    246   1  -0.2660000000E-02   0.6384800000E+00
     7      4      2    247   1   0.4000000000E-03   0.1365520000E+01
     8      4      2    248   1  -0.1700000000E-02   0.1488780000E+01
     9      4      2    249   1  -0.4180000000E-02   0.5661000000E+00
     0      5      2    250   1  -0.1340000000E-02  -0.2489400000E+00
     1      5      2    251   1  -0.1620000000E-02   0.2682600000E+00
     2      5      2    252   1  -0.2160000000E-02   0.4183200000E+00
     3      5      2    253   1   0.2020000000E-02  -0.4476800000E+00
     4      5      2    254   1   0.1100000000E-02   0.1033820000E+01
     5      5      2    255   1  -0.1300000000E-02   0.4965200000E+00
     6      5      2    256   1  -0.1460000000E-02  -0.1078800000E+01
     7      5      2    257   1  -0.1200000000E-03  -0.5880800000E+00
     8      5      2    258   1   0.2440000000E-02   0.4784800000E+00
     9      5      2    259   1   0.3600000000E-02   0.2994600000E+00
     0      6      2    260   1   0.1820000000E-02  -0.7426200000E+00
     1      6      2    261   1   0.2000000000E-02  -0.8064600000E+00
     2      6      2    262   1   0.4080000000E-02  -0.7884800000E+00
     3      6      2    263   1  -0.2060000000E-02  -0.2157120000E+01
     4      6      2    264   1  -0.7800000000E-03  -0.1674500000E+01
     5      6      2    265   1   0.1800000000E-03  -0.1781760000E+01
     6      6      2    266   1   0.2400000000E-03  -0.2705820000E+01
     7      6      2    267   1  -0.2860000000E-02  -0.2540580000E+01
     8      6      2    268   1  -0.2060000000E-02  -0.1151920000E+01
     9      6      2    269   1   0.7000000000E-03  -0.3937000000E+00
     0      7      2    270   1   0.4140000000E-02  -0.2896600000E+00
     1      7      2    271   1   0.3300000000E-02  -0.4068800000E+00
     2      7      2    272   1   0.3940000000E-02  -0.1457000000E+01
     3      7      2    273   1  -0.1920000000E-02  -0.2705580000E+01
     4      7      2    274   1   0.2920000000E-02  -0.2923480000E+01
     5      7      2    275   1   0.2080000000E-02  -0.3093400000E+01
     6      7      2    276   1   0.3000000000E-02  -0.3479620000E+01
     7      7      2    277   1  -0.1960000000E-02  -0.3351920000E+01
     8      7      2    278   1   0.1720000000E-02  -0.2057200000E+01
     9      7      2    279   1  -0.2300000000E-02  -0.3674200000E+00
     0      8      2    280   1  -0.1040000000E-02  -0.1355300000E+01
     1      8      2    281   1  -0.1480000000E-02  -0.9391200000E+00
     2      8      2    282   1   0.3100000000E-02  -0.1747140000E+01
     3      8      2    283   1  -0.1260000000E-02  -0.2012560000E+01
     4      8      2    284   1   0.2780000000E-02  -0.2445640000E+01
     5      8      2    285   1  -0.7400000000E-03  -0.2805880000E+01
     6      8      2    286   1   0.1980000000E-02  -0.3346160000E+01
     7      8      2    287   1   0.2000000000E-04  -0.3529700000E+01
     8      8      2    288   1   0.8000000000E-04  -0.2983280000E+01
     9      8      2    289   1   0.2260000000E-02  -0.1921780000E+01
     0      9      2    290   1  -0.7000000000E-03  -0.1841620000E+01
     1      9      2    291   1  -0.2560000000E-02  -0.6350800000E+00
     2      9      2    292   1   0.2100000000E-02  -0.2837200000E+00
     3      9      2    293   1  -0.2280000000E-02   0.2770800000E+00
     4      9      2    294   1  -0.4400000000E-03  -0.3977800000E+00
     5      9      2    295   1  -0.6000000000E-02  -0.1029000000E+01
     6      9      2    296   1   0.1000000000E-02  -0.1830800000E+01
     7      9      2    297   1  -0.2000000000E-03  -0.3075600000E+01
     8      9      2    298   1  -0.5200000000E-03  -0.3122800000E+01
     9      9      2    299   1  -0.8000000000E-04  -0.2701220000E+01
     0      0      3    300   1  -0.9800000000E-03   0.1434540000E+01
     1      0      3    301   1   0.5800000000E-03   0.2069340000E+01
     2      0      3    302   1  -0.4300000000E-02   0.1870220000E+01
     3      0      3    303   1  -0.2360000000E-02   0.1152720000E+01
     4      0      3    304   1  -0.2340000000E-02   0.5934200000E+00
     5      0      3    305   1  -0.2800000000E-02   0.7176200000E+00
     6      0      3    306   1  -0.2480000000E-02   0.1121840000E+01
     7      0      3    307   1  -0.1400000000E-02  -0.7126000000E+00
     8      0      3    308   1   0.9400000000E-03  -0.2287700000E+01
     9      0      3    309   1  -0.2800000000E-03  -0.8372800000E+00
     0      1      3    310   1  -0.3240000000E-02   0.1292920000E+01
     1      1      3    311   1  -0.2560000000E-02   0.2112340000E+01
     2      1      3    312   1  -0.6000000000E-03   0.1593940000E+01
     3      1      3    313   1   0.4300000000E-02  -0.1012600000E+00
     4      1      3    314   1   0.7800000000E-03  -0.1094100000E+01
     5      1      3    315   1  -0.1880000000E-02  -0.8231200000E+00
     6      1      3    316   1   0.6260000000E-02   0.3888600000E+00
     7      1      3    317   1   0.4200000000E-02  -0.4025400000E+00
     8      1      3    318   1   0.5200000000E-03  -0.1589080000E+01
     9      1      3    319   1  -0.3260000000E-02  -0.5661200000E+00
     0      2      3    320   1  -0.1680000000E-02   0.1119600000E+00
     1      2      3    321   1  -0.1560000000E-02   0.1037140000E+01
     2      2      3    322   1  -0.4220000000E-02   0.2774800000E+00
     3      2      3    323   1   0.2920000000E-02  -0.9990000000E+00
     4      2      3    324   1   0.3820000000E-02  -0.1289620000E+01
     5      2      3    325   1  -0.2800000000E-03  -0.1466940000E+01
     6      2      3    326   1  -0.9800000000E-03  -0.1370820000E+01
     7      2      3    327   1   0.2080000000E-02  -0.1296500000E+01
     8      2      3    328   1   0.3880000000E-02  -0.7633400000E+00
     9      2      3    329   1   0.3480000000E-02  -0.5044400000E+00
     0      3      3    330   1  -0.6400000000E-03  -0.9347600000E+00
     1      3      3    331   1  -0.1840000000E-02   0.4008000000E-01
     2      3      3    332   1  -0.8360000000E-02  -0.5818400000E+00
     3      3      3    333   1   0.3740000000E-02  -0.7217400000E+00
     4      3      3    334   1  -0.8000000000E-04  -0.2328400000E+00
     5      3      3    335   1  -0.1380000000E-02  -0.9496400000E+00
     6      3      3    336   1  -0.7200000000E-03  -0.1690660000E+01
     7      3      3    337   1  -0.1480000000E-02  -0.1034820000E+01
     8      3      3    338   1   0.1140000000E-02  -0.2039000000E+00
     9      3      3    339   1   0.2300000000E-02  -0.1132140000E+01
     0      4      3    340   1  -0.6000000000E-04  -0.1177880000E+01
     1      4      3    341   1   0.1520000000E-02  -0.2249200000E+00
     2      4      3    342   1   0.3520000000E-02  -0.4592400000E+00
     3      4      3    343   1   0.3940000000E-02  -0.1399400000E+00
     4      4      3    344   1  -0.8600000000E-03   0.1064540000E+01
     5      4      3    345   1  -0.4040000000E-02   0.5274000000E+00
     6      4      3    346   1  -0.5780000000E-02  -0.6127800000E+00
     7      4      3    347   1   0.1160000000E-02  -0.7766000000E+00
     8      4      3    348   1   0.3200000000E-03  -0.7639800000E+00
     9      4      3    349   1   0.2080000000E-02  -0.1462300000E+01
     0      5      3    350   1  -0.2080000000E-02  -0.7763800000E+00
     1      5      3    351   1  -0.1620000000E-02   0.2905000000E+00
     2      5      3    352   1  -0.1400000000E-03   0.2315400000E+00
     3      5      3    353   1   0.1400000000E-03  -0.1237200000E+00
     4      5      3    354   1   0.6240000000E-02   0.5859400000E+00
     5      5      3    355   1   0.1660000000E-02   0.5756800000E+00
     6      5      3    356   1   0.2940000000E-02  -0.4768400000E+00
     7      5      3    357   1  -0.9800000000E-03  -0.1202680000E+01
     8      5      3    358   1   0.2080000000E-02  -0.1076020000E+01
     9      5      3    359   1  -0.3000000000E-03  -0.8432000000E+00
     0      6      3    360   1  -0.1200000000E-02  -0.1122160000E+01
     1      6      3    361   1  -0.2400000000E-03   0.4958000000E-01
     2      6      3    362   1  -0.8600000000E-03   0.2356000000E-01
     3      6      3    363   1  -0.1240000000E-02  -0.9723400000E+00
     4      6      3    364   1   0.1240000000E-02  -0.1346600000E+01
     5      6      3    365   1  -0.2660000000E-02  -0.1572100000E+01
     6      6      3    366   1  -0.1800000000E-03  -0.2273940000E+01
     7      6      3    367   1  -0.2940000000E-02  -0.2438140000E+01
     8      6      3    368   1  -0.6600000000E-03  -0.2089420000E+01
     9      6      3    369   1   0.1200000000E-02  -0.1488240000E+01
     0      7      3    370   1   0.1320000000E-02  -0.1408180000E+01
     1      7      3    371   1  -0.5000000000E-03  -0.7520600000E+00
     2      7      3    372   1   0.4020000000E-02  -0.8538000000E+00
     3      7      3    373   1  -0.2380000000E-02  -0.1784340000E+01
     4      7      3    374   1   0.1400000000E-03  -0.2260540000E+01
     5      7      3    375   1  -0.1300000000E-02  -0.2733280000E+01
     6      7      3    376   1  -0.2800000000E-03  -0.3309460000E+01
     7      7      3    377   1   0.1120000000E-02  -0.3280640000E+01
     8      7      3    378   1   0.5600000000E-03  -0.2744760000E+01
     9      7      3    379   1  -0.3760000000E-02  -0.1931800000E+01
     0      8      3    380   1   0.2200000000E-02  -0.1725640000E+01
     1      8      3    381   1  -0.1240000000E-02  -0.9201400000E+00
     2      8      3    382   1   0.6200000000E-03  -0.1186280000E+01
     3      8      3    383   1   0.2500000000E-02  -0.1335280000E+01
     4      8      3    384   1  -0.9800000000E-03  -0.1178440000E+01
     5      8      3    385   1  -0.3200000000E-03  -0.2028700000E+01
     6      8      3    386   1  -0.2600000000E-03  -0.3248080000E+01
     7      8      3    387   1  -0.5000000000E-03  -0.3546500000E+01
     8      8      3    388   1  -0.6200000000E-03  -0.3255560000E+01
     9      8      3    389   1   0.2080000000E-02  -0.2613360000E+01
     0      9      3    390   1   0.4240000000E-02  -0.7014600000E+00
     1      9      3    391   1   0.1180000000E-02   0.3129400000E+00
     2      9      3    392   1   0.4760000000E-02   0.6132000000E-01
     3      9      3    393   1  -0.2140000000E-02   0.5547000000E+00
     4      9      3    394   1   0.3800000000E-02   0.9781800000E+00
     5      9      3    395   1   0.7320000000E-02   0.4698000000E-01
     6      9      3    396   1   0.6600000000E-03  -0.1612160000E+01
     7      9      3    397   1  -0.7800000000E-03  -0.2951220000E+01
     8      9      3    398   1  -0.3800000000E-03  -0.3229920000E+01
     9      9      3    399   1  -0.6600000000E-03  -0.2370500000E+01
     0      0      4    400   1   0.3120000000E-02   0.5196400000E+00
     1      0      4    401   1  -0.6600000000E-03   0.1813660000E+01
     2      0      4    402   1   0.1960000000E-02   0.1768760000E+01
     3      0      4    403   1  -0.3060000000E-02   0.1061740000E+01
     4      0      4    404   1  -0.4200000000E-03   0.1062020000E+01
     5      0      4    405   1  -0.7000000000E-03   0.1031000000E+01
     6      0      4    406   1  -0.3100000000E-02   0.1243520000E+01
     7      0      4    407   1   0.1200000000E-02  -0.7045000000E+00
     8      0      4    408   1  -0.1920000000E-02  -0.1778300000E+01
     9      0      4    409   1  -0.4640000000E-02  -0.1535440000E+01
     0      1      4    410   1   0.5200000000E-03   0.1088560000E+01
     1      1      4    411   1  -0.4460000000E-02   0.1669600000E+01
     2      1      4    412   1  -0.2420000000E-02   0.1062980000E+01
     3      1      4    413   1  -0.2740000000E-02   0.2965800000E+00
     4      1      4    414   1   0.4040000000E-02   0.3501400000E+00
     5      1      4    415   1   0.1160000000E-02  -0.1703600000E+00
     6      1      4    416   1   0.8800000000E-03   0.3516200000E+00
     7      1      4    417   1   0.3780000000E-02  -0.4142800000E+00
     8      1      4    418   1  -0.1800000000E-02  -0.1412180000E+01
     9      1      4    419   1  -0.1580000000E-02  -0.7426200000E+00
     0      2      4    420   1   0.5200000000E-02  -0.9532000000E-01
     1      2      4    421   1   0.9200000000E-03  -0.7338600000E+00
     2      2      4    422   1   0.1020000000E-02  -0.1066640000E+01
     3      2      4    423   1   0.3020000000E-02  -0.4893200000E+00
     4      2      4    424   1  -0.3740000000E-02  -0.2908400000E+00
     5      2      4    425   1   0.1260000000E-02  -0.1141360000E+01
     6      2      4    426   1  -0.2700000000E-02  -0.8573800000E+00
     7      2      4    427   1  -0.6280000000E-02  -0.4616600000E+00
     8      2      4    428   1  -0.2900000000E-02  -0.6673600000E+00
     9      2      4    429   1  -0.3020000000E-02  -0.1921600000E+00
     0      3      4    430   1   0.1660000000E-02  -0.5919200000E+00
     1      3      4    431   1   0.2460000000E-02  -0.1081020000E+01
     2      3      4    432   1  -0.4800000000E-03  -0.1235840000E+01
     3      3      4    433   1   0.5860000000E-02  -0.3319600000E+00
     4      3      4    434   1   0.1240000000E-02  -0.9452800000E+00
     5      3      4    435   1   0.6000000000E-03  -0.1326620000E+01
     6      3      4    436   1  -0.2560000000E-02  -0.1401640000E+01
     7      3      4    437   1  -0.2800000000E-03  -0.5206000000E+00
     8      3      4    438   1   0.3820000000E-02  -0.3830400000E+00
     9      3      4    439   1  -0.7400000000E-02  -0.1043940000E+01
     0      4      4    440   1  -0.3700000000E-02   0.1525000000E+00
     1      4      4    441   1  -0.8000000000E-03   0.1149800000E+00
     2      4      4    442   1   0.4540000000E-02  -0.7378000000E+00
     3      4      4    443   1  -0.1060000000E-02  -0.1280420000E+01
     4      4      4    444   1  -0.1800000000E-02  -0.1483080000E+01
     5      4      4    445   1  -0.4000000000E-03  -0.2164400000E+00
     6      4      4    446   1  -0.1180000000E-02  -0.5175800000E+00
     7      4      4    447   1   0.3780000000E-02  -0.4452200000E+00
     8      4      4    448   1   0.4580000000E-02  -0.5287000000E+00
     9      4      4    449   1  -0.2760000000E-02  -0.1152600000E+01
     0      5      4    450   1  -0.2760000000E-02   0.6548200000E+00
     1      5      4    451   1   0.0000000000E+00   0.6562800000E+00
     2      5      4    452   1   0.2780000000E-02  -0.2036200000E+00
     3      5      4    453   1  -0.5620000000E-02  -0.2110300000E+01
     4      5      4    454   1  -0.1400000000E-03  -0.2178880000E+01
     5      5      4    455   1  -0.2260000000E-02  -0.6197600000E+00
     6      5      4    456   1  -0.4760000000E-02  -0.6827600000E+00
     7      5      4    457   1   0.1300000000E-02  -0.4127600000E+00
     8      5      4    458   1   0.2020000000E-02   0.1493400000E+00
     9      5      4    459   1  -0.1200000000E-03  -0.2692800000E+00
     0      6      4    460   1   0.5480000000E-02  -0.3369200000E+00
     1      6      4    461   1  -0.4460000000E-02  -0.1280000000E+00
     2      6      4    462   1   0.1820000000E-02  -0.6907400000E+00
     3      6      4    463   1  -0.2280000000E-02  -0.2355240000E+01
     4      6      4    464   1   0.2200000000E-02  -0.2368300000E+01
     5      6      4    465   1   0.1460000000E-02  -0.1572320000E+01
     6      6      4    466   1   0.7000000000E-03  -0.1715640000E+01
     7      6      4    467   1   0.4720000000E-02  -0.1866620000E+01
     8      6      4    468   1  -0.3620000000E-02  -0.1384880000E+01
     9      6      4    469   1   0.1220000000E-02  -0.1270880000E+01
     0      7      4    470   1   0.1920000000E-02  -0.2064620000E+01
     1      7      4    471   1  -0.5020000000E-02  -0.1519580000E+01
     2      7      4    472   1   0.7400000000E-03  -0.1860700000E+01
     3      7      4    473   1   0.2320000000E-02  -0.2667940000E+01
     4      7      4    474   1  -0.7000000000E-03  -0.2506480000E+01
     5      7      4    475   1  -0.9200000000E-03  -0.2362760000E+01
     6      7      4    476   1  -0.1700000000E-02  -0.2867040000E+01
     7      7      4    477   1   0.2160000000E-02  -0.3174600000E+01
     8      7      4    478   1  -0.2800000000E-03  -0.3002480000E+01
     9      7      4    479   1  -0.3060000000E-02  -0.2743860000E+01
     0      8      4    480   1   0.2460000000E-02  -0.2876040000E+01
     1      8      4    481   1   0.1820000000E-02  -0.2054260000E+01
     2      8      4    482   1  -0.2180000000E-02  -0.2094240000E+01
     3      8      4    483   1   0.3780000000E-02  -0.2411760000E+01
     4      8      4    484   1  -0.2920000000E-02  -0.2425800000E+01
     5      8      4    485   1   0.1900000000E-02  -0.2535260000E+01
     6      8      4    486   1   0.2100000000E-02  -0.2803200000E+01
     7      8      4    487   1   0.9400000000E-03  -0.3297080000E+01
     8      8      4    488   1  -0.8000000000E-04  -0.3485960000E+01
     9      8      4    489   1  -0.2720000000E-02  -0.3342220000E+01
     0      9      4    490   1   0.3100000000E-02  -0.2290560000E+01
     1      9      4    491   1  -0.1160000000E-02  -0.1094240000E+01
     2      9      4    492   1  -0.2620000000E-02  -0.7525600000E+00
     3      9      4    493   1   0.1180000000E-02  -0.8653200000E+00
     4      9      4    494   1  -0.2580000000E-02  -0.7878800000E+00
     5      9      4    495   1  -0.4800000000E-03  -0.8560400000E+00
     6      9      4    496   1  -0.1660000000E-02  -0.7496600000E+00
     7      9      4    497   1   0.2940000000E-02  -0.2144300000E+01
     8      9      4    498   1  -0.2060000000E-02  -0.2939880000E+01
     9      9      4    499   1  -0.3740000000E-02  -0.3056840000E+01
     0      0      5    500   1   0.4960000000E-02   0.1015580000E+01
     1      0      5    501   1   0.3300000000E-02   0.1526880000E+01
     2      0      5    502   1   0.5860000000E-02   0.1270960000E+01
     3      0      5    503   1   0.2460000000E-02   0.1144940000E+01
     4      0      5    504   1  -0.2860000000E-02   0.5234000000E+00
     5      0      5    505   1  -0.6400000000E-03  -0.1337060000E+01
     6      0      5    506   1  -0.1020000000E-02  -0.4842200000E+00
     7      0      5    507   1  -0.1800000000E-03   0.5917800000E+00
     8      0      5    508   1   0.2080000000E-02  -0.6399000000E+00
     9      0      5    509   1   0.3360000000E-02  -0.1008500000E+01
     0      1      5    510   1  -0.4480000000E-02   0.1441620000E+01
     1      1      5    511   1  -0.3060000000E-02   0.1115480000E+01
     2      1      5    512   1   0.3580000000E-02   0.2055600000E+00
     3      1      5    513   1  -0.5000000000E-03   0.2000000000E-01
     4      1      5    514   1   0.4800000000E-03  -0.6884600000E+00
     5      1      5    515   1   0.6000000000E-03  -0.1715040000E+01
     6      1      5    516   1   0.3620000000E-02  -0.6495800000E+00
     7      1      5    517   1   0.9200000000E-03  -0.3984600000E+00
     8      1      5    518   1  -0.5520000000E-02  -0.1084240000E+01
     9      1      5    519   1   0.4000000000E-04  -0.7199600000E+00
     0      2      5    520   1  -0.1720000000E-02   0.5243000000E+00
     1      2      5    521   1   0.3120000000E-02  -0.2598600000E+00
     2      2      5    522   1  -0.4420000000E-02  -0.6165000000E+00
     3      2      5    523   1   0.1600000000E-03  -0.1165520000E+01
     4      2      5    524   1   0.7800000000E-03  -0.1756940000E+01
     5      2      5    525   1   0.3260000000E-02  -0.1832800000E+01
     6      2      5    526   1   0.1160000000E-02  -0.1173740000E+01
     7      2      5    527   1   0.1380000000E-02  -0.1141120000E+01
     8      2      5    528   1  -0.3400000000E-02  -0.1083700000E+01
     9      2      5    529   1   0.1920000000E-02  -0.5348200000E+00
     0      3      5    530   1   0.2340000000E-02  -0.6658000000E-01
     1      3      5    531   1   0.5420000000E-02  -0.1010800000E+01
     2      3      5    532   1  -0.5200000000E-03  -0.1965740000E+01
     3      3      5    533   1   0.2780000000E-02  -0.2677940000E+01
     4      3      5    534   1   0.6400000000E-03  -0.2791260000E+01
     5      3      5    535   1  -0.1060000000E-02  -0.2243320000E+01
     6      3      5    536   1   0.3200000000E-03  -0.1046360000E+01
     7      3      5    537   1   0.2080000000E-02  -0.2491600000E+00
     8      3      5    538   1   0.2960000000E-02  -0.1384000000E-01
     9      3      5    539   1   0.1260000000E-02  -0.1806200000E+00
     0      4      5    540   1  -0.1940000000E-02  -0.7916000000E+00
     1      4      5    541   1   0.3900000000E-02  -0.9105600000E+00
     2      4      5    542   1  -0.8000000000E-04  -0.2341780000E+01
     3      4      5    543   1   0.5800000000E-03  -0.3134140000E+01
     4      4      5    544   1   0.1160000000E-02  -0.2945160000E+01
     5      4      5    545   1   0.1740000000E-02  -0.1831400000E+01
     6      4      5    546   1   0.5580000000E-02  -0.4144000000E-01
     7      4      5    547   1   0.1460000000E-02   0.3106600000E+00
     8      4      5    548   1   0.2860000000E-02   0.1359800000E+00
     9      4      5    549   1  -0.1920000000E-02  -0.8758000000E+00
     0      5      5    550   1   0.5600000000E-03  -0.6519200000E+00
     1      5      5    551   1  -0.1600000000E-02  -0.2002600000E+00
     2      5      5    552   1  -0.1460000000E-02  -0.1804360000E+01
     3      5      5    553   1  -0.4400000000E-03  -0.3024820000E+01
     4      5      5    554   1   0.1000000000E-02  -0.2854440000E+01
     5      5      5    555   1   0.1560000000E-02  -0.1648160000E+01
     6      5      5    556   1  -0.3880000000E-02   0.3295200000E+00
     7      5      5    557   1  -0.2540000000E-02   0.3919600000E+00
     8      5      5    558   1  -0.2400000000E-02  -0.6609800000E+00
     9      5      5    559   1   0.1020000000E-02  -0.1545840000E+01
     0      6      5    560   1  -0.1360000000E-02  -0.1775560000E+01
     1      6      5    561   1   0.7000000000E-03  -0.8962400000E+00
     2      6      5    562   1  -0.2200000000E-02  -0.1809820000E+01
     3      6      5    563   1  -0.2580000000E-02  -0.2662980000E+01
     4      6      5    564   1  -0.8800000000E-03  -0.2095760000E+01
     5      6      5    565   1   0.2300000000E-02  -0.1180900000E+01
     6      6      5    566   1  -0.3840000000E-02  -0.9118800000E+00
     7      6      5    567   1   0.2100000000E-02  -0.1385920000E+01
     8      6      5    568   1  -0.1520000000E-02  -0.2401560000E+01
     9      6      5    569   1   0.0000000000E+00  -0.2750320000E+01
     0      7      5    570   1  -0.1300000000E-02  -0.3149240000E+01
     1      7      5    571   1  -0.2000000000E-03  -0.2375460000E+01
     2      7      5    572   1   0.4800000000E-03  -0.2454520000E+01
     3      7      5    573   1  -0.1260000000E-02  -0.2599380000E+01
     4      7      5    574   1   0.9200000000E-03  -0.2265960000E+01
     5      7      5    575   1   0.1500000000E-02  -0.2158600000E+01
     6      7      5    576   1   0.8000000000E-04  -0.2879220000E+01
     7      7      5    577   1  -0.6000000000E-04  -0.3293740000E+01
     8      7      5    578   1  -0.7400000000E-03  -0.3562620000E+01
     9      7      5    579   1   0.1300000000E-02  -0.3581700000E+01
     0      8      5    580   1  -0.3800000000E-03  -0.3496340000E+01
     1      8      5    581   1   0.1740000000E-02  -0.2917120000E+01
     2      8      5    582   1  -0.5400000000E-03  -0.2676880000E+01
     3      8      5    583   1   0.7600000000E-03  -0.2686120000E+01
     4      8      5    584   1   0.1600000000E-03  -0.2734760000E+01
     5      8      5    585   1  -0.9000000000E-03  -0.2952740000E+01
     6      8      5    586   1  -0.1020000000E-02  -0.3444220000E+01
     7      8      5    587   1   0.1140000000E-02  -0.3615300000E+01
     8      8      5    588   1  -0.1020000000E-02  -0.3710900000E+01
     9      8      5    589   1   0.1220000000E-02  -0.3716000000E+01
     0      9      5    590   1   0.1480000000E-02  -0.2559320000E+01
     1      9      5    591   1   0.2800000000E-02  -0.2043740000E+01
     2      9      5    592   1  -0.1860000000E-02  -0.1657960000E+01
     3      9      5    593   1  -0.6000000000E-03  -0.1795860000E+01
     4      9      5    594   1   0.1220000000E-02  -0.2070400000E+01
     5      9      5    595   1   0.7400000000E-03  -0.2892580000E+01
     6      9      5    596   1  -0.5800000000E-03  -0.2828780000E+01
     7      9      5    597   1  -0.1960000000E-02  -0.2465020000E+01
     8      9      5    598   1  -0.2360000000E-02  -0.2975640000E+01
     9      9      5    599   1   0.6600000000E-03  -0.3170220000E+01
     0      0      6    600   1  -0.4660000000E-02   0.8636200000E+00
     1      0      6    601   1  -0.2080000000E-02   0.9745000000E+00
     2      0      6    602   1   0.2300000000E-02   0.6991000000E+00
     3      0      6    603   1   0.8400000000E-03   0.2308400000E+00
     4      0      6    604   1  -0.2260000000E-02  -0.1251960000E+01
     5      0      6    605   1  -0.8200000000E-03  -0.2505120000E+01
     6      0      6    606   1  -0.1860000000E-02  -0.2964900000E+01
     7      0      6    607   1  -0.1000000000E-03  -0.2447360000E+01
     8      0      6    608   1   0.1820000000E-02  -0.1604880000E+01
     9      0      6    609   1   0.3100000000E-02  -0.3474600000E+00
     0      1      6    610   1  -0.4600000000E-03   0.4260000000E+00
     1      1      6    611   1   0.6000000000E-04   0.1382000000E-01
     2      1      6    612   1   0.4760000000E-02  -0.2757600000E+00
     3      1      6    613   1   0.2600000000E-02  -0.2174200000E+00
     4      1      6    614   1  -0.2820000000E-02  -0.1247820000E+01
     5      1      6    615   1  -0.4200000000E-03  -0.1887380000E+01
     6      1      6    616   1   0.1040000000E-02  -0.1923200000E+01
     7      1      6    617   1  -0.1800000000E-03  -0.1327320000E+01
     8      1      6    618   1  -0.2620000000E-02  -0.1177080000E+01
     9      1      6    619   1  -0.1340000000E-02  -0.4333200000E+00
     0      2      6    620   1   0.1980000000E-02  -0.5683200000E+00
     1      2      6    621   1  -0.4880000000E-02  -0.1340000000E+00
     2      2      6    622   1  -0.6320000000E-02  -0.1897000000E+00
     3      2      6    623   1  -0.7240000000E-02  -0.8508600000E+00
     4      2      6    624   1  -0.8200000000E-03  -0.1854580000E+01
     5      2      6    625   1   0.7800000000E-03  -0.1382760000E+01
     6      2      6    626   1  -0.2820000000E-02  -0.8770000000E+00
     7      2      6    627   1  -0.4840000000E-02  -0.6923600000E+00
     8      2      6    628   1  -0.4300000000E-02  -0.6558400000E+00
     9      2      6    629   1  -0.7000000000E-03  -0.9172800000E+00
     0      3      6    630   1   0.4680000000E-02  -0.1937000000E+00
     1      3      6    631   1   0.6680000000E-02   0.5350600000E+00
     2      3      6    632   1   0.3740000000E-02   0.6124400000E+00
     3      3      6    633   1   0.6000000000E-03  -0.5747800000E+00
     4      3      6    634   1   0.3900000000E-02  -0.1706340000E+01
     5      3      6    635   1   0.1420000000E-02  -0.9395400000E+00
     6      3      6    636   1   0.3400000000E-03  -0.6830200000E+00
     7      3      6    637   1  -0.1780000000E-02  -0.5117000000E+00
     8      3      6    638   1  -0.6400000000E-03   0.5864600000E+00
     9      3      6    639   1   0.1580000000E-02   0.2227600000E+00
     0      4      6    640   1  -0.4200000000E-03  -0.1049560000E+01
     1      4      6    641   1  -0.2040000000E-02  -0.6093600000E+00
     2      4      6    642   1   0.3600000000E-03  -0.8682000000E+00
     3      4      6    643   1   0.3260000000E-02  -0.1682200000E+01
     4      4      6    644   1  -0.1860000000E-02  -0.1790980000E+01
     5      4      6    645   1  -0.2200000000E-02  -0.4791600000E+00
     6      4      6    646   1   0.3480000000E-02   0.1924000000E-01
     7      4      6    647   1   0.1200000000E-03   0.1289800000E+00
     8      4      6    648   1   0.2160000000E-02   0.4371000000E+00
     9      4      6    649   1  -0.4380000000E-02  -0.5445600000E+00
     0      5      6    650   1   0.1800000000E-03  -0.1891040000E+01
     1      5      6    651   1  -0.3900000000E-02  -0.2090660000E+01
     2      5      6    652   1   0.0000000000E+00  -0.2485320000E+01
     3      5      6    653   1  -0.7800000000E-03  -0.2731480000E+01
     4      5      6    654   1   0.8600000000E-03  -0.1988720000E+01
     5      5      6    655   1  -0.2800000000E-03   0.2654000000E-01
     6      5      6    656   1  -0.1700000000E-02   0.1214800000E+01
     7      5      6    657   1  -0.1720000000E-02   0.9921800000E+00
     8      5      6    658   1  -0.6160000000E-02  -0.3706600000E+00
     9      5      6    659   1   0.2800000000E-02  -0.1593880000E+01
     0      6      6    660   1  -0.1200000000E-02  -0.3087120000E+01
     1      6      6    661   1   0.2320000000E-02  -0.2983900000E+01
     2      6      6    662   1  -0.4440000000E-02  -0.2830760000E+01
     3      6      6    663   1  -0.6000000000E-03  -0.2411260000E+01
     4      6      6    664   1   0.2880000000E-02  -0.1452540000E+01
     5      6      6    665   1  -0.3820000000E-02   0.6341000000E+00
     6      6      6    666   1   0.4280000000E-02   0.4875200000E+00
     7      6      6    667   1   0.1440000000E-02  -0.8241200000E+00
     8      6      6    668   1  -0.2180000000E-02  -0.2227600000E+01
     9      6      6    669   1   0.2040000000E-02  -0.2885040000E+01
     0      7      6    670   1  -0.2200000000E-03  -0.3697600000E+01
     1      7      6    671   1   0.1480000000E-02  -0.3414740000E+01
     2      7      6    672   1  -0.2920000000E-02  -0.2724820000E+01
     3      7      6    673   1   0.2320000000E-02  -0.1463640000E+01
     4      7      6    674   1   0.7000000000E-03  -0.9585600000E+00
     5      7      6    675   1  -0.3260000000E-02   0.3017200000E+00
     6      7      6    676   1  -0.2560000000E-02  -0.1572120000E+01
     7      7      6    677   1   0.1000000000E-03  -0.2977080000E+01
     8      7      6    678   1   0.1280000000E-02  -0.3459960000E+01
     9      7      6    679   1  -0.3800000000E-03  -0.3672900000E+01
     0      8      6    680   1   0.4200000000E-03  -0.3749320000E+01
     1      8      6    681   1  -0.1120000000E-02  -0.3516920000E+01
     2      8      6    682   1  -0.2540000000E-02  -0.3076000000E+01
     3      8      6    683   1  -0.6000000000E-04  -0.2438120000E+01
     4      8      6    684   1  -0.1900000000E-02  -0.2684800000E+01
     5      8      6    685   1  -0.1880000000E-02  -0.2348180000E+01
     6      8      6    686   1  -0.1360000000E-02  -0.3249420000E+01
     7      8      6    687   1   0.9600000000E-03  -0.3628420000E+01
     8      8      6    688   1   0.2000000000E-04  -0.3759340000E+01
     9      8      6    689   1   0.1240000000E-02  -0.3805900000E+01
     0      9      6    690   1   0.4600000000E-03  -0.2738840000E+01
     1      9      6    691   1  -0.6000000000E-03  -0.2532040000E+01
     2      9      6    692   1  -0.1940000000E-02  -0.2387760000E+01
     3      9      6    693   1   0.1840000000E-02  -0.2394880000E+01
     4      9      6    694   1  -0.1160000000E-02  -0.2895180000E+01
     5      9      6    695   1   0.5000000000E-03  -0.3275920000E+01
     6      9      6    696   1  -0.5800000000E-03  -0.3517020000E+01
     7      9      6    697   1   0.1620000000E-02  -0.3497700000E+01
     8      9      6    698   1  -0.1100000000E-02  -0.3311860000E+01
     9      9      6    699   1  -0.4400000000E-03  -0.3102060000E+01
     0      0      7    700   1  -0.4580000000E-02   0.6026000000E-01
     1      0      7    701   1  -0.1920000000E-02   0.7917800000E+00
     2      0      7    702   1  -0.3960000000E-02   0.1036980000E+01
     3      0      7    703   1  -0.4320000000E-02   0.6680000000E-01
     4      0      7    704   1   0.4280000000E-02  -0.1593220000E+01
     5      0      7    705   1   0.3800000000E-03  -0.1716280000E+01
     6      0      7    706   1   0.1500000000E-02  -0.4034000000E+00
     7      0      7    707   1  -0.1900000000E-02  -0.4015600000E+00
     8      0      7    708   1   0.4200000000E-02  -0.1408040000E+01
     9      0      7    709   1  -0.2400000000E-03  -0.1219620000E+01
     0      1      7    710   1   0.1260000000E-02   0.4669600000E+00
     1      1      7    711   1  -0.2900000000E-02   0.4654000000E+00
     2      1      7    712   1   0.6860000000E-02   0.7506000000E+00
     3      1      7    713   1   0.5120000000E-02   0.2715600000E+00
     4      1      7    714   1   0.3920000000E-02  -0.1089520000E+01
     5      1      7    715   1  -0.1600000000E-03  -0.5360400000E+00
     6      1      7    716   1   0.7400000000E-03   0.9034200000E+00
     7      1      7    717   1  -0.5560000000E-02   0.4552200000E+00
     8      1      7    718   1   0.1820000000E-02  -0.7843800000E+00
     9      1      7    719   1   0.1580000000E-02  -0.6064000000E-01
     0      2      7    720   1  -0.3780000000E-02  -0.1852800000E+00
     1      2      7    721   1  -0.3200000000E-02  -0.1089000000E+00
     2      2      7    722   1  -0.2460000000E-02   0.1162000000E-01
     3      2      7    723   1   0.3300000000E-02  -0.3350000000E+00
     4      2      7    724   1   0.5200000000E-03  -0.1088660000E+01
     5      2      7    725   1  -0.2960000000E-02  -0.2137200000E+00
     6      2      7    726   1  -0.2000000000E-03   0.1018520000E+01
     7      2      7    727   1   0.1200000000E-03   0.6798600000E+00
     8      2      7    728   1   0.6200000000E-02  -0.3113600000E+00
     9      2      7    729   1   0.4160000000E-02   0.1752600000E+00
     0      3      7    730   1  -0.1100000000E-02   0.1808200000E+00
     1      3      7    731   1  -0.3600000000E-03  -0.2391800000E+00
     2      3      7    732   1   0.2940000000E-02  -0.9330000000E-01
     3      3      7    733   1   0.2340000000E-02   0.2384600000E+00
     4      3      7    734   1  -0.2000000000E-03  -0.6711600000E+00
     5      3      7    735   1   0.1480000000E-02  -0.3649000000E+00
     6      3      7    736   1   0.7380000000E-02  -0.3590000000E-01
     7      3      7    737   1   0.1220000000E-02  -0.4664000000E-01
     8      3      7    738   1   0.4420000000E-02  -0.1146400000E+00
     9      3      7    739   1  -0.4380000000E-02   0.1895400000E+00
     0      4      7    740   1  -0.5400000000E-03   0.3694000000E-01
     1      4      7    741   1  -0.4780000000E-02  -0.5530800000E+00
     2      4      7    742   1   0.5620000000E-02   0.8434000000E-01
     3      4      7    743   1   0.1940000000E-02   0.6991000000E+00
     4      4      7    744   1   0.6600000000E-03  -0.3671600000E+00
     5      4      7    745   1  -0.7720000000E-02  -0.6280400000E+00
     6      4      7    746   1   0.1000000000E-02  -0.9308800000E+00
     7      4      7    747   1  -0.1240000000E-02  -0.6931600000E+00
     8      4      7    748   1  -0.2400000000E-02   0.3571200000E+00
     9      4      7    749   1   0.1380000000E-02   0.5534200000E+00
     0      5      7    750   1  -0.2520000000E-02  -0.1286920000E+01
     1      5      7    751   1  -0.5720000000E-02  -0.1453140000E+01
     2      5      7    752   1   0.2160000000E-02  -0.3582800000E+00
     3      5      7    753   1   0.2480000000E-02  -0.1482800000E+00
     4      5      7    754   1   0.3000000000E-03  -0.3733000000E+00
     5      5      7    755   1  -0.5380000000E-02  -0.6682000000E+00
     6      5      7    756   1   0.2860000000E-02  -0.7133200000E+00
     7      5      7    757   1  -0.3700000000E-02  -0.1019620000E+01
     8      5      7    758   1  -0.6800000000E-03  -0.3886400000E+00
     9      5      7    759   1   0.2820000000E-02   0.1537400000E+00
     0      6      7    760   1  -0.1960000000E-02  -0.2311700000E+01
     1      6      7    761   1   0.2360000000E-02  -0.1673840000E+01
     2      6      7    762   1  -0.1260000000E-02  -0.2718600000E+00
     3      6      7    763   1  -0.1920000000E-02  -0.5727600000E+00
     4      6      7    764   1   0.1660000000E-02  -0.4692200000E+00
     5      6      7    765   1  -0.1920000000E-02  -0.4043600000E+00
     6      6      7    766   1   0.1920000000E-02  -0.9778400000E+00
     7      6      7    767   1  -0.1960000000E-02  -0.1736760000E+01
     8      6      7    768   1  -0.1240000000E-02  -0.2034400000E+01
     9      6      7    769   1  -0.1120000000E-02  -0.1545420000E+01
     0      7      7    770   1  -0.5400000000E-03  -0.3413000000E+01
     1      7      7    771   1  -0.9800000000E-03  -0.2924580000E+01
     2      7      7    772   1  -0.4500000000E-02  -0.1540660000E+01
     3      7      7    773   1  -0.9200000000E-03  -0.5391600000E+00
     4      7      7    774   1  -0.4800000000E-03  -0.2223600000E+00
     5      7      7    775   1  -0.3000000000E-02  -0.2327400000E+00
     6      7      7    776   1  -0.1400000000E-03  -0.1713240000E+01
     7      7      7    777   1  -0.7000000000E-03  -0.2651680000E+01
     8      7      7    778   1   0.1600000000E-03  -0.3280720000E+01
     9      7      7    779   1  -0.1160000000E-02  -0.3322400000E+01
     0      8      7    780   1  -0.8200000000E-03  -0.3570220000E+01
     1      8      7    781   1  -0.1260000000E-02  -0.3133800000E+01
     2      8      7    782   1  -0.3180000000E-02  -0.2541340000E+01
     3      8      7    783   1   0.1780000000E-02  -0.2208800000E+01
     4      8      7    784   1   0.1400000000E-03  -0.2410420000E+01
     5      8      7    785   1  -0.1040000000E-02  -0.2457060000E+01
     6      8      7    786   1   0.5800000000E-03  -0.3111340000E+01
     7      8      7    787   1   0.1580000000E-02  -0.3451640000E+01
     8      8      7    788   1   0.5000000000E-03  -0.3700240000E+01
     9      8      7    789   1  -0.5000000000E-03  -0.3721020000E+01
     0      9      7    790   1   0.4400000000E-03  -0.2787400000E+01
     1      9      7    791   1   0.1860000000E-02  -0.2275580000E+01
     2      9      7    792   1  -0.6000000000E-03  -0.2019240000E+01
     3      9      7    793   1   0.9200000000E-03  -0.2345860000E+01
     4      9      7    794   1   0.1560000000E-02  -0.2718560000E+01
     5      9      7    795   1  -0.1100000000E-02  -0.2782960000E+01
     6      9      7    796   1  -0.2200000000E-03  -0.2732280000E+01
     7      9      7    797   1  -0.1180000000E-02  -0.2933460000E+01
     8      9      7    798   1   0.4400000000E-03  -0.3266100000E+01
     9      9      7    799   1   0.5800000000E-03  -0.3257780000E+01
     0      0      8    800   1  -0.4000000000E-03   0.9055200000E+00
     1      0      8    801   1   0.2020000000E-02   0.5021600000E+00
     2      0      8    802   1   0.2800000000E-03   0.3670000000E+00
     3      0      8    803   1  -0.2760000000E-02   0.1051720000E+01
     4      0      8    804   1   0.1740000000E-02   0.1144340000E+01
     5      0      8    805   1   0.2200000000E-02   0.1032240000E+01
     6      0      8    806   1   0.3800000000E-02   0.1388240000E+01
     7      0      8    807   1   0.2140000000E-02   0.1506500000E+01
     8      0      8    808   1   0.5800000000E-03   0.8196200000E+00
     9      0      8    809   1   0.2380000000E-02   0.6070400000E+00
     0      1      8    810   1   0.2120000000E-02   0.1727980000E+01
     1      1      8    811   1   0.1000000000E-02   0.1710460000E+01
     2      1      8    812   1   0.9200000000E-03   0.1753560000E+01
     3      1      8    813   1   0.5040000000E-02   0.1743460000E+01
     4      1      8    814   1   0.3060000000E-02   0.1504900000E+01
     5      1      8    815   1  -0.2780000000E-02   0.1541940000E+01
     6      1      8    816   1   0.9000000000E-03   0.1985380000E+01
     7      1      8    817   1   0.2200000000E-03   0.1603280000E+01
     8      1      8    818   1   0.3740000000E-02   0.5308800000E+00
     9      1      8    819   1   0.2420000000E-02   0.8978400000E+00
     0      2      8    820   1  -0.6480000000E-02   0.1253180000E+01
     1      2      8    821   1  -0.6600000000E-02   0.1393280000E+01
     2      2      8    822   1  -0.7200000000E-02   0.1170260000E+01
     3      2      8    823   1   0.3800000000E-02   0.9531800000E+00
     4      2      8    824   1   0.1000000000E-03   0.1119620000E+01
     5      2      8    825   1   0.3100000000E-02   0.6046600000E+00
     6      2      8    826   1   0.2340000000E-02   0.1175820000E+01
     7      2      8    827   1  -0.2600000000E-03   0.1189960000E+01
     8      2      8    828   1   0.2380000000E-02   0.7026800000E+00
     9      2      8    829   1   0.4920000000E-02   0.5222000000E+00
     0      3      8    830   1   0.2140000000E-02   0.1748200000E+01
     1      3      8    831   1   0.2800000000E-02   0.1190880000E+01
     2      3      8    832   1   0.1900000000E-02   0.9696400000E+00
     3      3      8    833   1   0.1040000000E-02   0.1126640000E+01
     4      3      8    834   1  -0.4380000000E-02   0.1031060000E+01
     5      3      8    835   1  -0.1200000000E-03  -0.2978600000E+00
     6      3      8    836   1   0.5120000000E-02  -0.8255600000E+00
     7      3      8    837   1   0.5000000000E-03  -0.4739200000E+00
     8      3      8    838   1  -0.2880000000E-02   0.1235900000E+01
     9      3      8    839   1  -0.1600000000E-03   0.1642640000E+01
     0      4      8    840   1  -0.3240000000E-02   0.7852800000E+00
     1      4      8    841   1   0.1880000000E-02   0.6186600000E+00
     2      4      8    842   1  -0.3320000000E-02   0.1332800000E+01
     3      4      8    843   1   0.1200000000E-03   0.1316420000E+01
     4      4      8    844   1   0.5240000000E-02  -0.8210000000E-01
     5      4      8    845   1  -0.4620000000E-02  -0.1358140000E+01
     6      4      8    846   1   0.2160000000E-02  -0.1963980000E+01
     7      4      8    847   1  -0.2020000000E-02  -0.1263940000E+01
     8      4      8    848   1   0.2100000000E-02   0.1326880000E+01
     9      4      8    849   1  -0.1060000000E-02   0.1921960000E+01
     0      5      8    850   1   0.1920000000E-02  -0.4819400000E+00
     1      5      8    851   1   0.2340000000E-02  -0.2112800000E+00
     2      5      8    852   1   0.2540000000E-02   0.7078000000E+00
     3      5      8    853   1  -0.1500000000E-02   0.1911400000E+00
     4      5      8    854   1   0.5500000000E-02  -0.1599860000E+01
     5      5      8    855   1  -0.5780000000E-02  -0.2077420000E+01
     6      5      8    856   1   0.4860000000E-02  -0.2036720000E+01
     7      5      8    857   1  -0.1740000000E-02  -0.1598580000E+01
     8      5      8    858   1   0.5800000000E-02   0.3750600000E+00
     9      5      8    859   1   0.5340000000E-02   0.1133660000E+01
     0      6      8    860   1   0.1000000000E-03  -0.1900040000E+01
     1      6      8    861   1  -0.4200000000E-03  -0.1317260000E+01
     2      6      8    862   1  -0.9200000000E-03  -0.9645400000E+00
     3      6      8    863   1  -0.3000000000E-03  -0.9209600000E+00
     4      6      8    864   1   0.1780000000E-02  -0.1599460000E+01
     5      6      8    865   1  -0.4800000000E-03  -0.1454640000E+01
     6      6      8    866   1   0.1600000000E-02  -0.1147200000E+01
     7      6      8    867   1   0.3940000000E-02  -0.1174760000E+01
     8      6      8    868   1   0.8400000000E-03  -0.1219160000E+01
     9      6      8    869   1   0.2120000000E-02  -0.1330560000E+01
     0      7      8    870   1  -0.3780000000E-02  -0.3058480000E+01
     1      7      8    871   1   0.1300000000E-02  -0.2680440000E+01
     2      7      8    872   1  -0.6160000000E-02  -0.2498860000E+01
     3      7      8    873   1  -0.3600000000E-03  -0.1725680000E+01
     4      7      8    874   1  -0.2020000000E-02  -0.1559040000E+01
     5      7      8    875   1   0.2960000000E-02  -0.1416080000E+01
     6      7      8    876   1   0.1920000000E-02  -0.1336020000E+01
     7      7      8    877   1  -0.5800000000E-03  -0.1078040000E+01
     8      7      8    878   1  -0.1300000000E-02  -0.1922800000E+01
     9      7      8    879   1   0.1440000000E-02  -0.2829880000E+01
     0      8      8    880   1  -0.3680000000E-02  -0.3293300000E+01
     1      8      8    881   1   0.1640000000E-02  -0.2994140000E+01
     2      8      8    882   1  -0.2720000000E-02  -0.2914380000E+01
     3      8      8    883   1   0.3000000000E-02  -0.2100880000E+01
     4      8      8    884   1  -0.1860000000E-02  -0.1689440000E+01
     5      8      8    885   1   0.1060000000E-02  -0.1818980000E+01
     6      8      8    886   1   0.2480000000E-02  -0.2007700000E+01
     7      8      8    887   1  -0.6840000000E-02  -0.1790900000E+01
     8      8      8    888   1  -0.2180000000E-02  -0.2298660000E+01
     9      8      8    889   1   0.2800000000E-03  -0.3087460000E+01
     0      9      8    890   1  -0.3240000000E-02  -0.2294560000E+01
     1      9      8    891   1   0.1600000000E-02  -0.2322720000E+01
     2      9      8    892   1  -0.2380000000E-02  -0.2466100000E+01
     3      9      8    893   1   0.1260000000E-02  -0.1869220000E+01
     4      9      8    894   1   0.1400000000E-02  -0.1404340000E+01
     5      9      8    895   1   0.1320000000E-02  -0.1433300000E+01
     6      9      8    896   1   0.3640000000E-02  -0.1396740000E+01
     7      9      8    897   1  -0.1540000000E-02  -0.1348180000E+01
     8      9      8    898   1   0.2760000000E-02  -0.1742020000E+01
     9      9      8    899   1  -0.2040000000E-02  -0.2275940000E+01
     0      0      9    900   1   0.5720000000E-02   0.7566600000E+00
     1      0      9    901   1   0.5020000000E-02  -0.5411000000E+00
     2      0      9    902   1   0.2440000000E-02  -0.8234600000E+00
     3      0      9    903   1  -0.2020000000E-02   0.4292600000E+00
     4      0      9    904   1   0.2540000000E-02   0.1020120000E+01
     5      0      9    905   1  -0.9800000000E-03   0.9369400000E+00
     6      0      9    906   1  -0.1080000000E-02   0.1283920000E+01
     7      0      9    907   1  -0.1620000000E-02   0.1129300000E+01
     8      0      9    908   1  -0.9400000000E-03   0.1693260000E+01
     9      0      9    909   1   0.4040000000E-02   0.1351540000E+01
     0      1      9    910   1   0.6400000000E-03   0.2092180000E+01
     1      1      9    911   1   0.4600000000E-03   0.1753260000E+01
     2      1      9    912   1  -0.1380000000E-02   0.1889060000E+01
     3      1      9    913   1   0.1500000000E-02   0.2344680000E+01
     4      1      9    914   1   0.1200000000E-02   0.1960640000E+01
     5      1      9    915   1   0.2920000000E-02   0.9002000000E+00
     6      1      9    916   1  -0.8800000000E-03   0.8216600000E+00
     7      1      9    917   1  -0.2960000000E-02   0.3878200000E+00
     8      1      9    918   1  -0.3660000000E-02   0.1373300000E+01
     9      1      9    919   1  -0.3960000000E-02   0.1765920000E+01
     0      2      9    920   1  -0.1960000000E-02   0.2109720000E+01
     1      2      9    921   1  -0.3540000000E-02   0.2292780000E+01
     2      2      9    922   1  -0.6600000000E-03   0.2287220000E+01
     3      2      9    923   1   0.1120000000E-02   0.2139940000E+01
     4      2      9    924   1   0.9200000000E-03   0.1813680000E+01
     5      2      9    925   1  -0.2740000000E-02   0.8445800000E+00
     6      2      9    926   1  -0.2000000000E-04   0.4789200000E+00
     7      2      9    927   1  -0.1300000000E-02   0.2663600000E+00
     8      2      9    928   1  -0.4400000000E-02   0.1375080000E+01
     9      2      9    929   1  -0.1020000000E-02   0.1622920000E+01
     0      3      9    930   1   0.5160000000E-02   0.2139320000E+01
     1      3      9    931   1   0.1980000000E-02   0.2168000000E+01
     2      3      9    932   1   0.1340000000E-02   0.2140300000E+01
     3      3      9    933   1   0.7000000000E-03   0.1736460000E+01
     4      3      9    934   1   0.6600000000E-03   0.1334200000E+01
     5      3      9    935   1  -0.2800000000E-02  -0.3050800000E+00
     6      3      9    936   1   0.2240000000E-02  -0.3415200000E+00
     7      3      9    937   1   0.4940000000E-02   0.6321600000E+00
     8      3      9    938   1   0.3940000000E-02   0.1932180000E+01
     9      3      9    939   1   0.1600000000E-02   0.2107180000E+01
     0      4      9    940   1  -0.1780000000E-02   0.1697360000E+01
     1      4      9    941   1  -0.3360000000E-02   0.1505300000E+01
     2      4      9    942   1  -0.1920000000E-02   0.1727780000E+01
     3      4      9    943   1  -0.2660000000E-02   0.1483720000E+01
     4      4      9    944   1   0.1900000000E-02   0.1490400000E+00
     5      4      9    945   1   0.8000000000E-03  -0.1327020000E+01
     6      4      9    946   1   0.1800000000E-02  -0.7512800000E+00
     7      4      9    947   1   0.1480000000E-02   0.4677400000E+00
     8      4      9    948   1  -0.2800000000E-03   0.2099640000E+01
     9      4      9    949   1  -0.2140000000E-02   0.2357160000E+01
     0      5      9    950   1   0.1340000000E-02   0.5971600000E+00
     1      5      9    951   1  -0.1780000000E-02  -0.4408200000E+00
     2      5      9    952   1   0.5800000000E-03  -0.9552000000E-01
     3      5      9    953   1  -0.1560000000E-02  -0.8302000000E-01
     4      5      9    954   1   0.3200000000E-02  -0.1315760000E+01
     5      5      9    955   1  -0.2000000000E-02  -0.1676080000E+01
     6      5      9    956   1   0.3440000000E-02  -0.1419900000E+01
     7      5      9    957   1   0.3360000000E-02  -0.3963600000E+00
     8      5      9    958   1   0.1920000000E-02   0.1581060000E+01
     9      5      9    959   1   0.2340000000E-02   0.2058100000E+01
     0      6      9    960   1   0.2060000000E-02  -0.2889200000E+00
     1      6      9    961   1   0.1500000000E-02  -0.1923820000E+01
     2      6      9    962   1   0.9400000000E-03  -0.2362060000E+01
     3      6      9    963   1  -0.2860000000E-02  -0.2224620000E+01
     4      6      9    964   1   0.2620000000E-02  -0.1828660000E+01
     5      6      9    965   1   0.9600000000E-03  -0.8447600000E+00
     6      6      9    966   1   0.5000000000E-03  -0.1030920000E+01
     7      6      9    967   1   0.5200000000E-02  -0.7167000000E+00
     8      6      9    968   1   0.2160000000E-02   0.3017800000E+00
     9      6      9    969   1   0.2580000000E-02   0.8972400000E+00
     0      7      9    970   1   0.4300000000E-02  -0.1684720000E+01
     1      7      9    971   1   0.2320000000E-02  -0.2631280000E+01
     2      7      9    972   1  -0.2960000000E-02  -0.2978240000E+01
     3      7      9    973   1  -0.5400000000E-03  -0.3014540000E+01
     4      7      9    974   1   0.2040000000E-02  -0.2483220000E+01
     5      7      9    975   1  -0.1040000000E-02  -0.1665860000E+01
     6      7      9    976   1  -0.4000000000E-03  -0.1504940000E+01
     7      7      9    977   1  -0.1080000000E-02  -0.8356400000E+00
     8      7      9    978   1   0.3600000000E-03  -0.7874600000E+00
     9      7      9    979   1  -0.3360000000E-02  -0.8021200000E+00
     0      8      9    980   1  -0.1580000000E-02  -0.2446700000E+01
     1      8      9    981   1   0.1680000000E-02  -0.2957460000E+01
     2      8      9    982   1  -0.1200000000E-02  -0.2862480000E+01
     3      8      9    983   1  -0.6400000000E-03  -0.2876740000E+01
     4      8      9    984   1   0.1800000000E-03  -0.2268420000E+01
     5      8      9    985   1  -0.1000000000E-03  -0.1618660000E+01
     6      8      9    986   1  -0.1600000000E-03  -0.1043060000E+01
     7      8      9    987   1  -0.1960000000E-02  -0.4269400000E+00
     8      8      9    988   1  -0.1980000000E-02   0.8122000000E-01
     9      8      9    989   1  -0.1000000000E-02  -0.5662000000E+00
     0      9      9    990   1   0.1400000000E-02  -0.1873740000E+01
     1      9      9    991   1   0.5200000000E-03  -0.2333340000E+01
     2      9      9    992   1   0.1200000000E-03  -0.2406380000E+01
     3      9      9    993   1   0.1460000000E-02  -0.2166180000E+01
     4      9      9    994   1   0.2480000000E-02  -0.1680220000E+01
     5      9      9    995   1  -0.4000000000E-03  -0.1035600000E+01
     6      9      9    996   1   0.7600000000E-03  -0.2919200000E+00
     7      9      9    997   1  -0.1200000000E-03   0.1348000000E-01
     8      9      9    998   1   0.2180000000E-02   0.6551200000E+00
     9      9      9    999   1  -0.2360000000E-02  -0.2973800000E+00
