 program J1J2_6          
 spatial system size               56
 J1                         1.0000000000000000     
 deltaJ1                    0.0000000000000000     
 J2                        -1.0000000000000000     
 J3                         1.0000000000000000     
 phi, xi                        2.0000000000000000        3.0000000000000000     
 impurity conc.             0.0000000000000000     
 impurity mode           RAN
 start                   STR
 stripe axis             Y
 sampler mode            PT   
 update order            SEQ
 temperature protocol    INDEP
 PT start mode           COMMON
 PT ladder mode          LINEAR
 PT replicas                       64
 PT swap every                      5
 PT measure index                   1
 disorder configurations            2
 equilibration steps          1000000
 measurement steps             500000
 RNG seed                        9055
 ------------------------
 disorder configurations processed            2
    T      [<mag>]      [<mag>^2]      std.mag/sqrt(iconf)      [<susc>] .     std.susc/sqrt(iconf)      [<Binder>]      std.bin/sqrt(iconf) [log <mag>]  Global.Binder
 0.800000E+01 0.147415E-02 0.217346E-05 0.130616E-04 0.271213E-01 0.468149E-03 0.468164E-02 0.748862E-03 -.651975E+01 0.412092E-02
 0.805556E+01 0.148087E-02 0.219334E-05 0.136581E-04 0.272483E-01 0.452326E-03 0.333631E-02 0.208564E-02 -.651521E+01 0.285487E-02
 0.811111E+01 0.148743E-02 0.221272E-05 0.116415E-04 0.273476E-01 0.424695E-03 0.643112E-03 0.607689E-03 -.651077E+01 0.194204E-03
 0.816667E+01 0.149322E-02 0.222998E-05 0.117796E-04 0.273467E-01 0.410115E-03 0.715572E-03 0.803267E-04 -.650688E+01 0.240846E-03
 0.822222E+01 0.149896E-02 0.224712E-05 0.111718E-04 0.274652E-01 0.389398E-03 -.180109E-02 0.123275E-02 -.650304E+01 -.215833E-02
 0.827778E+01 0.150559E-02 0.226694E-05 0.841628E-05 0.274478E-01 0.273015E-03 0.714310E-03 0.237321E-02 -.649860E+01 0.586018E-03
 0.833333E+01 0.151043E-02 0.228152E-05 0.815439E-05 0.273646E-01 0.310508E-03 0.283357E-02 0.790560E-03 -.649539E+01 0.255764E-02
 0.838889E+01 0.151657E-02 0.230007E-05 0.686482E-05 0.274366E-01 0.201390E-03 0.207675E-02 0.145246E-04 -.649133E+01 0.193438E-02
 0.844444E+01 0.152205E-02 0.231670E-05 0.586563E-05 0.274704E-01 0.172885E-03 0.546487E-03 0.191314E-02 -.648771E+01 0.498090E-03
 0.850000E+01 0.152660E-02 0.233054E-05 0.311786E-05 0.274406E-01 0.666443E-04 0.168122E-02 0.225606E-02 -.648471E+01 0.168843E-02
 0.855556E+01 0.153320E-02 0.235069E-05 0.843514E-06 0.275406E-01 0.282956E-04 -.899218E-03 0.910774E-03 -.648040E+01 -.905438E-03
 0.861111E+01 0.153720E-02 0.236299E-05 0.594133E-06 0.274649E-01 0.616491E-05 0.663197E-03 0.641500E-03 -.647779E+01 0.664011E-03
 0.866667E+01 0.154675E-02 0.239242E-05 0.615739E-06 0.276881E-01 0.216819E-04 -.859253E-03 0.601564E-03 -.647160E+01 -.858602E-03
 0.872222E+01 0.155341E-02 0.241309E-05 0.163845E-05 0.276858E-01 0.675333E-04 0.221171E-02 0.254809E-02 -.646730E+01 0.222451E-02
 0.877778E+01 0.155810E-02 0.242769E-05 0.353820E-05 0.277012E-01 0.472998E-04 0.110035E-02 0.392716E-02 -.646430E+01 0.113087E-02
 0.883333E+01 0.156881E-02 0.246118E-05 0.266263E-05 0.278998E-01 0.779244E-04 0.795068E-03 0.607611E-03 -.645744E+01 0.782628E-03
 0.888889E+01 0.157538E-02 0.248184E-05 0.344102E-05 0.280356E-01 0.134580E-03 -.409632E-03 0.504585E-03 -.645327E+01 -.459744E-03
 0.894444E+01 0.158212E-02 0.250314E-05 0.445857E-05 0.280434E-01 0.185549E-03 0.131131E-02 0.207658E-02 -.644900E+01 0.118982E-02
 0.900000E+01 0.159187E-02 0.253407E-05 0.197933E-05 0.281749E-01 0.135848E-03 0.916982E-03 0.263496E-02 -.644285E+01 0.859625E-03
 0.905556E+01 0.159674E-02 0.254960E-05 0.426719E-05 0.282571E-01 0.104268E-03 -.745789E-03 0.100423E-02 -.643980E+01 -.771762E-03
 0.911111E+01 0.160430E-02 0.257377E-05 0.110266E-05 0.283234E-01 0.692784E-04 0.531671E-03 0.177346E-03 -.643507E+01 0.524199E-03
 0.916667E+01 0.160910E-02 0.258923E-05 0.219954E-05 0.283315E-01 0.454126E-04 -.197744E-02 0.172046E-02 -.643208E+01 -.197226E-02
 0.922222E+01 0.161896E-02 0.262103E-05 0.107205E-05 0.284762E-01 0.437296E-04 -.670434E-03 0.567458E-04 -.642597E+01 -.674681E-03
 0.927778E+01 0.162440E-02 0.263868E-05 0.211379E-05 0.285077E-01 0.601462E-04 0.506590E-03 0.150393E-02 -.642262E+01 0.480270E-03
 0.933333E+01 0.162740E-02 0.264842E-05 0.676490E-06 0.284853E-01 0.203412E-04 -.101786E-02 0.888437E-03 -.642077E+01 -.102190E-02
 0.938889E+01 0.163310E-02 0.266700E-05 0.970669E-06 0.284904E-01 0.119931E-04 0.124211E-02 0.739441E-04 -.641728E+01 0.124019E-02
 0.944444E+01 0.164128E-02 0.269380E-05 0.700093E-06 0.285029E-01 0.323455E-04 0.219832E-02 0.344201E-03 -.641228E+01 0.219518E-02
 0.950000E+01 0.164620E-02 0.270999E-05 0.177543E-05 0.285780E-01 0.268606E-04 0.942671E-04 0.112249E-02 -.640929E+01 0.960858E-04
 0.955556E+01 0.165110E-02 0.272612E-05 0.311461E-06 0.286980E-01 0.143172E-04 -.336637E-02 0.117465E-02 -.640631E+01 -.336474E-02
 0.961111E+01 0.165662E-02 0.274439E-05 0.171724E-05 0.286547E-01 0.726186E-05 -.260583E-03 0.178333E-02 -.640298E+01 -.254500E-03
 0.966667E+01 0.166295E-02 0.276540E-05 0.227784E-06 0.286777E-01 0.324088E-04 0.221773E-02 0.122436E-02 -.639916E+01 0.221646E-02
 0.972222E+01 0.167067E-02 0.279113E-05 0.116372E-06 0.288043E-01 0.878218E-05 -.242524E-02 0.231602E-03 -.639453E+01 -.242522E-02
 0.977778E+01 0.167396E-02 0.280213E-05 0.455632E-07 0.287748E-01 0.421239E-05 -.840048E-03 0.267120E-03 -.639257E+01 -.840028E-03
 0.983333E+01 0.168124E-02 0.282657E-05 0.187519E-05 0.287938E-01 0.103756E-03 0.229169E-02 0.146840E-02 -.638823E+01 0.226079E-02
 0.988889E+01 0.168439E-02 0.283716E-05 0.400671E-06 0.287379E-01 0.419627E-04 0.144901E-02 0.395821E-04 -.638635E+01 0.144775E-02
 0.994444E+01 0.169281E-02 0.286559E-05 0.473767E-06 0.288256E-01 0.109911E-04 0.262108E-02 0.191236E-03 -.638137E+01 0.262097E-02
 0.100000E+02 0.169621E-02 0.287714E-05 0.242961E-05 0.288282E-01 0.829606E-04 0.196805E-02 0.767028E-04 -.637936E+01 0.195074E-02
 0.100556E+02 0.170346E-02 0.290179E-05 0.190821E-06 0.288864E-01 0.215726E-04 0.160838E-02 0.974715E-03 -.637509E+01 0.160643E-02
 0.101111E+02 0.170550E-02 0.290875E-05 0.116217E-05 0.288443E-01 0.105090E-03 -.102247E-03 0.256525E-02 -.637389E+01 -.134343E-03
 0.101667E+02 0.171489E-02 0.294084E-05 0.733866E-06 0.289846E-01 0.140621E-04 0.169858E-02 0.240613E-03 -.636841E+01 0.169684E-02
 0.102222E+02 0.171562E-02 0.294336E-05 0.390452E-06 0.288551E-01 0.347392E-06 0.187309E-02 0.424474E-03 -.636798E+01 0.187244E-02
 0.102778E+02 0.172013E-02 0.295884E-05 0.172750E-05 0.288582E-01 0.416615E-05 -.183744E-04 0.170950E-02 -.636536E+01 -.128159E-04
 0.103333E+02 0.172469E-02 0.297454E-05 0.105005E-05 0.288493E-01 0.550504E-04 0.396832E-04 0.310373E-03 -.636271E+01 0.335468E-04
 0.103889E+02 0.172908E-02 0.298971E-05 0.297650E-06 0.288643E-01 0.428481E-05 0.300928E-03 0.550036E-04 -.636017E+01 0.300910E-03
 0.104444E+02 0.173331E-02 0.300437E-05 0.257694E-05 0.288486E-01 0.882852E-04 -.147996E-02 0.227729E-03 -.635773E+01 -.150079E-02
 0.105000E+02 0.173667E-02 0.301603E-05 0.346394E-06 0.288180E-01 0.269228E-04 -.767542E-03 0.135458E-02 -.635578E+01 -.771463E-03
 0.105556E+02 0.174308E-02 0.303832E-05 0.310253E-06 0.288198E-01 0.786164E-05 0.101247E-02 0.475201E-03 -.635210E+01 0.101268E-02
 0.106111E+02 0.174668E-02 0.305088E-05 0.630017E-06 0.287963E-01 0.463910E-04 0.194819E-02 0.138767E-02 -.635004E+01 0.194021E-02
 0.106667E+02 0.175194E-02 0.306930E-05 0.697017E-06 0.288052E-01 0.560037E-04 -.701047E-03 0.173112E-03 -.634703E+01 -.704830E-03
 0.107222E+02 0.175678E-02 0.308627E-05 0.519644E-06 0.288083E-01 0.597346E-05 0.104836E-02 0.118755E-02 -.634427E+01 0.105010E-02
 0.107778E+02 0.175828E-02 0.309156E-05 0.176954E-06 0.287956E-01 0.658871E-04 -.961837E-03 0.204462E-02 -.634342E+01 -.971537E-03
 0.108333E+02 0.176311E-02 0.310857E-05 0.646606E-06 0.287510E-01 0.876265E-05 -.886687E-03 0.866236E-03 -.634067E+01 -.885706E-03
 0.108889E+02 0.176561E-02 0.311738E-05 0.639390E-06 0.287055E-01 0.620727E-04 0.290361E-03 0.948584E-03 -.633926E+01 0.282520E-03
 0.109444E+02 0.176854E-02 0.312772E-05 0.112389E-05 0.286778E-01 0.216435E-04 -.198910E-02 0.158317E-03 -.633760E+01 -.199214E-02
 0.110000E+02 0.177228E-02 0.314098E-05 0.162225E-05 0.285828E-01 0.526490E-04 0.485895E-03 0.108458E-02 -.633549E+01 0.487125E-03
 0.110556E+02 0.177530E-02 0.315168E-05 0.104126E-05 0.286050E-01 0.166297E-04 -.231471E-02 0.152231E-02 -.633379E+01 -.231203E-02
 0.111111E+02 0.177860E-02 0.316341E-05 0.115215E-05 0.285671E-01 0.707944E-04 -.403118E-03 0.250475E-03 -.633193E+01 -.410804E-03
 0.111667E+02 0.178441E-02 0.318412E-05 0.191077E-05 0.286103E-01 0.314337E-04 -.180254E-02 0.111415E-02 -.632867E+01 -.180091E-02
 0.112222E+02 0.178522E-02 0.318702E-05 0.605568E-06 0.285368E-01 0.663489E-04 -.436491E-02 0.117451E-02 -.632821E+01 -.437419E-02
 0.112778E+02 0.179064E-02 0.320640E-05 0.142963E-05 0.285433E-01 0.626947E-04 -.140094E-02 0.545821E-03 -.632518E+01 -.140357E-02
 0.113333E+02 0.179340E-02 0.321629E-05 0.652621E-06 0.284813E-01 0.253705E-04 -.762381E-03 0.445195E-03 -.632364E+01 -.762219E-03
 0.113889E+02 0.179731E-02 0.323031E-05 0.278009E-06 0.284002E-01 0.120438E-04 0.134260E-02 0.492402E-03 -.632147E+01 0.134268E-02
 0.114444E+02 0.179919E-02 0.323709E-05 0.132188E-06 0.283686E-01 0.136428E-04 -.733500E-03 0.970541E-03 -.632042E+01 -.733829E-03
 0.115000E+02 0.179949E-02 0.323815E-05 0.151361E-05 0.282727E-01 0.709203E-04 -.170916E-02 0.922587E-03 -.632025E+01 -.172436E-02
