 iconf, T, nbar, nbar2, nbar4, nbinder
   1 0.800000E+01 -.336478E+00 0.113335E+00 0.128977E-01 0.665292E+00
   1 0.805556E+01 -.334808E+00 0.112214E+00 0.126443E-01 0.665278E+00
   1 0.811111E+01 -.333102E+00 0.111075E+00 0.123898E-01 0.665255E+00
   1 0.816667E+01 -.331416E+00 0.109955E+00 0.121421E-01 0.665231E+00
   1 0.822222E+01 -.329675E+00 0.108804E+00 0.118900E-01 0.665214E+00
   1 0.827778E+01 -.327958E+00 0.107675E+00 0.116452E-01 0.665194E+00
   1 0.833333E+01 -.326162E+00 0.106501E+00 0.113933E-01 0.665174E+00
   1 0.838889E+01 -.324399E+00 0.105354E+00 0.111500E-01 0.665153E+00
   1 0.844444E+01 -.322580E+00 0.104178E+00 0.109033E-01 0.665126E+00
   1 0.850000E+01 -.320717E+00 0.102980E+00 0.106544E-01 0.665110E+00
   1 0.855556E+01 -.318706E+00 0.101694E+00 0.103906E-01 0.665088E+00
   1 0.861111E+01 -.316596E+00 0.100353E+00 0.101188E-01 0.665074E+00
   1 0.866667E+01 -.314291E+00 0.988993E-01 0.982871E-02 0.665043E+00
   1 0.872222E+01 -.311947E+00 0.974311E-01 0.953972E-02 0.665019E+00
   1 0.877778E+01 -.309495E+00 0.959078E-01 0.924461E-02 0.664988E+00
   1 0.883333E+01 -.306938E+00 0.943313E-01 0.894384E-02 0.664964E+00
   1 0.888889E+01 -.304334E+00 0.927396E-01 0.864537E-02 0.664933E+00
   1 0.894444E+01 -.301597E+00 0.910812E-01 0.833972E-02 0.664901E+00
   1 0.900000E+01 -.298830E+00 0.894198E-01 0.803898E-02 0.664871E+00
   1 0.905556E+01 -.295992E+00 0.877314E-01 0.773900E-02 0.664839E+00
   1 0.911111E+01 -.293087E+00 0.860200E-01 0.744072E-02 0.664807E+00
   1 0.916667E+01 -.290153E+00 0.843088E-01 0.714845E-02 0.664768E+00
   1 0.922222E+01 -.287096E+00 0.825444E-01 0.685324E-02 0.664726E+00
   1 0.927778E+01 -.284022E+00 0.807885E-01 0.656559E-02 0.664685E+00
   1 0.933333E+01 -.280922E+00 0.790370E-01 0.628473E-02 0.664646E+00
   1 0.938889E+01 -.277828E+00 0.773083E-01 0.601368E-02 0.664597E+00
   1 0.944444E+01 -.274638E+00 0.755453E-01 0.574315E-02 0.664561E+00
   1 0.950000E+01 -.271448E+00 0.738035E-01 0.548216E-02 0.664512E+00
   1 0.955556E+01 -.268237E+00 0.720707E-01 0.522860E-02 0.664458E+00
   1 0.961111E+01 -.265001E+00 0.703449E-01 0.498189E-02 0.664411E+00
   1 0.966667E+01 -.261731E+00 0.686221E-01 0.474159E-02 0.664359E+00
   1 0.972222E+01 -.258411E+00 0.668948E-01 0.450662E-02 0.664305E+00
   1 0.977778E+01 -.255130E+00 0.652096E-01 0.428308E-02 0.664254E+00
   1 0.983333E+01 -.251744E+00 0.634931E-01 0.406132E-02 0.664191E+00
   1 0.988889E+01 -.248372E+00 0.618060E-01 0.384897E-02 0.664138E+00
   1 0.994444E+01 -.244941E+00 0.601136E-01 0.364184E-02 0.664065E+00
   1 0.100000E+02 -.241567E+00 0.584712E-01 0.344615E-02 0.664008E+00
   1 0.100556E+02 -.238177E+00 0.568445E-01 0.325766E-02 0.663947E+00
   1 0.101111E+02 -.234839E+00 0.552645E-01 0.307963E-02 0.663888E+00
   1 0.101667E+02 -.231485E+00 0.537003E-01 0.290838E-02 0.663817E+00
   1 0.102222E+02 -.228248E+00 0.522109E-01 0.274973E-02 0.663762E+00
   1 0.102778E+02 -.225017E+00 0.507458E-01 0.259808E-02 0.663697E+00
   1 0.103333E+02 -.221811E+00 0.493127E-01 0.245394E-02 0.663625E+00
   1 0.103889E+02 -.218648E+00 0.479186E-01 0.231761E-02 0.663557E+00
   1 0.104444E+02 -.215500E+00 0.465519E-01 0.218785E-02 0.663471E+00
   1 0.105000E+02 -.212418E+00 0.452316E-01 0.206585E-02 0.663417E+00
   1 0.105556E+02 -.209356E+00 0.439395E-01 0.194990E-02 0.663348E+00
   1 0.106111E+02 -.206306E+00 0.426711E-01 0.183936E-02 0.663272E+00
   1 0.106667E+02 -.203266E+00 0.414249E-01 0.173387E-02 0.663199E+00
   1 0.107222E+02 -.200294E+00 0.402253E-01 0.163533E-02 0.663112E+00
   1 0.107778E+02 -.197384E+00 0.390670E-01 0.154282E-02 0.663043E+00
   1 0.108333E+02 -.194440E+00 0.379129E-01 0.145343E-02 0.662946E+00
   1 0.108889E+02 -.191584E+00 0.368095E-01 0.137036E-02 0.662872E+00
   1 0.109444E+02 -.188753E+00 0.357320E-01 0.129166E-02 0.662781E+00
   1 0.110000E+02 -.186019E+00 0.347067E-01 0.121890E-02 0.662696E+00
   1 0.110556E+02 -.183226E+00 0.336746E-01 0.114781E-02 0.662601E+00
   1 0.111111E+02 -.180514E+00 0.326875E-01 0.108180E-02 0.662507E+00
   1 0.111667E+02 -.177876E+00 0.317409E-01 0.102030E-02 0.662426E+00
   1 0.112222E+02 -.175304E+00 0.308321E-01 0.963025E-03 0.662316E+00
   1 0.112778E+02 -.172743E+00 0.299395E-01 0.908249E-03 0.662252E+00
   1 0.113333E+02 -.170224E+00 0.290751E-01 0.856837E-03 0.662143E+00
   1 0.113889E+02 -.167800E+00 0.282551E-01 0.809453E-03 0.662032E+00
   1 0.114444E+02 -.165376E+00 0.274470E-01 0.764056E-03 0.661925E+00
   1 0.115000E+02 -.163033E+00 0.266765E-01 0.721927E-03 0.661847E+00
   2 0.800000E+01 -.186558E+00 0.349197E-01 0.123556E-02 0.662245E+00
   2 0.805556E+01 -.185522E+00 0.345347E-01 0.120869E-02 0.662182E+00
   2 0.811111E+01 -.184385E+00 0.341147E-01 0.117973E-02 0.662108E+00
   2 0.816667E+01 -.183175E+00 0.336702E-01 0.114945E-02 0.662031E+00
   2 0.822222E+01 -.181957E+00 0.332256E-01 0.111951E-02 0.661966E+00
   2 0.827778E+01 -.180723E+00 0.327793E-01 0.108999E-02 0.661857E+00
   2 0.833333E+01 -.179498E+00 0.323379E-01 0.106103E-02 0.661794E+00
   2 0.838889E+01 -.178252E+00 0.318927E-01 0.103228E-02 0.661706E+00
   2 0.844444E+01 -.177043E+00 0.314632E-01 0.100486E-02 0.661641E+00
   2 0.850000E+01 -.175904E+00 0.310617E-01 0.979669E-03 0.661541E+00
   2 0.855556E+01 -.174822E+00 0.306829E-01 0.956170E-03 0.661452E+00
   2 0.861111E+01 -.173772E+00 0.303169E-01 0.933647E-03 0.661395E+00
   2 0.866667E+01 -.172724E+00 0.299548E-01 0.911774E-03 0.661285E+00
   2 0.872222E+01 -.171647E+00 0.295834E-01 0.889444E-03 0.661233E+00
   2 0.877778E+01 -.170541E+00 0.292048E-01 0.866981E-03 0.661171E+00
   2 0.883333E+01 -.169379E+00 0.288097E-01 0.843861E-03 0.661100E+00
   2 0.888889E+01 -.168135E+00 0.283900E-01 0.819666E-03 0.661011E+00
   2 0.894444E+01 -.166845E+00 0.279577E-01 0.795076E-03 0.660934E+00
   2 0.900000E+01 -.165486E+00 0.275055E-01 0.769699E-03 0.660874E+00
   2 0.905556E+01 -.164060E+00 0.270354E-01 0.743826E-03 0.660778E+00
   2 0.911111E+01 -.162596E+00 0.265566E-01 0.717878E-03 0.660700E+00
   2 0.916667E+01 -.161069E+00 0.260624E-01 0.691618E-03 0.660596E+00
   2 0.922222E+01 -.159526E+00 0.255678E-01 0.665890E-03 0.660458E+00
   2 0.927778E+01 -.157929E+00 0.250606E-01 0.639920E-03 0.660357E+00
   2 0.933333E+01 -.156285E+00 0.245436E-01 0.614014E-03 0.660234E+00
   2 0.938889E+01 -.154628E+00 0.240283E-01 0.588731E-03 0.660102E+00
   2 0.944444E+01 -.152921E+00 0.235033E-01 0.563530E-03 0.659954E+00
   2 0.950000E+01 -.151217E+00 0.229851E-01 0.539197E-03 0.659802E+00
   2 0.955556E+01 -.149493E+00 0.224666E-01 0.515359E-03 0.659658E+00
   2 0.961111E+01 -.147741E+00 0.219455E-01 0.491931E-03 0.659519E+00
   2 0.966667E+01 -.145942E+00 0.214171E-01 0.468787E-03 0.659331E+00
   2 0.972222E+01 -.144147E+00 0.208962E-01 0.446473E-03 0.659169E+00
   2 0.977778E+01 -.142310E+00 0.203696E-01 0.424469E-03 0.658997E+00
   2 0.983333E+01 -.140484E+00 0.198527E-01 0.403391E-03 0.658834E+00
   2 0.988889E+01 -.138744E+00 0.193665E-01 0.384073E-03 0.658658E+00
   2 0.994444E+01 -.137007E+00 0.188873E-01 0.365493E-03 0.658478E+00
   2 0.100000E+02 -.135295E+00 0.184204E-01 0.347807E-03 0.658320E+00
   2 0.100556E+02 -.133679E+00 0.179855E-01 0.331752E-03 0.658139E+00
   2 0.101111E+02 -.132091E+00 0.175628E-01 0.316495E-03 0.657976E+00
   2 0.101667E+02 -.130482E+00 0.171396E-01 0.301561E-03 0.657823E+00
   2 0.102222E+02 -.128907E+00 0.167303E-01 0.287448E-03 0.657679E+00
   2 0.102778E+02 -.127386E+00 0.163400E-01 0.274345E-03 0.657491E+00
   2 0.103333E+02 -.125879E+00 0.159578E-01 0.261789E-03 0.657323E+00
   2 0.103889E+02 -.124377E+00 0.155812E-01 0.249704E-03 0.657151E+00
   2 0.104444E+02 -.122886E+00 0.152119E-01 0.238129E-03 0.656979E+00
   2 0.105000E+02 -.121406E+00 0.148496E-01 0.227033E-03 0.656807E+00
   2 0.105556E+02 -.119934E+00 0.144932E-01 0.216358E-03 0.656663E+00
   2 0.106111E+02 -.118490E+00 0.141485E-01 0.206303E-03 0.656468E+00
   2 0.106667E+02 -.117020E+00 0.138017E-01 0.196429E-03 0.656267E+00
   2 0.107222E+02 -.115593E+00 0.134687E-01 0.187151E-03 0.656111E+00
   2 0.107778E+02 -.114172E+00 0.131419E-01 0.178300E-03 0.655880E+00
   2 0.108333E+02 -.112693E+00 0.128057E-01 0.169395E-03 0.655672E+00
   2 0.108889E+02 -.111287E+00 0.124900E-01 0.161233E-03 0.655488E+00
   2 0.109444E+02 -.109857E+00 0.121729E-01 0.153242E-03 0.655279E+00
   2 0.110000E+02 -.108471E+00 0.118697E-01 0.145793E-03 0.655066E+00
   2 0.110556E+02 -.107081E+00 0.115694E-01 0.138591E-03 0.654859E+00
   2 0.111111E+02 -.105669E+00 0.112685E-01 0.131578E-03 0.654593E+00
   2 0.111667E+02 -.104284E+00 0.109762E-01 0.124891E-03 0.654452E+00
   2 0.112222E+02 -.102896E+00 0.106881E-01 0.118509E-03 0.654198E+00
   2 0.112778E+02 -.101527E+00 0.104076E-01 0.112455E-03 0.653936E+00
   2 0.113333E+02 -.100163E+00 0.101320E-01 0.106666E-03 0.653652E+00
   2 0.113889E+02 -.988112E-01 0.986224E-02 0.101130E-03 0.653416E+00
   2 0.114444E+02 -.974728E-01 0.959913E-02 0.958917E-04 0.653107E+00
   2 0.115000E+02 -.961528E-01 0.934276E-02 0.909077E-04 0.652841E+00
