 program J1J2_6          
 spatial system size               56
 J1                         1.0000000000000000     
 deltaJ1                    0.0000000000000000     
 J2                        -1.0000000000000000     
 J3                         1.0000000000000000     
 phi, xi                        2.0000000000000000        3.0000000000000000     
 impurity conc.             0.0000000000000000     
 impurity mode           RAN
 start                   STR
 stripe axis             X
 sampler mode            PT   
 update order            SEQ
 temperature protocol    INDEP
 PT start mode           COMMON
 PT ladder mode          LINEAR
 PT replicas                       64
 PT swap every                      5
 PT measure index                   1
 disorder configurations            2
 equilibration steps          1000000
 measurement steps             500000
 RNG seed                        9193
 ------------------------
 disorder configurations processed            2
    T      [<mag>]      [<mag>^2]      std.mag/sqrt(iconf)      [<susc>] .     std.susc/sqrt(iconf)      [<Binder>]      std.bin/sqrt(iconf) [log <mag>]  Global.Binder
 0.800000E+01 0.145885E-02 0.212845E-05 0.102917E-04 0.265510E-01 0.379634E-03 0.304276E-02 0.191821E-04 -.653016E+01 0.264093E-02
 0.805556E+01 0.146519E-02 0.214712E-05 0.133176E-04 0.266882E-01 0.489559E-03 -.742099E-03 0.186539E-03 -.652586E+01 -.139414E-02
 0.811111E+01 0.147326E-02 0.217082E-05 0.127027E-04 0.268250E-01 0.428490E-03 0.773979E-03 0.574351E-03 -.652035E+01 0.249766E-03
 0.816667E+01 0.147983E-02 0.219026E-05 0.131948E-04 0.268747E-01 0.444304E-03 0.264423E-02 0.217031E-02 -.651591E+01 0.219388E-02
 0.822222E+01 0.148938E-02 0.221861E-05 0.135886E-04 0.269552E-01 0.463354E-03 0.421907E-02 0.249598E-02 -.650948E+01 0.376200E-02
 0.827778E+01 0.149488E-02 0.223501E-05 0.133108E-04 0.270187E-01 0.434727E-03 0.234928E-02 0.160770E-02 -.650579E+01 0.187066E-02
 0.833333E+01 0.150231E-02 0.225735E-05 0.143837E-04 0.271454E-01 0.593203E-03 -.306480E-03 0.105772E-02 -.650084E+01 -.120224E-02
 0.838889E+01 0.151199E-02 0.228658E-05 0.152349E-04 0.272842E-01 0.565527E-03 0.219568E-02 0.666893E-03 -.649443E+01 0.142289E-02
 0.844444E+01 0.151591E-02 0.229838E-05 0.141409E-04 0.272919E-01 0.502433E-03 0.144257E-02 0.658167E-04 -.649183E+01 0.759145E-03
 0.850000E+01 0.152277E-02 0.231931E-05 0.157463E-04 0.273369E-01 0.617908E-03 0.106317E-02 0.154619E-03 -.648733E+01 0.137001E-03
 0.855556E+01 0.152856E-02 0.233693E-05 0.147540E-04 0.273986E-01 0.496925E-03 -.102762E-03 0.282843E-03 -.648352E+01 -.794211E-03
 0.861111E+01 0.153528E-02 0.235745E-05 0.133744E-04 0.274902E-01 0.457448E-03 -.913460E-03 0.134849E-02 -.647912E+01 -.140888E-02
 0.866667E+01 0.154462E-02 0.238618E-05 0.129250E-04 0.276013E-01 0.422816E-03 0.869602E-03 0.169632E-02 -.647305E+01 0.453990E-03
 0.872222E+01 0.155010E-02 0.240310E-05 0.119230E-04 0.275833E-01 0.414427E-03 -.354290E-03 0.605594E-04 -.646949E+01 -.816010E-03
 0.877778E+01 0.155640E-02 0.242260E-05 0.105087E-04 0.276522E-01 0.380218E-03 0.199417E-02 0.143625E-03 -.646543E+01 0.161758E-02
 0.883333E+01 0.155966E-02 0.243277E-05 0.108280E-04 0.275781E-01 0.350881E-03 0.101211E-02 0.127869E-02 -.646334E+01 0.718866E-03
 0.888889E+01 0.156761E-02 0.245761E-05 0.103613E-04 0.276942E-01 0.372213E-03 0.707982E-03 0.404342E-03 -.645825E+01 0.376031E-03
 0.894444E+01 0.157281E-02 0.247389E-05 0.904787E-05 0.277407E-01 0.314791E-03 0.112993E-03 0.122715E-02 -.645493E+01 -.205261E-03
 0.900000E+01 0.157990E-02 0.249629E-05 0.983320E-05 0.277360E-01 0.324655E-03 0.210358E-02 0.422670E-03 -.645043E+01 0.178702E-02
 0.905556E+01 0.158669E-02 0.251775E-05 0.873244E-05 0.278294E-01 0.298942E-03 0.745334E-03 0.128608E-02 -.644613E+01 0.563563E-03
 0.911111E+01 0.159511E-02 0.254451E-05 0.856182E-05 0.279934E-01 0.273427E-03 0.625006E-03 0.584240E-03 -.644084E+01 0.433787E-03
 0.916667E+01 0.159905E-02 0.255704E-05 0.614371E-05 0.280364E-01 0.196302E-03 -.192729E-02 0.651631E-03 -.643836E+01 -.201870E-02
 0.922222E+01 0.160619E-02 0.257997E-05 0.751364E-05 0.280606E-01 0.248532E-03 -.667366E-03 0.459670E-04 -.643391E+01 -.837498E-03
 0.927778E+01 0.161409E-02 0.260536E-05 0.659103E-05 0.280733E-01 0.204663E-03 0.175483E-02 0.389072E-03 -.642900E+01 0.164406E-02
 0.933333E+01 0.161866E-02 0.262014E-05 0.560120E-05 0.280835E-01 0.211908E-03 0.188541E-02 0.757876E-03 -.642617E+01 0.176176E-02
 0.938889E+01 0.162710E-02 0.264750E-05 0.416122E-05 0.282394E-01 0.102442E-03 0.125197E-02 0.369814E-03 -.642096E+01 0.121693E-02
 0.944444E+01 0.163283E-02 0.266618E-05 0.456576E-05 0.283344E-01 0.149172E-03 -.116116E-02 0.646165E-03 -.641745E+01 -.120700E-02
 0.950000E+01 0.163883E-02 0.268581E-05 0.534266E-05 0.283274E-01 0.214206E-03 0.134673E-02 0.760160E-03 -.641378E+01 0.123070E-02
 0.955556E+01 0.164397E-02 0.270265E-05 0.390854E-05 0.283395E-01 0.159439E-03 0.795676E-04 0.506867E-03 -.641065E+01 0.384155E-04
 0.961111E+01 0.165175E-02 0.272829E-05 0.242322E-05 0.284837E-01 0.661355E-04 0.425811E-03 0.129428E-04 -.640592E+01 0.410973E-03
 0.966667E+01 0.165646E-02 0.274387E-05 0.173208E-05 0.284977E-01 0.878749E-04 0.177054E-03 0.233503E-03 -.640307E+01 0.162739E-03
 0.972222E+01 0.166218E-02 0.276289E-05 0.475749E-05 0.284462E-01 0.105033E-03 0.788798E-03 0.182432E-02 -.639963E+01 0.775494E-03
 0.977778E+01 0.166685E-02 0.277839E-05 0.196898E-05 0.285219E-01 0.130328E-04 -.968439E-03 0.154594E-02 -.639682E+01 -.963695E-03
 0.983333E+01 0.167151E-02 0.279395E-05 0.111529E-05 0.285035E-01 0.130819E-04 -.161103E-02 0.632052E-03 -.639403E+01 -.161053E-02
 0.988889E+01 0.167697E-02 0.281224E-05 0.158875E-05 0.285431E-01 0.596490E-04 -.314934E-03 0.549575E-03 -.639077E+01 -.318343E-03
 0.994444E+01 0.168357E-02 0.283442E-05 0.141813E-05 0.285545E-01 0.922659E-04 0.794635E-04 0.792507E-03 -.638684E+01 0.622500E-04
 0.100000E+02 0.168730E-02 0.284699E-05 0.244431E-05 0.285730E-01 0.570580E-04 -.206569E-02 0.141111E-02 -.638463E+01 -.206442E-02
 0.100556E+02 0.169418E-02 0.287024E-05 0.158834E-05 0.285839E-01 0.255914E-04 -.171354E-03 0.323924E-03 -.638056E+01 -.174003E-03
 0.101111E+02 0.169720E-02 0.288048E-05 0.175244E-05 0.285325E-01 0.651563E-04 0.346660E-03 0.322597E-03 -.637878E+01 0.334699E-03
 0.101667E+02 0.170280E-02 0.289956E-05 0.329086E-05 0.285749E-01 0.126197E-03 -.556792E-03 0.997922E-03 -.637548E+01 -.606094E-03
 0.102222E+02 0.170723E-02 0.291464E-05 0.208573E-05 0.286802E-01 0.846212E-04 -.433577E-02 0.692007E-03 -.637288E+01 -.435692E-02
 0.102778E+02 0.171005E-02 0.292428E-05 0.140174E-05 0.285920E-01 0.511994E-04 -.204358E-02 0.102289E-02 -.637123E+01 -.204240E-02
 0.103333E+02 0.171737E-02 0.294937E-05 0.265820E-05 0.286193E-01 0.877480E-04 -.197345E-02 0.109048E-02 -.636696E+01 -.197906E-02
 0.103889E+02 0.172082E-02 0.296124E-05 0.861199E-06 0.285817E-01 0.675263E-04 0.297954E-03 0.115818E-02 -.636495E+01 0.286551E-03
 0.104444E+02 0.172826E-02 0.298690E-05 0.163300E-05 0.286758E-01 0.604264E-04 -.133237E-02 0.917942E-03 -.636064E+01 -.134736E-02
 0.105000E+02 0.173083E-02 0.299576E-05 0.640059E-06 0.286247E-01 0.273191E-04 -.675169E-03 0.984309E-03 -.635916E+01 -.674713E-03
 0.105556E+02 0.173459E-02 0.300882E-05 0.259189E-05 0.285807E-01 0.108233E-03 -.830406E-03 0.828847E-03 -.635699E+01 -.862794E-03
 0.106111E+02 0.173830E-02 0.302168E-05 0.540960E-06 0.285790E-01 0.423270E-04 -.138797E-03 0.314562E-03 -.635485E+01 -.141720E-03
 0.106667E+02 0.174308E-02 0.303833E-05 0.212017E-05 0.285230E-01 0.351683E-04 0.160555E-02 0.226047E-02 -.635210E+01 0.161564E-02
 0.107222E+02 0.174661E-02 0.305065E-05 0.160164E-05 0.285086E-01 0.490841E-04 0.299186E-02 0.802494E-03 -.635008E+01 0.297969E-02
 0.107778E+02 0.175070E-02 0.306497E-05 0.195000E-05 0.285222E-01 0.503903E-04 -.191954E-03 0.185843E-02 -.634774E+01 -.185130E-03
 0.108333E+02 0.175741E-02 0.308850E-05 0.833537E-06 0.285130E-01 0.348733E-05 0.270638E-02 0.202409E-02 -.634391E+01 0.271028E-02
 0.108889E+02 0.175964E-02 0.309635E-05 0.118742E-05 0.284984E-01 0.372793E-04 0.877602E-03 0.487662E-03 -.634264E+01 0.876647E-03
 0.109444E+02 0.176072E-02 0.310015E-05 0.104639E-05 0.283633E-01 0.203341E-04 -.998333E-03 0.228288E-03 -.634203E+01 -.999476E-03
 0.110000E+02 0.176851E-02 0.312762E-05 0.153070E-05 0.285096E-01 0.608965E-04 -.225702E-03 0.710894E-03 -.633762E+01 -.238100E-03
 0.110556E+02 0.177198E-02 0.313991E-05 0.119194E-05 0.284642E-01 0.205921E-04 0.868608E-03 0.127082E-02 -.633566E+01 0.871794E-03
 0.111111E+02 0.177572E-02 0.315320E-05 0.170092E-05 0.284256E-01 0.396717E-04 0.821786E-03 0.120888E-02 -.633355E+01 0.824177E-03
 0.111667E+02 0.177561E-02 0.315279E-05 0.123867E-05 0.283627E-01 0.462294E-04 -.983563E-03 0.251454E-03 -.633361E+01 -.989441E-03
 0.112222E+02 0.178141E-02 0.317341E-05 0.118692E-05 0.283542E-01 0.427037E-04 0.185637E-03 0.986045E-03 -.633035E+01 0.176237E-03
 0.112778E+02 0.178569E-02 0.318868E-05 0.164947E-06 0.282964E-01 0.236082E-04 -.137794E-03 0.176064E-02 -.632795E+01 -.141110E-03
 0.113333E+02 0.178930E-02 0.320160E-05 0.163899E-05 0.283031E-01 0.912143E-04 0.283907E-03 0.252242E-03 -.632593E+01 0.275343E-03
 0.113889E+02 0.179137E-02 0.320901E-05 0.114382E-05 0.282312E-01 0.402548E-04 -.671058E-03 0.231544E-03 -.632477E+01 -.673371E-03
 0.114444E+02 0.179468E-02 0.322086E-05 0.115357E-05 0.282279E-01 0.137146E-05 0.560917E-03 0.973656E-03 -.632293E+01 0.562754E-03
 0.115000E+02 0.179884E-02 0.323581E-05 0.503087E-06 0.282066E-01 0.882428E-04 -.209047E-02 0.159574E-02 -.632062E+01 -.210447E-02
