 iconf, T, strx, stry, absstr, D, best_en, final_en, absstrx_absstry, coex_angle
   1 0.800000E+01 0.319562E+00 0.289514E+00 0.431287E+00 0.183012E-01 -.407306E+01 -.399921E+01 0.925175E-01 0.990312E+00
   1 0.805556E+01 0.314579E+00 0.284691E+00 0.424379E+00 0.179111E-01 -.403704E+01 -.397914E+01 0.895577E-01 0.990099E+00
   1 0.811111E+01 0.309199E+00 0.279635E+00 0.417027E+00 0.174085E-01 -.400805E+01 -.395500E+01 0.864627E-01 0.989967E+00
   1 0.816667E+01 0.303540E+00 0.274757E+00 0.409589E+00 0.166446E-01 -.396600E+01 -.391468E+01 0.833998E-01 0.990140E+00
   1 0.822222E+01 0.298032E+00 0.270013E+00 0.402349E+00 0.159160E-01 -.395200E+01 -.385837E+01 0.804724E-01 0.990315E+00
   1 0.827778E+01 0.292649E+00 0.265301E+00 0.395218E+00 0.152593E-01 -.389661E+01 -.383541E+01 0.776400E-01 0.990435E+00
   1 0.833333E+01 0.287209E+00 0.260705E+00 0.388120E+00 0.145221E-01 -.386574E+01 -.378650E+01 0.748767E-01 0.990684E+00
   1 0.838889E+01 0.281863E+00 0.256034E+00 0.381041E+00 0.138930E-01 -.382989E+01 -.372186E+01 0.721666E-01 0.990820E+00
   1 0.844444E+01 0.276638E+00 0.251234E+00 0.373965E+00 0.134104E-01 -.380515E+01 -.369414E+01 0.695009E-01 0.990778E+00
   1 0.850000E+01 0.271458E+00 0.246396E+00 0.366892E+00 0.129788E-01 -.376249E+01 -.371333E+01 0.668861E-01 0.990675E+00
   1 0.855556E+01 0.266381E+00 0.241429E+00 0.359807E+00 0.126711E-01 -.373055E+01 -.366430E+01 0.643122E-01 0.990389E+00
   1 0.861111E+01 0.261120E+00 0.236524E+00 0.352626E+00 0.122401E-01 -.369514E+01 -.362143E+01 0.617612E-01 0.990276E+00
   1 0.866667E+01 0.255533E+00 0.231363E+00 0.345048E+00 0.117684E-01 -.366093E+01 -.357553E+01 0.591210E-01 0.990191E+00
   1 0.872222E+01 0.250149E+00 0.226088E+00 0.337555E+00 0.114588E-01 -.362560E+01 -.354173E+01 0.565558E-01 0.989841E+00
   1 0.877778E+01 0.244596E+00 0.220823E+00 0.329947E+00 0.110644E-01 -.358862E+01 -.351023E+01 0.540125E-01 0.989618E+00
   1 0.883333E+01 0.239013E+00 0.215090E+00 0.322049E+00 0.108634E-01 -.355139E+01 -.345695E+01 0.514093E-01 0.988960E+00
   1 0.888889E+01 0.233270E+00 0.209047E+00 0.313876E+00 0.107142E-01 -.351929E+01 -.341528E+01 0.487642E-01 0.988075E+00
   1 0.894444E+01 0.227447E+00 0.202627E+00 0.305426E+00 0.106746E-01 -.348656E+01 -.343340E+01 0.460869E-01 0.986766E+00
   1 0.900000E+01 0.221896E+00 0.195497E+00 0.296836E+00 0.110187E-01 -.345571E+01 -.337153E+01 0.433800E-01 0.984126E+00
   1 0.905556E+01 0.216352E+00 0.188188E+00 0.288184E+00 0.113935E-01 -.341710E+01 -.332941E+01 0.407149E-01 0.980799E+00
   1 0.911111E+01 0.210846E+00 0.180822E+00 0.279566E+00 0.117595E-01 -.337840E+01 -.329020E+01 0.381255E-01 0.976769E+00
   1 0.916667E+01 0.205220E+00 0.172430E+00 0.270362E+00 0.123831E-01 -.334303E+01 -.327657E+01 0.353860E-01 0.970294E+00
   1 0.922222E+01 0.199783E+00 0.163636E+00 0.261122E+00 0.131363E-01 -.330402E+01 -.322181E+01 0.326917E-01 0.961201E+00
   1 0.927778E+01 0.194336E+00 0.154388E+00 0.251688E+00 0.139307E-01 -.326815E+01 -.317780E+01 0.300032E-01 0.948861E+00
   1 0.933333E+01 0.188462E+00 0.145140E+00 0.241938E+00 0.144521E-01 -.323675E+01 -.316500E+01 0.273534E-01 0.934764E+00
   1 0.938889E+01 0.182336E+00 0.135853E+00 0.231945E+00 0.147904E-01 -.320054E+01 -.311273E+01 0.247709E-01 0.918165E+00
   1 0.944444E+01 0.175828E+00 0.127406E+00 0.222136E+00 0.146832E-01 -.316799E+01 -.311004E+01 0.224015E-01 0.903011E+00
   1 0.950000E+01 0.168688E+00 0.118506E+00 0.211601E+00 0.144119E-01 -.313034E+01 -.304400E+01 0.199906E-01 0.885005E+00
   1 0.955556E+01 0.160996E+00 0.109588E+00 0.200562E+00 0.139100E-01 -.310148E+01 -.302889E+01 0.176433E-01 0.865505E+00
   1 0.961111E+01 0.152898E+00 0.100729E+00 0.189215E+00 0.132314E-01 -.306168E+01 -.299120E+01 0.154013E-01 0.844226E+00
   1 0.966667E+01 0.144114E+00 0.935565E-01 0.178032E+00 0.120161E-01 -.303063E+01 -.295723E+01 0.134828E-01 0.834330E+00
   1 0.972222E+01 0.134385E+00 0.862795E-01 0.166087E+00 0.106152E-01 -.300102E+01 -.293741E+01 0.115947E-01 0.826756E+00
   1 0.977778E+01 0.124776E+00 0.795506E-01 0.154468E+00 0.924063E-02 -.296211E+01 -.289370E+01 0.992597E-02 0.821916E+00
   1 0.983333E+01 0.114954E+00 0.737642E-01 0.143084E+00 0.777332E-02 -.292477E+01 -.280928E+01 0.847950E-02 0.826383E+00
   1 0.988889E+01 0.105045E+00 0.683990E-01 0.131895E+00 0.635608E-02 -.289429E+01 -.280067E+01 0.718498E-02 0.836369E+00
   1 0.994444E+01 0.964215E-01 0.634283E-01 0.121824E+00 0.527397E-02 -.285742E+01 -.279807E+01 0.611585E-02 0.843235E+00
   1 0.100000E+02 0.880290E-01 0.588999E-01 0.112186E+00 0.427990E-02 -.282815E+01 -.275133E+01 0.518490E-02 0.854450E+00
   1 0.100556E+02 0.805582E-01 0.547954E-01 0.103548E+00 0.348708E-02 -.279371E+01 -.267046E+01 0.441422E-02 0.865043E+00
   1 0.101111E+02 0.734008E-01 0.516329E-01 0.957183E-01 0.272172E-02 -.276385E+01 -.268233E+01 0.378990E-02 0.885790E+00
   1 0.101667E+02 0.673116E-01 0.482402E-01 0.886610E-01 0.220374E-02 -.273012E+01 -.266686E+01 0.324712E-02 0.896741E+00
   1 0.102222E+02 0.618701E-01 0.451093E-01 0.821927E-01 0.179307E-02 -.269954E+01 -.262036E+01 0.279092E-02 0.906462E+00
   1 0.102778E+02 0.571198E-01 0.423529E-01 0.765152E-01 0.146890E-02 -.266689E+01 -.258134E+01 0.241919E-02 0.915609E+00
   1 0.103333E+02 0.528142E-01 0.399259E-01 0.714268E-01 0.119527E-02 -.263067E+01 -.253416E+01 0.210865E-02 0.925646E+00
   1 0.103889E+02 0.488765E-01 0.377879E-01 0.667534E-01 0.960990E-03 -.260110E+01 -.249445E+01 0.184694E-02 0.936609E+00
   1 0.104444E+02 0.453800E-01 0.355763E-01 0.624138E-01 0.793672E-03 -.258526E+01 -.246566E+01 0.161445E-02 0.943024E+00
   1 0.105000E+02 0.421445E-01 0.336509E-01 0.584730E-01 0.643770E-03 -.254415E+01 -.246865E+01 0.141820E-02 0.951010E+00
   1 0.105556E+02 0.390636E-01 0.320452E-01 0.548510E-01 0.499066E-03 -.252070E+01 -.243541E+01 0.125180E-02 0.961782E+00
   1 0.106111E+02 0.363807E-01 0.301998E-01 0.514334E-01 0.411525E-03 -.248475E+01 -.239935E+01 0.109869E-02 0.966115E+00
   1 0.106667E+02 0.339076E-01 0.287664E-01 0.484613E-01 0.322221E-03 -.245823E+01 -.238827E+01 0.975401E-03 0.973442E+00
   1 0.107222E+02 0.315241E-01 0.274516E-01 0.456235E-01 0.240176E-03 -.242651E+01 -.233834E+01 0.865389E-03 0.981107E+00
   1 0.107778E+02 0.294042E-01 0.261224E-01 0.429756E-01 0.182227E-03 -.240463E+01 -.232726E+01 0.768109E-03 0.986124E+00
   1 0.108333E+02 0.274828E-01 0.248250E-01 0.405246E-01 0.139025E-03 -.237695E+01 -.226355E+01 0.682259E-03 0.989726E+00
   1 0.108889E+02 0.255456E-01 0.236186E-01 0.381448E-01 0.947412E-04 -.235115E+01 -.228864E+01 0.603352E-03 0.993874E+00
   1 0.109444E+02 0.238845E-01 0.225783E-01 0.360863E-01 0.606906E-04 -.232219E+01 -.223357E+01 0.539271E-03 0.996844E+00
   1 0.110000E+02 0.223927E-01 0.216643E-01 0.342472E-01 0.320893E-04 -.229564E+01 -.219947E+01 0.485123E-03 0.998907E+00
   1 0.110556E+02 0.210095E-01 0.207044E-01 0.324453E-01 0.127288E-04 -.227512E+01 -.219916E+01 0.434990E-03 0.999786E+00
   1 0.111111E+02 0.198725E-01 0.198416E-01 0.309212E-01 0.122777E-05 -.224852E+01 -.215256E+01 0.394302E-03 0.999998E+00
   1 0.111667E+02 0.187083E-01 0.190605E-01 0.294211E-01 -.133029E-04 -.221901E+01 -.216041E+01 0.356591E-03 0.999652E+00
   1 0.112222E+02 0.176449E-01 0.182800E-01 0.279867E-01 -.228160E-04 -.219709E+01 -.210338E+01 0.322550E-03 0.998751E+00
   1 0.112778E+02 0.166178E-01 0.175732E-01 0.266528E-01 -.326651E-04 -.217149E+01 -.208223E+01 0.292028E-03 0.996882E+00
   1 0.113333E+02 0.157064E-01 0.168491E-01 0.253831E-01 -.372012E-04 -.214947E+01 -.207369E+01 0.264638E-03 0.995084E+00
   1 0.113889E+02 0.149116E-01 0.162035E-01 0.242749E-01 -.401958E-04 -.212611E+01 -.201269E+01 0.241620E-03 0.993129E+00
   1 0.114444E+02 0.141681E-01 0.155910E-01 0.232239E-01 -.423439E-04 -.210977E+01 -.202778E+01 0.220894E-03 0.990897E+00
   1 0.115000E+02 0.134711E-01 0.149686E-01 0.222008E-01 -.425902E-04 -.207767E+01 -.198668E+01 0.201644E-03 0.988970E+00
   2 0.800000E+01 0.308019E+00 0.298836E+00 0.429202E+00 0.557285E-02 -.408224E+01 -.402029E+01 0.920473E-01 0.999084E+00
   2 0.805556E+01 0.303757E+00 0.294795E+00 0.423333E+00 0.536422E-02 -.405268E+01 -.398937E+01 0.895461E-01 0.999104E+00
   2 0.811111E+01 0.299445E+00 0.290718E+00 0.417404E+00 0.515029E-02 -.401221E+01 -.393379E+01 0.870541E-01 0.999126E+00
   2 0.816667E+01 0.295048E+00 0.286551E+00 0.411352E+00 0.494164E-02 -.397804E+01 -.388788E+01 0.845461E-01 0.999147E+00
   2 0.822222E+01 0.290536E+00 0.282403E+00 0.405231E+00 0.465978E-02 -.393996E+01 -.386454E+01 0.820484E-01 0.999194E+00
   2 0.827778E+01 0.285939E+00 0.278048E+00 0.398906E+00 0.445029E-02 -.390673E+01 -.384875E+01 0.795047E-01 0.999217E+00
   2 0.833333E+01 0.281259E+00 0.273800E+00 0.392598E+00 0.413996E-02 -.387828E+01 -.383483E+01 0.770086E-01 0.999278E+00
   2 0.838889E+01 0.276579E+00 0.269476E+00 0.386240E+00 0.387825E-02 -.383948E+01 -.377094E+01 0.745314E-01 0.999324E+00
   2 0.844444E+01 0.271790E+00 0.264869E+00 0.379612E+00 0.371399E-02 -.381158E+01 -.373261E+01 0.719887E-01 0.999335E+00
   2 0.850000E+01 0.266828E+00 0.260175E+00 0.372801E+00 0.350650E-02 -.377291E+01 -.370849E+01 0.694220E-01 0.999363E+00
   2 0.855556E+01 0.261897E+00 0.255339E+00 0.365913E+00 0.339219E-02 -.374524E+01 -.365770E+01 0.668724E-01 0.999357E+00
   2 0.861111E+01 0.256906E+00 0.250337E+00 0.358872E+00 0.333215E-02 -.370834E+01 -.363290E+01 0.643130E-01 0.999329E+00
   2 0.866667E+01 0.251861E+00 0.245319E+00 0.351785E+00 0.325296E-02 -.367692E+01 -.361303E+01 0.617863E-01 0.999308E+00
   2 0.872222E+01 0.246839E+00 0.240124E+00 0.344596E+00 0.326979E-02 -.363638E+01 -.356066E+01 0.592719E-01 0.999240E+00
   2 0.877778E+01 0.241674E+00 0.234417E+00 0.336952E+00 0.345501E-02 -.360738E+01 -.352625E+01 0.566525E-01 0.999071E+00
   2 0.883333E+01 0.236513E+00 0.228903E+00 0.329443E+00 0.354201E-02 -.358311E+01 -.350226E+01 0.541384E-01 0.998931E+00
   2 0.888889E+01 0.231239E+00 0.223132E+00 0.321675E+00 0.368368E-02 -.353704E+01 -.347058E+01 0.515969E-01 0.998727E+00
   2 0.894444E+01 0.225969E+00 0.217134E+00 0.313759E+00 0.391469E-02 -.350072E+01 -.342769E+01 0.490657E-01 0.998411E+00
   2 0.900000E+01 0.220503E+00 0.211113E+00 0.305686E+00 0.405268E-02 -.346617E+01 -.340367E+01 0.465511E-01 0.998109E+00
   2 0.905556E+01 0.215042E+00 0.205134E+00 0.297641E+00 0.416308E-02 -.344352E+01 -.336337E+01 0.441123E-01 0.997778E+00
   2 0.911111E+01 0.209585E+00 0.199098E+00 0.289563E+00 0.428583E-02 -.340157E+01 -.330978E+01 0.417279E-01 0.997370E+00
   2 0.916667E+01 0.203929E+00 0.192992E+00 0.281297E+00 0.434098E-02 -.336626E+01 -.325988E+01 0.393566E-01 0.996968E+00
   2 0.922222E+01 0.198162E+00 0.187195E+00 0.273171E+00 0.422618E-02 -.332506E+01 -.324903E+01 0.370948E-01 0.996766E+00
   2 0.927778E+01 0.192017E+00 0.181392E+00 0.264804E+00 0.396762E-02 -.328853E+01 -.322598E+01 0.348304E-01 0.996766E+00
   2 0.933333E+01 0.185620E+00 0.175776E+00 0.256406E+00 0.355761E-02 -.326159E+01 -.316323E+01 0.326274E-01 0.997037E+00
   2 0.938889E+01 0.179035E+00 0.170371E+00 0.248043E+00 0.302712E-02 -.322135E+01 -.313645E+01 0.305023E-01 0.997544E+00
   2 0.944444E+01 0.172225E+00 0.165016E+00 0.239588E+00 0.243116E-02 -.319960E+01 -.312889E+01 0.284199E-01 0.998174E+00
   2 0.950000E+01 0.165034E+00 0.159551E+00 0.230828E+00 0.177958E-02 -.315384E+01 -.307493E+01 0.263314E-01 0.998859E+00
   2 0.955556E+01 0.157504E+00 0.153650E+00 0.221578E+00 0.119922E-02 -.311962E+01 -.308615E+01 0.242004E-01 0.999386E+00
   2 0.961111E+01 0.149680E+00 0.147799E+00 0.212209E+00 0.559335E-03 -.309780E+01 -.302858E+01 0.221225E-01 0.999840E+00
   2 0.966667E+01 0.141081E+00 0.142112E+00 0.202493E+00 -.291953E-03 -.305975E+01 -.296357E+01 0.200492E-01 0.999947E+00
   2 0.972222E+01 0.132444E+00 0.136554E+00 0.192919E+00 -.110562E-02 -.302509E+01 -.293522E+01 0.180857E-01 0.999067E+00
   2 0.977778E+01 0.123412E+00 0.130951E+00 0.183075E+00 -.191760E-02 -.299335E+01 -.291817E+01 0.161609E-01 0.996493E+00
   2 0.983333E+01 0.113871E+00 0.125333E+00 0.172969E+00 -.274170E-02 -.295696E+01 -.286090E+01 0.142718E-01 0.990858E+00
   2 0.988889E+01 0.104550E+00 0.119844E+00 0.163075E+00 -.343191E-02 -.292693E+01 -.286327E+01 0.125296E-01 0.981589E+00
   2 0.994444E+01 0.949348E-01 0.114873E+00 0.153414E+00 -.418331E-02 -.289270E+01 -.281327E+01 0.109055E-01 0.964519E+00
   2 0.100000E+02 0.861652E-01 0.109972E+00 0.144316E+00 -.466947E-02 -.286005E+01 -.277235E+01 0.947579E-02 0.942767E+00
   2 0.100556E+02 0.779450E-01 0.105254E+00 0.135739E+00 -.500299E-02 -.281985E+01 -.273669E+01 0.820402E-02 0.914938E+00
   2 0.101111E+02 0.705300E-01 0.100811E+00 0.127811E+00 -.518842E-02 -.279574E+01 -.273966E+01 0.711022E-02 0.882519E+00
   2 0.101667E+02 0.641247E-01 0.963214E-01 0.120459E+00 -.516584E-02 -.275993E+01 -.268801E+01 0.617658E-02 0.851155E+00
   2 0.102222E+02 0.579472E-01 0.919875E-01 0.113388E+00 -.510382E-02 -.272867E+01 -.264551E+01 0.533041E-02 0.813539E+00
   2 0.102778E+02 0.523746E-01 0.876493E-01 0.106601E+00 -.493930E-02 -.269529E+01 -.258361E+01 0.459059E-02 0.775541E+00
   2 0.103333E+02 0.479544E-01 0.835917E-01 0.100661E+00 -.468795E-02 -.266422E+01 -.255982E+01 0.400859E-02 0.745201E+00
   2 0.103889E+02 0.438875E-01 0.792775E-01 0.947733E-01 -.435881E-02 -.263868E+01 -.253492E+01 0.347929E-02 0.718200E+00
   2 0.104444E+02 0.407044E-01 0.752535E-01 0.895783E-01 -.400623E-02 -.260715E+01 -.252246E+01 0.306315E-02 0.700458E+00
   2 0.105000E+02 0.378668E-01 0.710384E-01 0.843777E-01 -.361255E-02 -.257232E+01 -.250447E+01 0.269000E-02 0.689235E+00
   2 0.105556E+02 0.351777E-01 0.668192E-01 0.793259E-01 -.322734E-02 -.254875E+01 -.243158E+01 0.235054E-02 0.679674E+00
   2 0.106111E+02 0.328981E-01 0.626272E-01 0.744845E-01 -.283988E-02 -.251791E+01 -.242367E+01 0.206031E-02 0.677976E+00
   2 0.106667E+02 0.307942E-01 0.585016E-01 0.697649E-01 -.247415E-02 -.249495E+01 -.240321E+01 0.180151E-02 0.679559E+00
   2 0.107222E+02 0.291274E-01 0.544263E-01 0.653326E-01 -.211381E-02 -.245808E+01 -.240032E+01 0.158530E-02 0.692291E+00
   2 0.107778E+02 0.274605E-01 0.502786E-01 0.608276E-01 -.177386E-02 -.242628E+01 -.230237E+01 0.138067E-02 0.707883E+00
   2 0.108333E+02 0.258701E-01 0.462591E-01 0.564845E-01 -.147064E-02 -.239903E+01 -.230275E+01 0.119673E-02 0.725932E+00
   2 0.108889E+02 0.245379E-01 0.424364E-01 0.524504E-01 -.119874E-02 -.236605E+01 -.226602E+01 0.104130E-02 0.751138E+00
   2 0.109444E+02 0.231605E-01 0.390965E-01 0.487747E-01 -.992129E-03 -.234369E+01 -.226304E+01 0.905494E-03 0.769156E+00
   2 0.110000E+02 0.218320E-01 0.360227E-01 0.453453E-01 -.820995E-03 -.233295E+01 -.223816E+01 0.786447E-03 0.785888E+00
   2 0.110556E+02 0.206787E-01 0.331940E-01 0.422353E-01 -.674233E-03 -.229174E+01 -.220879E+01 0.686411E-03 0.805667E+00
   2 0.111111E+02 0.195704E-01 0.306281E-01 0.393644E-01 -.555080E-03 -.227143E+01 -.218461E+01 0.599402E-03 0.823456E+00
   2 0.111667E+02 0.185504E-01 0.282438E-01 0.367239E-01 -.453594E-03 -.223965E+01 -.213738E+01 0.523932E-03 0.842190E+00
   2 0.112222E+02 0.175494E-01 0.262340E-01 0.343627E-01 -.380241E-03 -.220997E+01 -.214384E+01 0.460393E-03 0.854314E+00
   2 0.112778E+02 0.166501E-01 0.244061E-01 0.322075E-01 -.318430E-03 -.219106E+01 -.211008E+01 0.406364E-03 0.866919E+00
   2 0.113333E+02 0.158409E-01 0.226986E-01 0.302356E-01 -.264293E-03 -.216494E+01 -.203946E+01 0.359568E-03 0.881005E+00
   2 0.113889E+02 0.150575E-01 0.211461E-01 0.283943E-01 -.220428E-03 -.213529E+01 -.208666E+01 0.318407E-03 0.893006E+00
   2 0.114444E+02 0.143001E-01 0.198425E-01 0.267683E-01 -.189233E-03 -.210989E+01 -.201759E+01 0.283749E-03 0.899936E+00
   2 0.115000E+02 0.135545E-01 0.185225E-01 0.251380E-01 -.159356E-03 -.209315E+01 -.205252E+01 0.251064E-03 0.908498E+00
