 program J1J2_6          
 spatial system size               56
 J1                         1.0000000000000000     
 deltaJ1                    0.0000000000000000     
 J2                        -1.0000000000000000     
 J3                         1.0000000000000000     
 phi, xi                        2.0000000000000000        3.0000000000000000     
 impurity conc.             0.0000000000000000     
 impurity mode           RAN
 start                   STR
 stripe axis             X
 sampler mode            PT   
 update order            SEQ
 temperature protocol    INDEP
 PT start mode           COMMON
 PT ladder mode          LINEAR
 PT replicas                       64
 PT swap every                      5
 PT measure index                   1
 disorder configurations            2
 equilibration steps          1000000
 measurement steps             500000
 RNG seed                        9043
 ------------------------
 disorder configurations processed            2
    T      [<n>]      std.n/sqrt(iconf)      [<n^2>]      [<n^4>]      Global.Nematic.Binder      Nematic.Binder      Nematic.Binder.Error
 0.800000E+01 -.171224E+00 0.986478E-02 0.296270E-01 0.914163E-03 0.652842E+00 0.661390E+00 0.570473E-03
 0.805556E+01 -.169770E+00 0.976022E-02 0.291278E-01 0.883862E-03 0.652745E+00 0.661255E+00 0.580286E-03
 0.811111E+01 -.168330E+00 0.967220E-02 0.286378E-01 0.854578E-03 0.652663E+00 0.661162E+00 0.587275E-03
 0.816667E+01 -.166844E+00 0.958561E-02 0.281368E-01 0.825211E-03 0.652547E+00 0.661037E+00 0.605355E-03
 0.822222E+01 -.165380E+00 0.952873E-02 0.276487E-01 0.797200E-03 0.652386E+00 0.660916E+00 0.626991E-03
 0.827778E+01 -.163909E+00 0.944779E-02 0.271613E-01 0.769588E-03 0.652274E+00 0.660815E+00 0.623179E-03
 0.833333E+01 -.162442E+00 0.943243E-02 0.266821E-01 0.743200E-03 0.652029E+00 0.660689E+00 0.644162E-03
 0.838889E+01 -.160954E+00 0.936537E-02 0.261989E-01 0.716843E-03 0.651873E+00 0.660564E+00 0.658036E-03
 0.844444E+01 -.159477E+00 0.934090E-02 0.257247E-01 0.691593E-03 0.651641E+00 0.660439E+00 0.681353E-03
 0.850000E+01 -.158016E+00 0.931387E-02 0.252603E-01 0.667313E-03 0.651397E+00 0.660306E+00 0.690505E-03
 0.855556E+01 -.156546E+00 0.931010E-02 0.247980E-01 0.643621E-03 0.651120E+00 0.660170E+00 0.732234E-03
 0.861111E+01 -.155067E+00 0.930067E-02 0.243368E-01 0.620384E-03 0.650848E+00 0.660044E+00 0.756764E-03
 0.866667E+01 -.153598E+00 0.926294E-02 0.238821E-01 0.597818E-03 0.650615E+00 0.659905E+00 0.775696E-03
 0.872222E+01 -.152144E+00 0.929067E-02 0.234387E-01 0.576454E-03 0.650236E+00 0.659761E+00 0.788696E-03
 0.877778E+01 -.150706E+00 0.927928E-02 0.230032E-01 0.555693E-03 0.649944E+00 0.659607E+00 0.831100E-03
 0.883333E+01 -.149258E+00 0.929241E-02 0.225694E-01 0.535476E-03 0.649587E+00 0.659462E+00 0.849270E-03
 0.888889E+01 -.147837E+00 0.930713E-02 0.221481E-01 0.516215E-03 0.649219E+00 0.659302E+00 0.884303E-03
 0.894444E+01 -.146383E+00 0.934786E-02 0.217217E-01 0.497130E-03 0.648794E+00 0.659158E+00 0.914651E-03
 0.900000E+01 -.144934E+00 0.937811E-02 0.213004E-01 0.478581E-03 0.648392E+00 0.659015E+00 0.953829E-03
 0.905556E+01 -.143466E+00 0.941083E-02 0.208788E-01 0.460429E-03 0.647927E+00 0.658832E+00 0.987936E-03
 0.911111E+01 -.141985E+00 0.944047E-02 0.204567E-01 0.442542E-03 0.647498E+00 0.658684E+00 0.102912E-02
 0.916667E+01 -.140474E+00 0.942598E-02 0.200292E-01 0.424677E-03 0.647132E+00 0.658515E+00 0.105725E-02
 0.922222E+01 -.138902E+00 0.943620E-02 0.195911E-01 0.406860E-03 0.646647E+00 0.658286E+00 0.111641E-02
 0.927778E+01 -.137318E+00 0.944134E-02 0.191534E-01 0.389377E-03 0.646199E+00 0.658106E+00 0.115446E-02
 0.933333E+01 -.135668E+00 0.942916E-02 0.187020E-01 0.371693E-03 0.645770E+00 0.657920E+00 0.119375E-02
 0.938889E+01 -.133984E+00 0.941699E-02 0.182478E-01 0.354343E-03 0.645282E+00 0.657687E+00 0.124277E-02
 0.944444E+01 -.132304E+00 0.938565E-02 0.177990E-01 0.337542E-03 0.644849E+00 0.657463E+00 0.129389E-02
 0.950000E+01 -.130492E+00 0.933792E-02 0.173210E-01 0.320070E-03 0.644388E+00 0.657207E+00 0.133589E-02
 0.955556E+01 -.128738E+00 0.930685E-02 0.168649E-01 0.303858E-03 0.643894E+00 0.656958E+00 0.138267E-02
 0.961111E+01 -.126937E+00 0.930781E-02 0.164047E-01 0.288012E-03 0.643260E+00 0.656672E+00 0.144628E-02
 0.966667E+01 -.125126E+00 0.930305E-02 0.159473E-01 0.272628E-03 0.642667E+00 0.656416E+00 0.152667E-02
 0.972222E+01 -.123265E+00 0.931650E-02 0.154855E-01 0.257605E-03 0.641920E+00 0.656095E+00 0.160158E-02
 0.977778E+01 -.121415E+00 0.931849E-02 0.150329E-01 0.243259E-03 0.641194E+00 0.655766E+00 0.169114E-02
 0.983333E+01 -.119592E+00 0.936891E-02 0.145953E-01 0.229879E-03 0.640289E+00 0.655422E+00 0.179283E-02
 0.988889E+01 -.117718E+00 0.942291E-02 0.141520E-01 0.216690E-03 0.639352E+00 0.655110E+00 0.188255E-02
 0.994444E+01 -.115882E+00 0.945701E-02 0.137241E-01 0.204298E-03 0.638444E+00 0.654767E+00 0.199031E-02
 0.100000E+02 -.114034E+00 0.951320E-02 0.133011E-01 0.192462E-03 0.637381E+00 0.654375E+00 0.211280E-02
 0.100556E+02 -.112250E+00 0.956385E-02 0.128987E-01 0.181506E-03 0.636355E+00 0.654042E+00 0.220106E-02
 0.101111E+02 -.110521E+00 0.963227E-02 0.125160E-01 0.171447E-03 0.635181E+00 0.653621E+00 0.233079E-02
 0.101667E+02 -.108778E+00 0.967577E-02 0.121346E-01 0.161628E-03 0.634116E+00 0.653295E+00 0.240714E-02
 0.102222E+02 -.107067E+00 0.968956E-02 0.117651E-01 0.152345E-03 0.633127E+00 0.652929E+00 0.250839E-02
 0.102778E+02 -.105399E+00 0.970024E-02 0.114110E-01 0.143716E-03 0.632097E+00 0.652492E+00 0.265036E-02
 0.103333E+02 -.103768E+00 0.970303E-02 0.110690E-01 0.135577E-03 0.631155E+00 0.652127E+00 0.278565E-02
 0.103889E+02 -.102147E+00 0.969500E-02 0.107345E-01 0.127847E-03 0.630166E+00 0.651731E+00 0.287567E-02
 0.104444E+02 -.100603E+00 0.967177E-02 0.104199E-01 0.120764E-03 0.629241E+00 0.651312E+00 0.298238E-02
 0.105000E+02 -.990729E-01 0.961818E-02 0.101114E-01 0.113944E-03 0.628511E+00 0.650948E+00 0.309683E-02
 0.105556E+02 -.975814E-01 0.956052E-02 0.981610E-02 0.107635E-03 0.627648E+00 0.650439E+00 0.321071E-02
 0.106111E+02 -.960921E-01 0.948550E-02 0.952395E-02 0.101512E-03 0.626954E+00 0.650072E+00 0.326776E-02
 0.106667E+02 -.946675E-01 0.937042E-02 0.924689E-02 0.957996E-04 0.626534E+00 0.649705E+00 0.337713E-02
 0.107222E+02 -.932596E-01 0.926577E-02 0.897793E-02 0.904468E-04 0.625958E+00 0.649269E+00 0.345241E-02
 0.107778E+02 -.918577E-01 0.913500E-02 0.871276E-02 0.852704E-04 0.625575E+00 0.648886E+00 0.352708E-02
 0.108333E+02 -.905054E-01 0.898523E-02 0.846014E-02 0.804573E-04 0.625295E+00 0.648451E+00 0.363918E-02
 0.108889E+02 -.891984E-01 0.882855E-02 0.821874E-02 0.759747E-04 0.625081E+00 0.648123E+00 0.363028E-02
 0.109444E+02 -.879547E-01 0.866908E-02 0.799242E-02 0.718806E-04 0.624911E+00 0.647686E+00 0.373640E-02
 0.110000E+02 -.867108E-01 0.848830E-02 0.776801E-02 0.679063E-04 0.624881E+00 0.647305E+00 0.379592E-02
 0.110556E+02 -.854387E-01 0.830732E-02 0.754212E-02 0.640286E-04 0.624798E+00 0.646930E+00 0.380034E-02
 0.111111E+02 -.842522E-01 0.811346E-02 0.733359E-02 0.605193E-04 0.624907E+00 0.646535E+00 0.389805E-02
 0.111667E+02 -.830936E-01 0.793854E-02 0.713364E-02 0.572771E-04 0.624822E+00 0.646086E+00 0.394063E-02
 0.112222E+02 -.819635E-01 0.776345E-02 0.694058E-02 0.542095E-04 0.624886E+00 0.645781E+00 0.394784E-02
 0.112778E+02 -.808718E-01 0.758289E-02 0.675626E-02 0.513540E-04 0.624992E+00 0.645452E+00 0.396781E-02
 0.113333E+02 -.798078E-01 0.742137E-02 0.657962E-02 0.487029E-04 0.625000E+00 0.645088E+00 0.401337E-02
 0.113889E+02 -.787630E-01 0.727107E-02 0.640880E-02 0.462123E-04 0.624955E+00 0.644687E+00 0.409791E-02
 0.114444E+02 -.777462E-01 0.710176E-02 0.624423E-02 0.438695E-04 0.624955E+00 0.644279E+00 0.409395E-02
 0.115000E+02 -.767962E-01 0.694971E-02 0.609248E-02 0.417613E-04 0.624971E+00 0.643913E+00 0.412173E-02
