 iconf, T, strx, stry, absstr, D, best_en, final_en, absstrx_absstry, coex_angle
   1 0.800000E+01 0.289107E+00 0.295843E+00 0.413758E+00 -.393969E-02 -.397688E+01 -.391906E+01 0.855303E-01 0.999470E+00
   1 0.805556E+01 0.284421E+00 0.291546E+00 0.407421E+00 -.410373E-02 -.394217E+01 -.387696E+01 0.829219E-01 0.999388E+00
   1 0.811111E+01 0.279417E+00 0.287265E+00 0.400880E+00 -.444769E-02 -.391001E+01 -.385699E+01 0.802667E-01 0.999233E+00
   1 0.816667E+01 0.274231E+00 0.282474E+00 0.393859E+00 -.458906E-02 -.387610E+01 -.379597E+01 0.774630E-01 0.999123E+00
   1 0.822222E+01 0.268890E+00 0.277266E+00 0.386448E+00 -.457472E-02 -.385061E+01 -.378975E+01 0.745541E-01 0.999060E+00
   1 0.827778E+01 0.263422E+00 0.271663E+00 0.378677E+00 -.440973E-02 -.381709E+01 -.371860E+01 0.715621E-01 0.999052E+00
   1 0.833333E+01 0.257628E+00 0.265522E+00 0.370317E+00 -.412993E-02 -.377417E+01 -.369454E+01 0.684060E-01 0.999090E+00
   1 0.838889E+01 0.251551E+00 0.258942E+00 0.361450E+00 -.377279E-02 -.374955E+01 -.365902E+01 0.651372E-01 0.999162E+00
   1 0.844444E+01 0.245338E+00 0.252000E+00 0.352257E+00 -.331361E-02 -.370845E+01 -.366561E+01 0.618252E-01 0.999282E+00
   1 0.850000E+01 0.238998E+00 0.244922E+00 0.342877E+00 -.286661E-02 -.368320E+01 -.360421E+01 0.585359E-01 0.999401E+00
   1 0.855556E+01 0.232756E+00 0.238103E+00 0.333746E+00 -.251735E-02 -.364486E+01 -.356545E+01 0.554199E-01 0.999484E+00
   1 0.861111E+01 0.226697E+00 0.231542E+00 0.324923E+00 -.222034E-02 -.361113E+01 -.352819E+01 0.524899E-01 0.999553E+00
   1 0.866667E+01 0.220380E+00 0.225597E+00 0.316376E+00 -.232693E-02 -.357394E+01 -.352639E+01 0.497171E-01 0.999453E+00
   1 0.872222E+01 0.213792E+00 0.220289E+00 0.308090E+00 -.282038E-02 -.355198E+01 -.346975E+01 0.470960E-01 0.999104E+00
   1 0.877778E+01 0.207464E+00 0.215381E+00 0.300280E+00 -.334744E-02 -.350359E+01 -.344684E+01 0.446838E-01 0.998599E+00
   1 0.883333E+01 0.200761E+00 0.210739E+00 0.292444E+00 -.410582E-02 -.347256E+01 -.342420E+01 0.423081E-01 0.997651E+00
   1 0.888889E+01 0.193503E+00 0.206347E+00 0.284533E+00 -.513606E-02 -.343306E+01 -.337690E+01 0.399288E-01 0.995881E+00
   1 0.894444E+01 0.186319E+00 0.201924E+00 0.276662E+00 -.605886E-02 -.340473E+01 -.333443E+01 0.376223E-01 0.993558E+00
   1 0.900000E+01 0.178642E+00 0.197574E+00 0.268648E+00 -.712247E-02 -.337437E+01 -.329571E+01 0.352950E-01 0.989922E+00
   1 0.905556E+01 0.170027E+00 0.193151E+00 0.260124E+00 -.839813E-02 -.333420E+01 -.326070E+01 0.328409E-01 0.983915E+00
   1 0.911111E+01 0.161283E+00 0.188328E+00 0.251310E+00 -.945515E-02 -.331666E+01 -.322171E+01 0.303742E-01 0.976348E+00
   1 0.916667E+01 0.152328E+00 0.183401E+00 0.242379E+00 -.104320E-01 -.326060E+01 -.319824E+01 0.279371E-01 0.966315E+00
   1 0.922222E+01 0.143357E+00 0.177872E+00 0.233062E+00 -.110875E-01 -.323748E+01 -.314286E+01 0.254992E-01 0.954867E+00
   1 0.927778E+01 0.134659E+00 0.171731E+00 0.223367E+00 -.113585E-01 -.319803E+01 -.313226E+01 0.231251E-01 0.943118E+00
   1 0.933333E+01 0.126192E+00 0.164401E+00 0.212951E+00 -.111035E-01 -.315822E+01 -.306550E+01 0.207461E-01 0.933174E+00
   1 0.938889E+01 0.118743E+00 0.155712E+00 0.202129E+00 -.101465E-01 -.312945E+01 -.302839E+01 0.184897E-01 0.929985E+00
   1 0.944444E+01 0.112668E+00 0.145576E+00 0.190829E+00 -.849836E-02 -.310044E+01 -.299376E+01 0.164018E-01 0.937105E+00
   1 0.950000E+01 0.107224E+00 0.134236E+00 0.179013E+00 -.652214E-02 -.305675E+01 -.296210E+01 0.143934E-01 0.951174E+00
   1 0.955556E+01 0.101660E+00 0.123784E+00 0.167548E+00 -.498761E-02 -.302878E+01 -.296269E+01 0.125839E-01 0.962211E+00
   1 0.961111E+01 0.958070E-01 0.113587E+00 0.156095E+00 -.372302E-02 -.299015E+01 -.289616E+01 0.108824E-01 0.971572E+00
   1 0.966667E+01 0.909550E-01 0.103943E+00 0.145455E+00 -.253130E-02 -.296464E+01 -.285367E+01 0.945412E-02 0.982394E+00
   1 0.972222E+01 0.859019E-01 0.954241E-01 0.135511E+00 -.172662E-02 -.293646E+01 -.282716E+01 0.819711E-02 0.989030E+00
   1 0.977778E+01 0.810185E-01 0.877971E-01 0.126340E+00 -.114433E-02 -.289400E+01 -.281401E+01 0.711320E-02 0.993571E+00
   1 0.983333E+01 0.760543E-01 0.812049E-01 0.117843E+00 -.809983E-03 -.286704E+01 -.277013E+01 0.617599E-02 0.995718E+00
   1 0.988889E+01 0.717994E-01 0.748427E-01 0.110066E+00 -.446269E-03 -.282945E+01 -.273014E+01 0.537366E-02 0.998279E+00
   1 0.994444E+01 0.680041E-01 0.695033E-01 0.103380E+00 -.206162E-03 -.280360E+01 -.269159E+01 0.472651E-02 0.999525E+00
   1 0.100000E+02 0.640480E-01 0.642964E-01 0.966531E-01 -.318768E-04 -.276829E+01 -.269176E+01 0.411806E-02 0.999985E+00
   1 0.100556E+02 0.600773E-01 0.592724E-01 0.901214E-01 0.960619E-04 -.273551E+01 -.266037E+01 0.356092E-02 0.999818E+00
   1 0.101111E+02 0.565245E-01 0.551780E-01 0.845248E-01 0.150407E-03 -.270689E+01 -.260915E+01 0.311891E-02 0.999419E+00
   1 0.101667E+02 0.530813E-01 0.515872E-01 0.793872E-01 0.156392E-03 -.267251E+01 -.257807E+01 0.273832E-02 0.999185E+00
   1 0.102222E+02 0.499434E-01 0.480933E-01 0.745276E-01 0.181380E-03 -.264765E+01 -.256206E+01 0.240194E-02 0.998576E+00
   1 0.102778E+02 0.468910E-01 0.449021E-01 0.699100E-01 0.182569E-03 -.262133E+01 -.256358E+01 0.210551E-02 0.998124E+00
   1 0.103333E+02 0.438940E-01 0.417141E-01 0.653591E-01 0.186623E-03 -.258893E+01 -.247719E+01 0.183100E-02 0.997410E+00
   1 0.103889E+02 0.410067E-01 0.388333E-01 0.611336E-01 0.173523E-03 -.255737E+01 -.248234E+01 0.159243E-02 0.997040E+00
   1 0.104444E+02 0.387002E-01 0.363034E-01 0.575631E-01 0.179771E-03 -.252243E+01 -.242782E+01 0.140495E-02 0.995924E+00
   1 0.105000E+02 0.361214E-01 0.340851E-01 0.540269E-01 0.142963E-03 -.249645E+01 -.240470E+01 0.123120E-02 0.996641E+00
   1 0.105556E+02 0.335958E-01 0.320438E-01 0.506262E-01 0.101871E-03 -.246092E+01 -.237789E+01 0.107654E-02 0.997766E+00
   1 0.106111E+02 0.312317E-01 0.302370E-01 0.474622E-01 0.611459E-04 -.243841E+01 -.234537E+01 0.944352E-03 0.998953E+00
   1 0.106667E+02 0.291779E-01 0.284693E-01 0.445754E-01 0.408446E-04 -.241853E+01 -.232743E+01 0.830674E-03 0.999396E+00
   1 0.107222E+02 0.272597E-01 0.270246E-01 0.420279E-01 0.127614E-04 -.238720E+01 -.230171E+01 0.736684E-03 0.999925E+00
   1 0.107778E+02 0.255780E-01 0.255174E-01 0.396296E-01 0.309992E-05 -.236055E+01 -.227905E+01 0.652683E-03 0.999994E+00
   1 0.108333E+02 0.239991E-01 0.242851E-01 0.374759E-01 -.138096E-04 -.232786E+01 -.223612E+01 0.582819E-03 0.999860E+00
   1 0.108889E+02 0.224110E-01 0.230789E-01 0.353378E-01 -.303835E-04 -.230229E+01 -.221716E+01 0.517222E-03 0.999138E+00
   1 0.109444E+02 0.210402E-01 0.218224E-01 0.333292E-01 -.335268E-04 -.227103E+01 -.217553E+01 0.459147E-03 0.998669E+00
   1 0.110000E+02 0.198457E-01 0.206856E-01 0.315418E-01 -.340384E-04 -.225120E+01 -.216869E+01 0.410520E-03 0.998284E+00
   1 0.110556E+02 0.187102E-01 0.196143E-01 0.298443E-01 -.346492E-04 -.222672E+01 -.213303E+01 0.366987E-03 0.997776E+00
   1 0.111111E+02 0.176450E-01 0.186399E-01 0.282767E-01 -.361016E-04 -.219839E+01 -.211374E+01 0.328901E-03 0.996997E+00
   1 0.111667E+02 0.167529E-01 0.176780E-01 0.268505E-01 -.318514E-04 -.217675E+01 -.209341E+01 0.296158E-03 0.997117E+00
   1 0.112222E+02 0.158977E-01 0.167802E-01 0.254834E-01 -.288360E-04 -.214840E+01 -.207539E+01 0.266767E-03 0.997087E+00
   1 0.112778E+02 0.150352E-01 0.158955E-01 0.241404E-01 -.266083E-04 -.212572E+01 -.207258E+01 0.238993E-03 0.996911E+00
   1 0.113333E+02 0.143012E-01 0.151257E-01 0.229774E-01 -.242633E-04 -.210526E+01 -.203052E+01 0.216315E-03 0.996865E+00
   1 0.113889E+02 0.136205E-01 0.143588E-01 0.218663E-01 -.206586E-04 -.208441E+01 -.201794E+01 0.195574E-03 0.997218E+00
   1 0.114444E+02 0.129388E-01 0.136694E-01 0.208050E-01 -.194384E-04 -.205843E+01 -.200181E+01 0.176866E-03 0.996989E+00
   1 0.115000E+02 0.122777E-01 0.129681E-01 0.197485E-01 -.174305E-04 -.204691E+01 -.195809E+01 0.159218E-03 0.997013E+00
   2 0.800000E+01 0.316816E+00 0.279967E+00 0.422869E+00 0.219913E-01 -.403028E+01 -.395545E+01 0.886980E-01 0.984865E+00
   2 0.805556E+01 0.312852E+00 0.274358E+00 0.416215E+00 0.226044E-01 -.399415E+01 -.392352E+01 0.858335E-01 0.982957E+00
   2 0.811111E+01 0.308836E+00 0.268277E+00 0.409226E+00 0.234074E-01 -.396629E+01 -.388312E+01 0.828537E-01 0.980437E+00
   2 0.816667E+01 0.304745E+00 0.261488E+00 0.401738E+00 0.244935E-01 -.394022E+01 -.385841E+01 0.796873E-01 0.976926E+00
   2 0.822222E+01 0.300584E+00 0.254088E+00 0.393832E+00 0.257899E-01 -.389833E+01 -.382328E+01 0.763749E-01 0.972284E+00
   2 0.827778E+01 0.296323E+00 0.246384E+00 0.385673E+00 0.271021E-01 -.385623E+01 -.380120E+01 0.730091E-01 0.966697E+00
   2 0.833333E+01 0.292005E+00 0.238478E+00 0.377378E+00 0.283955E-01 -.382567E+01 -.375172E+01 0.696368E-01 0.960091E+00
   2 0.838889E+01 0.287591E+00 0.229962E+00 0.368668E+00 0.298258E-01 -.378917E+01 -.373273E+01 0.661350E-01 0.951614E+00
   2 0.844444E+01 0.283089E+00 0.221350E+00 0.359890E+00 0.311433E-01 -.375970E+01 -.366210E+01 0.626618E-01 0.941838E+00
   2 0.850000E+01 0.278541E+00 0.212716E+00 0.351102E+00 0.323368E-01 -.371938E+01 -.365422E+01 0.592500E-01 0.930695E+00
   2 0.855556E+01 0.273912E+00 0.203974E+00 0.342255E+00 0.334224E-01 -.368925E+01 -.363812E+01 0.558711E-01 0.917884E+00
   2 0.861111E+01 0.269259E+00 0.195690E+00 0.333711E+00 0.342060E-01 -.366414E+01 -.359769E+01 0.526914E-01 0.904685E+00
   2 0.866667E+01 0.264576E+00 0.187316E+00 0.325140E+00 0.349130E-01 -.362074E+01 -.352177E+01 0.495594E-01 0.889625E+00
   2 0.872222E+01 0.259790E+00 0.178887E+00 0.316558E+00 0.354901E-01 -.358762E+01 -.351951E+01 0.464731E-01 0.872754E+00
   2 0.877778E+01 0.255013E+00 0.170490E+00 0.308103E+00 0.359648E-01 -.355359E+01 -.348196E+01 0.434771E-01 0.853920E+00
   2 0.883333E+01 0.250137E+00 0.161764E+00 0.299500E+00 0.364011E-01 -.351580E+01 -.341669E+01 0.404631E-01 0.831722E+00
   2 0.888889E+01 0.245185E+00 0.153405E+00 0.291053E+00 0.365825E-01 -.348929E+01 -.341732E+01 0.376128E-01 0.808739E+00
   2 0.894444E+01 0.240152E+00 0.144933E+00 0.282602E+00 0.366676E-01 -.346321E+01 -.335592E+01 0.348060E-01 0.782805E+00
   2 0.900000E+01 0.235022E+00 0.136379E+00 0.274101E+00 0.366361E-01 -.341859E+01 -.337441E+01 0.320521E-01 0.753794E+00
   2 0.905556E+01 0.229777E+00 0.128993E+00 0.266093E+00 0.361583E-01 -.337965E+01 -.333031E+01 0.296397E-01 0.728833E+00
   2 0.911111E+01 0.224393E+00 0.121689E+00 0.258049E+00 0.355439E-01 -.335261E+01 -.329314E+01 0.273061E-01 0.702446E+00
   2 0.916667E+01 0.218855E+00 0.114583E+00 0.249994E+00 0.347683E-01 -.331195E+01 -.326660E+01 0.250770E-01 0.675416E+00
   2 0.922222E+01 0.213300E+00 0.108109E+00 0.242223E+00 0.338093E-01 -.329158E+01 -.322493E+01 0.230596E-01 0.650443E+00
   2 0.927778E+01 0.207718E+00 0.102086E+00 0.234610E+00 0.327253E-01 -.325425E+01 -.316452E+01 0.212052E-01 0.626795E+00
   2 0.933333E+01 0.202105E+00 0.965227E-01 0.227203E+00 0.315297E-01 -.321513E+01 -.314417E+01 0.195077E-01 0.604930E+00
   2 0.938889E+01 0.196516E+00 0.913666E-01 0.219990E+00 0.302707E-01 -.317874E+01 -.312645E+01 0.179550E-01 0.584597E+00
   2 0.944444E+01 0.190968E+00 0.868858E-01 0.213079E+00 0.289195E-01 -.314771E+01 -.306157E+01 0.165924E-01 0.568356E+00
   2 0.950000E+01 0.185391E+00 0.824815E-01 0.206207E+00 0.275667E-01 -.311485E+01 -.300775E+01 0.152914E-01 0.551727E+00
   2 0.955556E+01 0.179582E+00 0.782349E-01 0.199189E+00 0.261290E-01 -.308109E+01 -.300111E+01 0.140496E-01 0.536284E+00
   2 0.961111E+01 0.173739E+00 0.740169E-01 0.192195E+00 0.247068E-01 -.304453E+01 -.297118E+01 0.128596E-01 0.520069E+00
   2 0.966667E+01 0.167800E+00 0.699651E-01 0.185141E+00 0.232619E-01 -.302211E+01 -.295779E+01 0.117402E-01 0.504673E+00
   2 0.972222E+01 0.161398E+00 0.664102E-01 0.177924E+00 0.216391E-01 -.298093E+01 -.286885E+01 0.107185E-01 0.495308E+00
   2 0.977778E+01 0.154745E+00 0.630043E-01 0.170528E+00 0.199765E-01 -.295040E+01 -.285239E+01 0.974962E-02 0.487911E+00
   2 0.983333E+01 0.147964E+00 0.598682E-01 0.163143E+00 0.183090E-01 -.292033E+01 -.283953E+01 0.885831E-02 0.483560E+00
   2 0.988889E+01 0.140438E+00 0.571836E-01 0.155307E+00 0.164530E-01 -.288095E+01 -.277975E+01 0.803077E-02 0.487963E+00
   2 0.994444E+01 0.132864E+00 0.543292E-01 0.147315E+00 0.147012E-01 -.284846E+01 -.279110E+01 0.721839E-02 0.490926E+00
   2 0.100000E+02 0.124616E+00 0.517414E-01 0.138929E+00 0.128521E-01 -.282279E+01 -.274215E+01 0.644783E-02 0.501693E+00
   2 0.100556E+02 0.116254E+00 0.490944E-01 0.130375E+00 0.111048E-01 -.278836E+01 -.268624E+01 0.570743E-02 0.513767E+00
   2 0.101111E+02 0.107705E+00 0.467014E-01 0.121746E+00 0.941943E-02 -.275714E+01 -.267983E+01 0.502999E-02 0.532848E+00
   2 0.101667E+02 0.991247E-01 0.445094E-01 0.113192E+00 0.784463E-02 -.272491E+01 -.263093E+01 0.441198E-02 0.558551E+00
   2 0.102222E+02 0.905488E-01 0.423956E-01 0.104701E+00 0.640170E-02 -.269142E+01 -.258939E+01 0.383887E-02 0.589893E+00
   2 0.102778E+02 0.821576E-01 0.401125E-01 0.962715E-01 0.514086E-02 -.265668E+01 -.257739E+01 0.329554E-02 0.621753E+00
   2 0.103333E+02 0.738504E-01 0.378292E-01 0.879632E-01 0.402283E-02 -.262604E+01 -.254910E+01 0.279370E-02 0.658599E+00
   2 0.103889E+02 0.663763E-01 0.356182E-01 0.803707E-01 0.313716E-02 -.259891E+01 -.249178E+01 0.236421E-02 0.694351E+00
   2 0.104444E+02 0.598798E-01 0.335337E-01 0.736030E-01 0.246107E-02 -.256406E+01 -.247928E+01 0.200799E-02 0.726983E+00
   2 0.105000E+02 0.539251E-01 0.313790E-01 0.672566E-01 0.192327E-02 -.253982E+01 -.244449E+01 0.169211E-02 0.755875E+00
   2 0.105556E+02 0.487587E-01 0.290835E-01 0.614368E-01 0.153156E-02 -.251059E+01 -.239825E+01 0.141807E-02 0.774224E+00
   2 0.106111E+02 0.442990E-01 0.271831E-01 0.564478E-01 0.122348E-02 -.248803E+01 -.241785E+01 0.120418E-02 0.794864E+00
   2 0.106667E+02 0.404075E-01 0.255609E-01 0.520632E-01 0.979411E-03 -.245417E+01 -.233798E+01 0.103285E-02 0.816461E+00
   2 0.107222E+02 0.370783E-01 0.240488E-01 0.482219E-01 0.796456E-03 -.242559E+01 -.233012E+01 0.891687E-03 0.833714E+00
   2 0.107778E+02 0.341299E-01 0.225307E-01 0.447035E-01 0.657219E-03 -.239221E+01 -.231370E+01 0.768971E-03 0.845582E+00
   2 0.108333E+02 0.313094E-01 0.212446E-01 0.414524E-01 0.528948E-03 -.236397E+01 -.228931E+01 0.665155E-03 0.863486E+00
   2 0.108889E+02 0.288165E-01 0.200785E-01 0.385626E-01 0.427243E-03 -.234670E+01 -.227757E+01 0.578591E-03 0.880037E+00
   2 0.109444E+02 0.267002E-01 0.190694E-01 0.360573E-01 0.349255E-03 -.231215E+01 -.222782E+01 0.509157E-03 0.894750E+00
   2 0.110000E+02 0.247748E-01 0.179058E-01 0.336319E-01 0.293172E-03 -.228712E+01 -.218830E+01 0.443613E-03 0.901560E+00
   2 0.110556E+02 0.230762E-01 0.169499E-01 0.315332E-01 0.245212E-03 -.226015E+01 -.217164E+01 0.391140E-03 0.910535E+00
   2 0.111111E+02 0.215732E-01 0.161807E-01 0.297089E-01 0.203586E-03 -.223598E+01 -.212177E+01 0.349069E-03 0.921627E+00
   2 0.111667E+02 0.201939E-01 0.154242E-01 0.279940E-01 0.169889E-03 -.221480E+01 -.216419E+01 0.311475E-03 0.930774E+00
   2 0.112222E+02 0.189378E-01 0.147273E-01 0.264417E-01 0.141745E-03 -.219073E+01 -.210219E+01 0.278903E-03 0.939344E+00
   2 0.112778E+02 0.178528E-01 0.141041E-01 0.250942E-01 0.119797E-03 -.215699E+01 -.208553E+01 0.251798E-03 0.946443E+00
   2 0.113333E+02 0.168177E-01 0.134739E-01 0.237941E-01 0.101287E-03 -.213968E+01 -.207221E+01 0.226599E-03 0.952427E+00
   2 0.113889E+02 0.158623E-01 0.128310E-01 0.225502E-01 0.869766E-04 -.211415E+01 -.203023E+01 0.203529E-03 0.956338E+00
   2 0.114444E+02 0.150515E-01 0.122336E-01 0.214327E-01 0.768870E-04 -.209141E+01 -.203582E+01 0.184134E-03 0.958232E+00
   2 0.115000E+02 0.142408E-01 0.116957E-01 0.203777E-01 0.660104E-04 -.207040E+01 -.200436E+01 0.166556E-03 0.962215E+00
