 program J1J2_6          
 spatial system size               56
 J1                         1.0000000000000000     
 deltaJ1                    0.0000000000000000     
 J2                        -1.0000000000000000     
 J3                         1.0000000000000000     
 phi, xi                        2.0000000000000000        3.0000000000000000     
 impurity conc.             0.0000000000000000     
 impurity mode           RAN
 start                   HOT
 stripe axis             X
 sampler mode            PT   
 update order            SEQ
 temperature protocol    INDEP
 PT start mode           COMMON
 PT ladder mode          LINEAR
 PT replicas                       64
 PT swap every                      5
 PT measure index                   1
 disorder configurations            2
 equilibration steps          1000000
 measurement steps             500000
 RNG seed                        9043
 ------------------------
 disorder configurations processed            2
    T      [<mag>]      [<mag>^2]      std.mag/sqrt(iconf)      [<susc>] .     std.susc/sqrt(iconf)      [<Binder>]      std.bin/sqrt(iconf) [log <mag>]  Global.Binder
 0.800000E+01 0.151537E-02 0.230285E-05 0.570629E-04 0.285059E-01 0.196469E-02 0.143675E-01 0.692709E-02 -.649352E+01 0.591860E-02
 0.805556E+01 0.152008E-02 0.231616E-05 0.524442E-04 0.285879E-01 0.185934E-02 0.889400E-02 0.620480E-02 -.649018E+01 0.154640E-02
 0.811111E+01 0.151805E-02 0.230849E-05 0.447515E-04 0.283814E-01 0.158032E-02 0.515548E-02 0.433905E-02 -.649120E+01 -.468763E-03
 0.816667E+01 0.151746E-02 0.230603E-05 0.409184E-04 0.281852E-01 0.143513E-02 0.639403E-02 0.283803E-02 -.649145E+01 0.145567E-02
 0.822222E+01 0.152009E-02 0.231349E-05 0.375677E-04 0.281281E-01 0.132166E-02 0.402955E-02 0.316681E-02 -.648960E+01 -.424158E-04
 0.827778E+01 0.152113E-02 0.231587E-05 0.320042E-04 0.280252E-01 0.114638E-02 0.349994E-03 0.170140E-02 -.648875E+01 -.283149E-02
 0.833333E+01 0.152330E-02 0.232203E-05 0.282325E-04 0.279276E-01 0.979460E-03 0.290458E-02 0.368375E-02 -.648722E+01 0.808333E-03
 0.838889E+01 0.152751E-02 0.233435E-05 0.231304E-04 0.279187E-01 0.824039E-03 -.302640E-04 0.137899E-02 -.648435E+01 -.166444E-02
 0.844444E+01 0.153052E-02 0.234341E-05 0.213303E-04 0.278273E-01 0.757706E-03 0.198134E-03 0.755087E-03 -.648234E+01 -.141210E-02
 0.850000E+01 0.153509E-02 0.235713E-05 0.178745E-04 0.277693E-01 0.686795E-03 0.210984E-03 0.119708E-02 -.647930E+01 -.103646E-02
 0.855556E+01 0.153845E-02 0.236734E-05 0.159762E-04 0.277717E-01 0.629043E-03 -.219829E-02 0.454262E-03 -.647709E+01 -.315954E-02
 0.861111E+01 0.154352E-02 0.238286E-05 0.144041E-04 0.277723E-01 0.501946E-03 -.458609E-03 0.953845E-03 -.647378E+01 -.106914E-02
 0.866667E+01 0.154789E-02 0.239623E-05 0.118330E-04 0.277488E-01 0.452938E-03 -.244200E-02 0.212075E-02 -.647092E+01 -.306679E-02
 0.872222E+01 0.155653E-02 0.242306E-05 0.116641E-04 0.278183E-01 0.428953E-03 0.226388E-02 0.505016E-03 -.646535E+01 0.183687E-02
 0.877778E+01 0.156191E-02 0.243978E-05 0.103165E-04 0.278533E-01 0.399449E-03 -.667943E-03 0.135746E-02 -.646189E+01 -.111317E-02
 0.883333E+01 0.156570E-02 0.245162E-05 0.101125E-04 0.278356E-01 0.308494E-03 -.116850E-02 0.261570E-02 -.645946E+01 -.134080E-02
 0.888889E+01 0.157422E-02 0.247827E-05 0.715972E-05 0.279055E-01 0.311945E-03 -.129500E-04 0.186654E-02 -.645402E+01 -.280631E-03
 0.894444E+01 0.157902E-02 0.249340E-05 0.737493E-05 0.279997E-01 0.315269E-03 -.677386E-03 0.175301E-02 -.645097E+01 -.949478E-03
 0.900000E+01 0.158462E-02 0.251113E-05 0.727983E-05 0.280542E-01 0.289362E-03 -.298030E-02 0.185494E-03 -.644743E+01 -.315797E-02
 0.905556E+01 0.159154E-02 0.253312E-05 0.737290E-05 0.280379E-01 0.223684E-03 -.245630E-02 0.335981E-03 -.644307E+01 -.262328E-02
 0.911111E+01 0.159856E-02 0.255547E-05 0.622764E-05 0.280891E-01 0.232042E-03 0.963790E-03 0.585160E-03 -.643867E+01 0.818493E-03
 0.916667E+01 0.160488E-02 0.257577E-05 0.795891E-05 0.281371E-01 0.242365E-03 0.117024E-02 0.123313E-02 -.643473E+01 0.103865E-02
 0.922222E+01 0.161093E-02 0.259522E-05 0.777252E-05 0.281683E-01 0.288321E-03 0.174725E-02 0.422934E-03 -.643097E+01 0.153638E-02
 0.927778E+01 0.161816E-02 0.261850E-05 0.576175E-05 0.282558E-01 0.248207E-03 0.131708E-02 0.202573E-02 -.642648E+01 0.113529E-02
 0.933333E+01 0.162197E-02 0.263086E-05 0.598530E-05 0.282261E-01 0.199297E-03 0.752834E-03 0.448492E-03 -.642413E+01 0.634347E-03
 0.938889E+01 0.162895E-02 0.265354E-05 0.600855E-05 0.283725E-01 0.214242E-03 -.132854E-02 0.353308E-03 -.641983E+01 -.142889E-02
 0.944444E+01 0.163329E-02 0.266777E-05 0.795783E-05 0.283477E-01 0.219791E-03 -.740363E-03 0.253431E-02 -.641718E+01 -.811770E-03
 0.950000E+01 0.164032E-02 0.269071E-05 0.532134E-05 0.283972E-01 0.221828E-03 0.177730E-03 0.152360E-02 -.641287E+01 0.381393E-04
 0.955556E+01 0.164318E-02 0.270009E-05 0.519162E-05 0.283620E-01 0.187684E-03 -.155921E-02 0.103873E-02 -.641113E+01 -.166867E-02
 0.961111E+01 0.165052E-02 0.272430E-05 0.605088E-05 0.284132E-01 0.166458E-03 0.971077E-03 0.262027E-02 -.640668E+01 0.950017E-03
 0.966667E+01 0.165572E-02 0.274146E-05 0.444466E-05 0.284386E-01 0.210389E-03 -.384992E-04 0.139638E-02 -.640352E+01 -.147183E-03
 0.972222E+01 0.166363E-02 0.276771E-05 0.463060E-05 0.284990E-01 0.137397E-03 0.178364E-02 0.886340E-03 -.639876E+01 0.174642E-02
 0.977778E+01 0.166610E-02 0.277595E-05 0.526428E-05 0.284289E-01 0.184084E-03 -.871989E-04 0.378341E-03 -.639728E+01 -.158860E-03
 0.983333E+01 0.167072E-02 0.279135E-05 0.400614E-05 0.284322E-01 0.127938E-03 0.201367E-02 0.857478E-03 -.639450E+01 0.198589E-02
 0.988889E+01 0.167732E-02 0.281345E-05 0.476141E-05 0.285618E-01 0.172489E-03 -.313610E-03 0.493282E-03 -.639056E+01 -.392580E-03
 0.994444E+01 0.168080E-02 0.282510E-05 0.238563E-05 0.284890E-01 0.134323E-03 -.121873E-02 0.149991E-02 -.638849E+01 -.126467E-02
 0.100000E+02 0.168838E-02 0.285073E-05 0.702489E-05 0.285091E-01 0.196869E-03 0.163853E-02 0.381133E-04 -.638400E+01 0.151800E-02
 0.100556E+02 0.169371E-02 0.286869E-05 0.395799E-05 0.285264E-01 0.699827E-04 0.371740E-02 0.106586E-02 -.638084E+01 0.370408E-02
 0.101111E+02 0.169600E-02 0.287645E-05 0.489909E-05 0.285780E-01 0.200805E-03 -.346031E-02 0.190332E-02 -.637949E+01 -.358569E-02
 0.101667E+02 0.170514E-02 0.290751E-05 0.346885E-05 0.286852E-01 0.138300E-03 -.511396E-03 0.920372E-03 -.637411E+01 -.565112E-03
 0.102222E+02 0.170991E-02 0.292380E-05 0.341245E-05 0.287179E-01 0.122230E-03 -.100505E-02 0.668867E-03 -.637132E+01 -.102757E-02
 0.102778E+02 0.171438E-02 0.293914E-05 0.355261E-05 0.286075E-01 0.890531E-04 0.219865E-02 0.406419E-03 -.636871E+01 0.217641E-02
 0.103333E+02 0.171654E-02 0.294653E-05 0.346317E-05 0.285809E-01 0.830941E-04 0.129654E-03 0.152577E-02 -.636745E+01 0.125497E-03
 0.103889E+02 0.172500E-02 0.297563E-05 0.290307E-05 0.286532E-01 0.105139E-03 0.748765E-03 0.276692E-03 -.636253E+01 0.728465E-03
 0.104444E+02 0.172547E-02 0.297728E-05 0.408471E-05 0.286048E-01 0.122590E-03 -.146785E-02 0.443226E-03 -.636226E+01 -.151781E-02
 0.105000E+02 0.173087E-02 0.299593E-05 0.358978E-05 0.286221E-01 0.128449E-03 -.948471E-03 0.751208E-03 -.635914E+01 -.972162E-03
 0.105556E+02 0.173735E-02 0.301841E-05 0.197318E-05 0.285755E-01 0.414169E-04 0.294268E-02 0.269200E-04 -.635539E+01 0.293513E-02
 0.106111E+02 0.174156E-02 0.303306E-05 0.325131E-05 0.286444E-01 0.767460E-04 -.149658E-02 0.144504E-02 -.635298E+01 -.149970E-02
 0.106667E+02 0.174264E-02 0.303684E-05 0.417650E-05 0.285638E-01 0.145694E-03 0.922310E-03 0.892176E-04 -.635236E+01 0.872486E-03
 0.107222E+02 0.174768E-02 0.305441E-05 0.279262E-05 0.286004E-01 0.412658E-04 -.332244E-03 0.214846E-02 -.634947E+01 -.323352E-03
 0.107778E+02 0.175415E-02 0.307705E-05 0.231662E-05 0.286707E-01 0.106768E-03 -.124010E-02 0.136452E-02 -.634577E+01 -.127511E-02
 0.108333E+02 0.175726E-02 0.308801E-05 0.395750E-05 0.285639E-01 0.110921E-03 -.145426E-03 0.458535E-03 -.634400E+01 -.189891E-03
 0.108889E+02 0.176091E-02 0.310082E-05 0.360624E-05 0.284876E-01 0.122928E-03 0.618889E-03 0.114893E-02 -.634193E+01 0.603232E-03
 0.109444E+02 0.176815E-02 0.312638E-05 0.288719E-05 0.285699E-01 0.886526E-04 0.267198E-02 0.824327E-03 -.633782E+01 0.266204E-02
 0.110000E+02 0.176766E-02 0.312467E-05 0.404790E-05 0.284517E-01 0.126202E-03 0.257883E-02 0.745968E-03 -.633810E+01 0.252443E-02
 0.110556E+02 0.177130E-02 0.313754E-05 0.298252E-05 0.284820E-01 0.801726E-04 0.427082E-03 0.144013E-02 -.633604E+01 0.425277E-03
 0.111111E+02 0.177590E-02 0.315385E-05 0.278642E-05 0.284594E-01 0.119058E-03 -.425593E-03 0.512412E-03 -.633345E+01 -.457566E-03
 0.111667E+02 0.177877E-02 0.316401E-05 0.129274E-05 0.284472E-01 0.613519E-04 -.164425E-02 0.764472E-03 -.633184E+01 -.165533E-02
 0.112222E+02 0.178551E-02 0.318804E-05 0.199685E-05 0.284058E-01 0.764934E-04 0.321836E-02 0.119506E-02 -.632805E+01 0.319537E-02
 0.112778E+02 0.178642E-02 0.319131E-05 0.354566E-05 0.283344E-01 0.370659E-04 0.870663E-03 0.215944E-02 -.632755E+01 0.878582E-03
 0.113333E+02 0.179042E-02 0.320560E-05 0.295850E-05 0.283247E-01 0.513118E-04 0.366703E-03 0.137910E-02 -.632531E+01 0.366684E-03
 0.113889E+02 0.179217E-02 0.321188E-05 0.173564E-05 0.283141E-01 0.671908E-04 0.474986E-03 0.351041E-03 -.632433E+01 0.463265E-03
 0.114444E+02 0.179417E-02 0.321906E-05 0.175657E-06 0.281994E-01 0.640641E-04 -.194812E-03 0.173297E-02 -.632321E+01 -.203205E-03
 0.115000E+02 0.179849E-02 0.323455E-05 0.110195E-05 0.282430E-01 0.580422E-04 0.955817E-03 0.164327E-02 -.632081E+01 0.941118E-03
