 program J1J2_6          
 spatial system size               56
 J1                         1.0000000000000000     
 deltaJ1                    0.0000000000000000     
 J2                        -1.0000000000000000     
 J3                         1.0000000000000000     
 phi, xi                        2.0000000000000000        3.0000000000000000     
 impurity conc.             0.0000000000000000     
 impurity mode           RAN
 start                   STR
 stripe axis             X
 sampler mode            PT   
 update order            SEQ
 temperature protocol    INDEP
 PT start mode           COMMON
 PT ladder mode          LINEAR
 PT replicas                       64
 PT swap every                      5
 PT measure index                   1
 disorder configurations            2
 equilibration steps          1000000
 measurement steps             500000
 RNG seed                        9001
 ------------------------
 disorder configurations processed            2
    T      [<n>]      std.n/sqrt(iconf)      [<n^2>]      [<n^4>]      Global.Nematic.Binder      Nematic.Binder      Nematic.Binder.Error
 0.800000E+01 -.178838E-01 0.104598E+00 0.223162E-01 0.536149E-03 0.641140E+00 0.659391E+00 0.131140E-02
 0.805556E+01 -.177226E-01 0.103763E+00 0.219627E-01 0.519439E-03 0.641043E+00 0.659243E+00 0.133682E-02
 0.811111E+01 -.176043E-01 0.102972E+00 0.216326E-01 0.504210E-03 0.640853E+00 0.659073E+00 0.136542E-02
 0.816667E+01 -.174088E-01 0.102154E+00 0.212910E-01 0.488476E-03 0.640806E+00 0.658903E+00 0.138528E-02
 0.822222E+01 -.172423E-01 0.101338E+00 0.209538E-01 0.473260E-03 0.640706E+00 0.658729E+00 0.141657E-02
 0.827778E+01 -.170089E-01 0.100503E+00 0.206094E-01 0.457820E-03 0.640712E+00 0.658555E+00 0.141414E-02
 0.833333E+01 -.167703E-01 0.996477E-01 0.202603E-01 0.442472E-03 0.640688E+00 0.658344E+00 0.141247E-02
 0.838889E+01 -.164574E-01 0.987263E-01 0.198851E-01 0.426097E-03 0.640805E+00 0.658161E+00 0.138108E-02
 0.844444E+01 -.162261E-01 0.978290E-01 0.195261E-01 0.410911E-03 0.640752E+00 0.657914E+00 0.142096E-02
 0.850000E+01 -.160051E-01 0.969536E-01 0.191784E-01 0.396431E-03 0.640729E+00 0.657738E+00 0.142030E-02
 0.855556E+01 -.158463E-01 0.960379E-01 0.188198E-01 0.381888E-03 0.640596E+00 0.657575E+00 0.144766E-02
 0.861111E+01 -.157078E-01 0.951349E-01 0.184707E-01 0.368060E-03 0.640392E+00 0.657363E+00 0.150038E-02
 0.866667E+01 -.155984E-01 0.942197E-01 0.181208E-01 0.354508E-03 0.640127E+00 0.657170E+00 0.153739E-02
 0.872222E+01 -.155162E-01 0.933072E-01 0.177761E-01 0.341449E-03 0.639808E+00 0.656972E+00 0.159085E-02
 0.877778E+01 -.154741E-01 0.923671E-01 0.174254E-01 0.328481E-03 0.639401E+00 0.656782E+00 0.165471E-02
 0.883333E+01 -.154290E-01 0.914212E-01 0.170762E-01 0.315814E-03 0.638981E+00 0.656576E+00 0.172530E-02
 0.888889E+01 -.154183E-01 0.904469E-01 0.167213E-01 0.303275E-03 0.638443E+00 0.656359E+00 0.178883E-02
 0.894444E+01 -.153741E-01 0.894872E-01 0.163747E-01 0.291222E-03 0.637960E+00 0.656109E+00 0.186609E-02
 0.900000E+01 -.152743E-01 0.885154E-01 0.160254E-01 0.279195E-03 0.637615E+00 0.655906E+00 0.190449E-02
 0.905556E+01 -.151839E-01 0.875680E-01 0.156888E-01 0.267867E-03 0.637242E+00 0.655686E+00 0.195104E-02
 0.911111E+01 -.151441E-01 0.866158E-01 0.153560E-01 0.256997E-03 0.636713E+00 0.655420E+00 0.202922E-02
 0.916667E+01 -.150181E-01 0.856508E-01 0.150194E-01 0.246059E-03 0.636408E+00 0.655203E+00 0.206898E-02
 0.922222E+01 -.149515E-01 0.846877E-01 0.146889E-01 0.235652E-03 0.635942E+00 0.654973E+00 0.211722E-02
 0.927778E+01 -.148458E-01 0.837373E-01 0.143652E-01 0.225609E-03 0.635571E+00 0.654757E+00 0.214111E-02
 0.933333E+01 -.147534E-01 0.827637E-01 0.140380E-01 0.215708E-03 0.635133E+00 0.654488E+00 0.221331E-02
 0.938889E+01 -.146530E-01 0.818012E-01 0.137180E-01 0.206234E-03 0.634692E+00 0.654240E+00 0.222956E-02
 0.944444E+01 -.144593E-01 0.808033E-01 0.133872E-01 0.196506E-03 0.634512E+00 0.654000E+00 0.226740E-02
 0.950000E+01 -.143649E-01 0.798125E-01 0.130658E-01 0.187433E-03 0.634025E+00 0.653741E+00 0.228975E-02
 0.955556E+01 -.142219E-01 0.788262E-01 0.127484E-01 0.178614E-03 0.633663E+00 0.653466E+00 0.232133E-02
 0.961111E+01 -.140595E-01 0.778426E-01 0.124354E-01 0.170103E-03 0.633336E+00 0.653151E+00 0.237966E-02
 0.966667E+01 -.138866E-01 0.768042E-01 0.121090E-01 0.161435E-03 0.633004E+00 0.652852E+00 0.241033E-02
 0.972222E+01 -.136905E-01 0.757960E-01 0.117955E-01 0.153293E-03 0.632741E+00 0.652548E+00 0.243179E-02
 0.977778E+01 -.135008E-01 0.747658E-01 0.114797E-01 0.145314E-03 0.632442E+00 0.652206E+00 0.249505E-02
 0.983333E+01 -.132615E-01 0.737203E-01 0.111627E-01 0.137477E-03 0.632232E+00 0.651823E+00 0.254444E-02
 0.988889E+01 -.130311E-01 0.726850E-01 0.108531E-01 0.130041E-03 0.631999E+00 0.651474E+00 0.254589E-02
 0.994444E+01 -.127926E-01 0.716806E-01 0.105567E-01 0.123092E-03 0.631828E+00 0.651084E+00 0.261637E-02
 0.100000E+02 -.125651E-01 0.706593E-01 0.102595E-01 0.116315E-03 0.631647E+00 0.650761E+00 0.263929E-02
 0.100556E+02 -.123218E-01 0.696454E-01 0.996881E-02 0.109882E-03 0.631432E+00 0.650312E+00 0.271134E-02
 0.101111E+02 -.120741E-01 0.686935E-01 0.969897E-02 0.104044E-03 0.631323E+00 0.649933E+00 0.275638E-02
 0.101667E+02 -.118601E-01 0.677549E-01 0.943707E-02 0.985528E-04 0.631130E+00 0.649592E+00 0.276748E-02
 0.102222E+02 -.116606E-01 0.668497E-01 0.918829E-02 0.934870E-04 0.630886E+00 0.649197E+00 0.281364E-02
 0.102778E+02 -.114751E-01 0.659664E-01 0.894895E-02 0.887455E-04 0.630613E+00 0.648809E+00 0.285415E-02
 0.103333E+02 -.112945E-01 0.650739E-01 0.871045E-02 0.841413E-04 0.630336E+00 0.648384E+00 0.295935E-02
 0.103889E+02 -.111197E-01 0.642656E-01 0.849662E-02 0.801056E-04 0.630130E+00 0.648094E+00 0.294025E-02
 0.104444E+02 -.109714E-01 0.634541E-01 0.828557E-02 0.762382E-04 0.629825E+00 0.647697E+00 0.304615E-02
 0.105000E+02 -.108196E-01 0.626590E-01 0.808134E-02 0.725948E-04 0.629475E+00 0.647293E+00 0.307731E-02
 0.105556E+02 -.106702E-01 0.618886E-01 0.788539E-02 0.691646E-04 0.629220E+00 0.646973E+00 0.310901E-02
 0.106111E+02 -.105015E-01 0.611421E-01 0.769763E-02 0.659490E-04 0.629001E+00 0.646580E+00 0.317780E-02
 0.106667E+02 -.103259E-01 0.603997E-01 0.751273E-02 0.628430E-04 0.628857E+00 0.646245E+00 0.322491E-02
 0.107222E+02 -.101647E-01 0.596652E-01 0.733255E-02 0.599043E-04 0.628613E+00 0.645849E+00 0.328030E-02
 0.107778E+02 -.996007E-02 0.589318E-01 0.715406E-02 0.570406E-04 0.628501E+00 0.645421E+00 0.334464E-02
 0.108333E+02 -.978562E-02 0.582153E-01 0.698162E-02 0.543358E-04 0.628421E+00 0.645156E+00 0.335018E-02
 0.108889E+02 -.960202E-02 0.574926E-01 0.681051E-02 0.517390E-04 0.628176E+00 0.644694E+00 0.336977E-02
 0.109444E+02 -.938798E-02 0.567800E-01 0.664278E-02 0.492237E-04 0.628163E+00 0.644328E+00 0.339845E-02
 0.110000E+02 -.922442E-02 0.560661E-01 0.647779E-02 0.468319E-04 0.627980E+00 0.643972E+00 0.343005E-02
 0.110556E+02 -.900867E-02 0.553761E-01 0.631976E-02 0.445857E-04 0.627889E+00 0.643484E+00 0.348508E-02
 0.111111E+02 -.886007E-02 0.546648E-01 0.615969E-02 0.423841E-04 0.627639E+00 0.643095E+00 0.352907E-02
 0.111667E+02 -.868251E-02 0.539711E-01 0.600492E-02 0.402964E-04 0.627497E+00 0.642734E+00 0.352083E-02
 0.112222E+02 -.851225E-02 0.532624E-01 0.584936E-02 0.382586E-04 0.627273E+00 0.642269E+00 0.358619E-02
 0.112778E+02 -.835426E-02 0.525694E-01 0.569924E-02 0.363456E-04 0.627010E+00 0.641815E+00 0.362747E-02
 0.113333E+02 -.820480E-02 0.518770E-01 0.555137E-02 0.345106E-04 0.626723E+00 0.641381E+00 0.365052E-02
 0.113889E+02 -.809618E-02 0.512052E-01 0.541044E-02 0.328208E-04 0.626265E+00 0.640900E+00 0.369703E-02
 0.114444E+02 -.796510E-02 0.505374E-01 0.527194E-02 0.311958E-04 0.625860E+00 0.640321E+00 0.382917E-02
 0.115000E+02 -.784903E-02 0.498498E-01 0.513100E-02 0.295800E-04 0.625482E+00 0.639914E+00 0.385394E-02
