 program J1J2_6          
 spatial system size               56
 J1                         1.0000000000000000     
 deltaJ1                    0.0000000000000000     
 J2                        -1.0000000000000000     
 J3                         1.0000000000000000     
 phi, xi                        2.0000000000000000        3.0000000000000000     
 impurity conc.             0.0000000000000000     
 impurity mode           RAN
 start                   STR
 stripe axis             X
 sampler mode            PT   
 update order            SEQ
 temperature protocol    INDEP
 PT start mode           COMMON
 PT ladder mode          LINEAR
 PT replicas                       64
 PT swap every                      5
 PT measure index                   1
 disorder configurations            2
 equilibration steps          1000000
 measurement steps             500000
 RNG seed                        9247
 ------------------------
 disorder configurations processed            2
    T      [<n>]      std.n/sqrt(iconf)      [<n^2>]      [<n^4>]      Global.Nematic.Binder      Nematic.Binder      Nematic.Binder.Error
 0.800000E+01 0.921479E-01 0.630108E-01 0.165489E-01 0.551073E-03 0.329264E+00 0.332095E+00 0.233301E+00
 0.805556E+01 0.915885E-01 0.627894E-01 0.163903E-01 0.540683E-03 0.329118E+00 0.332271E+00 0.233134E+00
 0.811111E+01 0.909763E-01 0.625756E-01 0.162255E-01 0.530002E-03 0.328943E+00 0.331749E+00 0.233443E+00
 0.816667E+01 0.904070E-01 0.623171E-01 0.160580E-01 0.519132E-03 0.328921E+00 0.330447E+00 0.234338E+00
 0.822222E+01 0.898093E-01 0.621028E-01 0.158974E-01 0.508948E-03 0.328723E+00 0.333675E+00 0.231989E+00
 0.827778E+01 0.892352E-01 0.618334E-01 0.157280E-01 0.498224E-03 0.328640E+00 0.331088E+00 0.233776E+00
 0.833333E+01 0.886016E-01 0.615815E-01 0.155532E-01 0.487232E-03 0.328611E+00 0.330511E+00 0.234158E+00
 0.838889E+01 0.879891E-01 0.613290E-01 0.153837E-01 0.476781E-03 0.328455E+00 0.331053E+00 0.233703E+00
 0.844444E+01 0.873684E-01 0.610506E-01 0.152071E-01 0.465932E-03 0.328402E+00 0.331100E+00 0.233627E+00
 0.850000E+01 0.867650E-01 0.607746E-01 0.150348E-01 0.455481E-03 0.328338E+00 0.331489E+00 0.233310E+00
 0.855556E+01 0.861202E-01 0.605489E-01 0.148686E-01 0.445539E-03 0.328227E+00 0.330507E+00 0.233955E+00
 0.861111E+01 0.855044E-01 0.602892E-01 0.147008E-01 0.435600E-03 0.328132E+00 0.330680E+00 0.233768E+00
 0.866667E+01 0.848836E-01 0.600205E-01 0.145307E-01 0.425619E-03 0.328070E+00 0.329498E+00 0.234551E+00
 0.872222E+01 0.842361E-01 0.597414E-01 0.143545E-01 0.415420E-03 0.327964E+00 0.330452E+00 0.233817E+00
 0.877778E+01 0.836401E-01 0.594370E-01 0.141822E-01 0.405515E-03 0.327960E+00 0.329818E+00 0.234223E+00
 0.883333E+01 0.829886E-01 0.591642E-01 0.140089E-01 0.395704E-03 0.327887E+00 0.330362E+00 0.233786E+00
 0.888889E+01 0.823619E-01 0.588630E-01 0.138342E-01 0.385917E-03 0.327855E+00 0.329153E+00 0.234594E+00
 0.894444E+01 0.817037E-01 0.585604E-01 0.136555E-01 0.376027E-03 0.327820E+00 0.330969E+00 0.233253E+00
 0.900000E+01 0.810251E-01 0.582568E-01 0.134738E-01 0.366102E-03 0.327792E+00 0.330716E+00 0.233388E+00
 0.905556E+01 0.803386E-01 0.579369E-01 0.132885E-01 0.356108E-03 0.327785E+00 0.330283E+00 0.233648E+00
 0.911111E+01 0.796438E-01 0.576114E-01 0.131023E-01 0.346258E-03 0.327671E+00 0.330220E+00 0.233609E+00
 0.916667E+01 0.789598E-01 0.572768E-01 0.129166E-01 0.336522E-03 0.327651E+00 0.330008E+00 0.233710E+00
 0.922222E+01 0.783096E-01 0.568996E-01 0.127279E-01 0.326801E-03 0.327566E+00 0.330545E+00 0.233267E+00
 0.927778E+01 0.776411E-01 0.565256E-01 0.125384E-01 0.317146E-03 0.327565E+00 0.331559E+00 0.232505E+00
 0.933333E+01 0.770204E-01 0.561159E-01 0.123499E-01 0.307730E-03 0.327460E+00 0.331383E+00 0.232560E+00
 0.938889E+01 0.763943E-01 0.556882E-01 0.121579E-01 0.298302E-03 0.327309E+00 0.331482E+00 0.232412E+00
 0.944444E+01 0.758330E-01 0.552413E-01 0.119731E-01 0.289340E-03 0.327221E+00 0.331468E+00 0.232361E+00
 0.950000E+01 0.752912E-01 0.547495E-01 0.117825E-01 0.280260E-03 0.327081E+00 0.329752E+00 0.233513E+00
 0.955556E+01 0.748142E-01 0.542785E-01 0.116079E-01 0.272084E-03 0.326911E+00 0.330033E+00 0.233244E+00
 0.961111E+01 0.743133E-01 0.537702E-01 0.114229E-01 0.263538E-03 0.326766E+00 0.329567E+00 0.233509E+00
 0.966667E+01 0.738444E-01 0.532749E-01 0.112471E-01 0.255546E-03 0.326607E+00 0.332180E+00 0.231591E+00
 0.972222E+01 0.733905E-01 0.527601E-01 0.110706E-01 0.247641E-03 0.326465E+00 0.330108E+00 0.232994E+00
 0.977778E+01 0.729529E-01 0.522445E-01 0.108977E-01 0.240020E-03 0.326309E+00 0.330171E+00 0.232887E+00
 0.983333E+01 0.724635E-01 0.517083E-01 0.107145E-01 0.232072E-03 0.326157E+00 0.329548E+00 0.233254E+00
 0.988889E+01 0.719329E-01 0.511662E-01 0.105261E-01 0.224025E-03 0.326028E+00 0.329940E+00 0.232897E+00
 0.994444E+01 0.713292E-01 0.506242E-01 0.103284E-01 0.215734E-03 0.325888E+00 0.329056E+00 0.233451E+00
 0.100000E+02 0.707907E-01 0.500322E-01 0.101324E-01 0.207651E-03 0.325805E+00 0.329114E+00 0.233331E+00
 0.100556E+02 0.701396E-01 0.494337E-01 0.992103E-02 0.199142E-03 0.325583E+00 0.327575E+00 0.234307E+00
 0.101111E+02 0.694893E-01 0.488327E-01 0.971127E-02 0.190845E-03 0.325462E+00 0.328167E+00 0.233805E+00
 0.101667E+02 0.688061E-01 0.482374E-01 0.950067E-02 0.182689E-03 0.325343E+00 0.329723E+00 0.232611E+00
 0.102222E+02 0.680693E-01 0.476060E-01 0.927838E-02 0.174272E-03 0.325220E+00 0.329506E+00 0.232655E+00
 0.102778E+02 0.673390E-01 0.469773E-01 0.906012E-02 0.166215E-03 0.325035E+00 0.329555E+00 0.232493E+00
 0.103333E+02 0.665789E-01 0.463521E-01 0.884124E-02 0.158320E-03 0.324871E+00 0.330756E+00 0.231518E+00
 0.103889E+02 0.658046E-01 0.457082E-01 0.861980E-02 0.150535E-03 0.324660E+00 0.328937E+00 0.232659E+00
 0.104444E+02 0.650159E-01 0.450851E-01 0.840259E-02 0.143087E-03 0.324458E+00 0.329491E+00 0.232142E+00
 0.105000E+02 0.642120E-01 0.444667E-01 0.818728E-02 0.135891E-03 0.324244E+00 0.329113E+00 0.232271E+00
 0.105556E+02 0.634125E-01 0.438692E-01 0.797896E-02 0.129087E-03 0.324121E+00 0.329138E+00 0.232138E+00
 0.106111E+02 0.625630E-01 0.432351E-01 0.776088E-02 0.122158E-03 0.323949E+00 0.327120E+00 0.233423E+00
 0.106667E+02 0.617792E-01 0.426162E-01 0.755649E-02 0.115845E-03 0.323735E+00 0.328687E+00 0.232166E+00
 0.107222E+02 0.609661E-01 0.420089E-01 0.735333E-02 0.109736E-03 0.323510E+00 0.329100E+00 0.231715E+00
 0.107778E+02 0.601110E-01 0.413905E-01 0.714565E-02 0.103653E-03 0.323327E+00 0.327583E+00 0.232652E+00
 0.108333E+02 0.593320E-01 0.407733E-01 0.695049E-02 0.981132E-04 0.323020E+00 0.327354E+00 0.232631E+00
 0.108889E+02 0.584971E-01 0.401639E-01 0.675308E-02 0.926678E-04 0.322664E+00 0.329153E+00 0.231147E+00
 0.109444E+02 0.576846E-01 0.395528E-01 0.656041E-02 0.874746E-04 0.322516E+00 0.328380E+00 0.231547E+00
 0.110000E+02 0.568701E-01 0.389325E-01 0.636918E-02 0.824996E-04 0.322104E+00 0.326940E+00 0.232333E+00
 0.110556E+02 0.560754E-01 0.383328E-01 0.618611E-02 0.778450E-04 0.321931E+00 0.327552E+00 0.231731E+00
 0.111111E+02 0.552580E-01 0.377088E-01 0.599907E-02 0.732395E-04 0.321647E+00 0.328244E+00 0.231059E+00
 0.111667E+02 0.544688E-01 0.371303E-01 0.582527E-02 0.690948E-04 0.321277E+00 0.329573E+00 0.229901E+00
 0.112222E+02 0.536638E-01 0.365253E-01 0.564807E-02 0.649836E-04 0.320980E+00 0.327164E+00 0.231408E+00
 0.112778E+02 0.528305E-01 0.359511E-01 0.547533E-02 0.610889E-04 0.320763E+00 0.327077E+00 0.231282E+00
 0.113333E+02 0.520768E-01 0.353685E-01 0.531257E-02 0.575452E-04 0.320362E+00 0.327931E+00 0.230426E+00
 0.113889E+02 0.512692E-01 0.347900E-01 0.514710E-02 0.540373E-04 0.320096E+00 0.328600E+00 0.229747E+00
 0.114444E+02 0.505194E-01 0.342356E-01 0.499318E-02 0.508779E-04 0.319775E+00 0.327299E+00 0.230462E+00
 0.115000E+02 0.497410E-01 0.336863E-01 0.483988E-02 0.478207E-04 0.319504E+00 0.327809E+00 0.229878E+00
