 # ix iy layer isite phi
       0       0       0  -0.179795884826E+00
       1       0       0  -0.133023583679E+01
       2       0       0   0.220882548972E+00
       3       0       0   0.119129080659E+01
       4       0       0   0.133934555415E+01
       5       0       0   0.945444788567E+00
       6       0       0  -0.107804639166E+01
       7       0       0  -0.155404545674E+01
       8       0       0  -0.599299895389E+00
       9       0       0   0.113339854888E+01
       0       1       0   0.120260584064E+00
       1       1       0  -0.365002194028E+00
       2       1       0   0.970282173400E+00
       3       1       0   0.853754826975E+00
       4       1       0   0.132785329785E+00
       5       1       0   0.108064028399E+01
       6       1       0  -0.560118386172E+00
       7       1       0  -0.168225788732E+01
       8       1       0  -0.621813034657E+00
       9       1       0   0.494777112933E+00
       0       2       0  -0.415727770431E+00
       1       2       0  -0.123751064987E+01
       2       2       0   0.948396084543E+00
       3       2       0   0.953275932234E+00
       4       2       0   0.190591391071E+01
       5       2       0   0.348076581927E+00
       6       2       0  -0.160882967956E+01
       7       2       0   0.134543552768E+00
       8       2       0   0.114683003652E+01
       9       2       0   0.722039688067E+00
       0       3       0  -0.427342778463E+00
       1       3       0  -0.110823278770E+00
       2       3       0   0.175925535401E+01
       3       3       0   0.197012205087E+01
       4       3       0   0.166801178368E+01
       5       3       0   0.677027713331E+00
       6       3       0   0.118837499834E+01
       7       3       0   0.184299743305E+00
       8       3       0   0.281815065917E+00
       9       3       0   0.278006606472E+00
       0       4       0   0.129559208497E+01
       1       4       0   0.183531142880E+01
       2       4       0   0.165605340712E+01
       3       4       0   0.177222844643E+01
       4       4       0   0.167201893076E+01
       5       4       0   0.123774935583E+01
       6       4       0   0.108054983725E+01
       7       4       0   0.779892135281E+00
       8       4       0  -0.696537980756E+00
       9       4       0  -0.199739140513E+00
       0       5       0   0.423596613996E+00
       1       5       0   0.156201372582E+01
       2       5       0   0.130322680754E+01
       3       5       0   0.149110384169E+01
       4       5       0   0.190661792844E+01
       5       5       0   0.357732700888E+00
       6       5       0  -0.115279195532E+00
       7       5       0  -0.128988158025E+00
       8       5       0   0.990791764069E-02
       9       5       0  -0.640565923190E+00
       0       6       0   0.951936546340E+00
       1       6       0   0.116951711344E+01
       2       6       0  -0.554961986546E-01
       3       6       0   0.156869841382E+01
       4       6       0   0.823285357431E+00
       5       6       0   0.875081248716E+00
       6       6       0   0.763315725672E+00
       7       6       0  -0.508029554039E+00
       8       6       0   0.145629505075E+01
       9       6       0   0.118277453593E+01
       0       7       0  -0.114894664353E+01
       1       7       0  -0.156258680044E+01
       2       7       0  -0.142325255511E+01
       3       7       0  -0.496755386375E+00
       4       7       0  -0.480188271289E+00
       5       7       0   0.775545161974E+00
       6       7       0   0.704983936647E+00
       7       7       0   0.907426312519E+00
       8       7       0   0.181287158907E+01
       9       7       0   0.135605915693E+01
       0       8       0  -0.162884997524E+01
       1       8       0  -0.155593447612E+01
       2       8       0  -0.960237371558E+00
       3       8       0  -0.137920404655E+01
       4       8       0   0.681382167615E+00
       5       8       0   0.791341987216E+00
       6       8       0   0.884751019868E+00
       7       8       0   0.771983650362E+00
       8       8       0   0.143821135298E+01
       9       8       0   0.471482637194E+00
       0       9       0   0.706510011951E+00
       1       9       0   0.355914913850E+00
       2       9       0  -0.346638634325E-01
       3       9       0  -0.825322771853E+00
       4       9       0  -0.100120402224E+01
       5       9       0  -0.941186785641E+00
       6       9       0   0.613317676296E+00
       7       9       0   0.198610631856E+00
       8       9       0  -0.167084077815E+00
       9       9       0  -0.186429852568E+00
       0       0       1  -0.791254511704E+00
       1       0       1  -0.137406651773E+01
       2       0       1  -0.504738978096E+00
       3       0       1  -0.833952571291E+00
       4       0       1  -0.115217849015E+01
       5       0       1  -0.129717941185E+01
       6       0       1  -0.147360081025E+01
       7       0       1   0.295414840304E+00
       8       0       1   0.356641709174E+00
       9       0       1  -0.220044940685E+00
       0       1       1  -0.878866787739E+00
       1       1       1  -0.134460039542E+01
       2       1       1  -0.473442642567E+00
       3       1       1  -0.111474112457E+00
       4       1       1  -0.768388960822E+00
       5       1       1   0.280401795510E+00
       6       1       1  -0.192656973397E+01
       7       1       1   0.165290659284E+00
       8       1       1   0.105905074467E+01
       9       1       1  -0.238469737975E+00
       0       2       1   0.102782430845E+01
       1       2       1  -0.479344857432E+00
       2       2       1  -0.163298914148E+01
       3       2       1  -0.127331261003E+01
       4       2       1  -0.132526564750E+01
       5       2       1  -0.763955842614E+00
       6       2       1  -0.140121962163E+01
       7       2       1  -0.156795021095E+01
       8       2       1  -0.877370784827E+00
       9       2       1  -0.488290524954E+00
       0       3       1  -0.356384696903E+00
       1       3       1   0.887964365339E+00
       2       3       1  -0.101483727488E+01
       3       3       1  -0.136554207611E+01
       4       3       1  -0.758997947136E+00
       5       3       1  -0.147769371417E+00
       6       3       1  -0.537311777045E+00
       7       3       1  -0.164628206814E+01
       8       3       1  -0.169916393424E+01
       9       3       1   0.678857276305E+00
       0       4       1  -0.139186633126E+01
       1       4       1   0.102177681743E+01
       2       4       1   0.244136201853E+00
       3       4       1  -0.127902397262E+01
       4       4       1  -0.884373637614E+00
       5       4       1  -0.113267655504E+01
       6       4       1  -0.180902749543E+01
       7       4       1  -0.254510684895E+00
       8       4       1  -0.859025662447E+00
       9       4       1   0.148160522541E+01
       0       5       1   0.294852772854E+00
       1       5       1   0.808008337052E+00
       2       5       1  -0.107234111084E+01
       3       5       1  -0.123656500422E+01
       4       5       1  -0.992902626769E+00
       5       5       1  -0.585867736608E+00
       6       5       1  -0.175144612649E+01
       7       5       1  -0.591158493452E+00
       8       5       1   0.543215277431E+00
       9       5       1   0.157015487523E+01
       0       6       1  -0.109616530591E+01
       1       6       1  -0.302977267368E+00
       2       6       1   0.426143822106E+00
       3       6       1  -0.155123628301E+01
       4       6       1  -0.158451227494E+01
       5       6       1  -0.161905611750E+01
       6       6       1  -0.158332212313E+01
       7       6       1  -0.186940142708E+01
       8       6       1  -0.127236360632E+01
       9       6       1   0.190827088352E+00
       0       7       1  -0.113348848029E+01
       1       7       1   0.656713297248E+00
       2       7       1  -0.347712934690E+00
       3       7       1  -0.514677831989E+00
       4       7       1  -0.167231059484E+01
       5       7       1  -0.234484902549E+00
       6       7       1   0.533639918183E+00
       7       7       1  -0.448320555437E+00
       8       7       1   0.111196013104E+01
       9       7       1   0.854052399795E+00
       0       8       1  -0.193278134149E+01
       1       8       1  -0.465607442393E+00
       2       8       1   0.515925075362E+00
       3       8       1   0.284398023628E+00
       4       8       1   0.717531898456E+00
       5       8       1   0.101541094666E+01
       6       8       1   0.956509079952E+00
       7       8       1   0.149516826419E+01
       8       8       1   0.172333508982E+01
       9       8       1   0.166458186739E+01
       0       9       1  -0.166028098037E+01
       1       9       1  -0.198361077671E+00
       2       9       1  -0.623948153311E+00
       3       9       1   0.208631993622E+00
       4       9       1   0.675834957312E-01
       5       9       1   0.862419286998E+00
       6       9       1   0.115165267720E+01
       7       9       1   0.183756669719E+01
       8       9       1   0.157163933450E+01
       9       9       1   0.180114405632E+01
       0       0       2  -0.168944285987E+01
       1       0       2  -0.266684115494E+00
       2       0       2   0.602261003148E+00
       3       0       2  -0.395450158164E+00
       4       0       2  -0.449527137125E+00
       5       0       2   0.939397646120E+00
       6       0       2  -0.144393982135E+01
       7       0       2  -0.908484819680E+00
       8       0       2  -0.114551972889E+01
       9       0       2  -0.146261817488E+01
       0       1       2  -0.169550067038E+01
       1       1       2  -0.134810620823E+01
       2       1       2  -0.155673616680E+01
       3       1       2   0.236883793340E+00
       4       1       2   0.796337946407E+00
       5       1       2  -0.562111016339E-01
       6       1       2  -0.666367300851E+00
       7       1       2  -0.481105495363E+00
       8       1       2  -0.130311016903E+01
       9       1       2  -0.143368370466E+01
       0       2       2  -0.185036757837E+01
       1       2       2  -0.192426263207E+01
       2       2       2  -0.413795738149E-01
       3       2       2  -0.114038565967E+01
       4       2       2  -0.127212166358E+01
       5       2       2  -0.287042006020E+00
       6       2       2  -0.488803331652E-01
       7       2       2  -0.124663142320E+01
       8       2       2  -0.851279123823E+00
       9       2       2  -0.750874514820E+00
       0       3       2  -0.184272355600E+01
       1       3       2  -0.147724267120E+01
       2       3       2  -0.739280043700E+00
       3       3       2  -0.879358653852E+00
       4       3       2  -0.708888233497E+00
       5       3       2  -0.116240153113E+01
       6       3       2  -0.994706176005E+00
       7       3       2  -0.198296339583E+01
       8       3       2  -0.177011440599E+01
       9       3       2   0.878721639586E-01
       0       4       2  -0.174200672890E+01
       1       4       2  -0.550613010224E+00
       2       4       2   0.754631095020E+00
       3       4       2   0.647495373841E+00
       4       4       2   0.404025700625E+00
       5       4       2  -0.167132991657E+01
       6       4       2   0.236136109914E+00
       7       4       2  -0.173376979818E+01
       8       4       2  -0.156085371795E+01
       9       4       2  -0.132469250865E+01
       0       5       2  -0.860312798378E+00
       1       5       2  -0.996215877525E+00
       2       5       2  -0.815829411432E-01
       3       5       2  -0.114930184401E+01
       4       5       2  -0.826965010533E+00
       5       5       2  -0.363101898514E+00
       6       5       2  -0.171020119541E+01
       7       5       2  -0.148344475871E+01
       8       5       2  -0.132106756217E+01
       9       5       2  -0.511998517184E+00
       0       6       2  -0.175063289314E+01
       1       6       2   0.353832994857E+00
       2       6       2  -0.286663940564E+00
       3       6       2  -0.815391258573E+00
       4       6       2   0.172722281241E+00
       5       6       2  -0.326659460580E+00
       6       6       2  -0.859638102390E+00
       7       6       2  -0.552662955437E+00
       8       6       2  -0.101402723613E+01
       9       6       2  -0.570868459697E+00
       0       7       2  -0.618060732699E+00
       1       7       2   0.117797681818E+01
       2       7       2   0.905168033897E+00
       3       7       2  -0.491211834091E+00
       4       7       2  -0.907894100007E+00
       5       7       2  -0.102588640946E+01
       6       7       2  -0.760320005191E+00
       7       7       2  -0.857680174488E+00
       8       7       2  -0.101080337749E+01
       9       7       2  -0.127729845176E+01
       0       8       2  -0.790325640866E+00
       1       8       2   0.265658535647E+00
       2       8       2   0.592916829300E+00
       3       8       2  -0.973046478270E+00
       4       8       2   0.147269362381E+01
       5       8       2   0.301393400376E+00
       6       8       2   0.745614048195E-01
       7       8       2   0.100986114802E+01
       8       8       2  -0.103697237446E+01
       9       8       2   0.244108675358E+00
       0       9       2  -0.941190008476E+00
       1       9       2   0.112303523666E+00
       2       9       2   0.116523079301E+01
       3       9       2  -0.783531717848E+00
       4       9       2  -0.601062433573E+00
       5       9       2  -0.100512290245E+01
       6       9       2   0.899298467487E+00
       7       9       2   0.790462231468E+00
       8       9       2  -0.875726307478E+00
       9       9       2  -0.120250795680E+00
       0       0       3  -0.486331707372E+00
       1       0       3   0.419750615520E+00
       2       0       3   0.507006602273E+00
       3       0       3  -0.313931814083E+00
       4       0       3  -0.119504305587E+01
       5       0       3  -0.144717764949E+00
       6       0       3   0.996905058244E+00
       7       0       3   0.167481302924E+00
       8       0       3   0.167291161620E+01
       9       0       3   0.131035509577E+01
       0       1       3   0.652862561930E+00
       1       1       3   0.718828390969E+00
       2       1       3  -0.236485167803E+00
       3       1       3   0.728929638284E+00
       4       1       3   0.154305110819E+00
       5       1       3   0.583305599191E+00
       6       1       3   0.503670283919E+00
       7       1       3  -0.437169921072E+00
       8       1       3   0.111766147559E+01
       9       1       3   0.636376579295E+00
       0       2       3   0.105353847288E+00
       1       2       3  -0.597317356148E+00
       2       2       3  -0.327173492832E+00
       3       2       3  -0.455500835781E+00
       4       2       3   0.446186640848E+00
       5       2       3   0.116512932448E+01
       6       2       3   0.496512028681E+00
       7       2       3   0.109226580249E+01
       8       2       3   0.124555521071E+01
       9       2       3   0.140184435440E+01
       0       3       3   0.127602125493E+00
       1       3       3  -0.146964419680E+01
       2       3       3  -0.552225064538E+00
       3       3       3  -0.119767411903E+01
       4       3       3  -0.951920924794E+00
       5       3       3   0.585424505188E+00
       6       3       3   0.844031372902E-01
       7       3       3   0.110008839503E+01
       8       3       3   0.132304989661E+00
       9       3       3   0.102245707961E+01
       0       4       3   0.125446493806E+01
       1       4       3   0.290700320501E+00
       2       4       3  -0.482461472086E+00
       3       4       3  -0.786171402176E+00
       4       4       3  -0.947200680030E+00
       5       4       3  -0.542511593373E+00
       6       4       3  -0.116775985397E+01
       7       4       3  -0.886860045833E+00
       8       4       3   0.364541791178E+00
       9       4       3   0.559133694811E+00
       0       5       3   0.108082616893E+01
       1       5       3   0.531174154731E+00
       2       5       3   0.597486159419E-01
       3       5       3   0.498489556976E+00
       4       5       3  -0.479646817909E+00
       5       5       3  -0.138223590084E+01
       6       5       3  -0.188270402189E+01
       7       5       3  -0.178217172910E+01
       8       5       3  -0.637869861385E+00
       9       5       3  -0.102507443142E+01
       0       6       3  -0.172877846475E+01
       1       6       3   0.175094857068E+00
       2       6       3  -0.503848152768E+00
       3       6       3  -0.151412199116E+01
       4       6       3  -0.140601750656E+01
       5       6       3  -0.176182961980E+01
       6       6       3  -0.732200843718E+00
       7       6       3  -0.906680511253E+00
       8       6       3  -0.143811255577E+01
       9       6       3  -0.177058903832E+01
       0       7       3   0.463950350911E+00
       1       7       3  -0.617386160503E+00
       2       7       3  -0.691741817143E+00
       3       7       3  -0.160681431152E+01
       4       7       3  -0.101242258630E+01
       5       7       3   0.770173031120E+00
       6       7       3   0.708260053329E+00
       7       7       3  -0.997807576445E+00
       8       7       3  -0.313398471934E+00
       9       7       3  -0.130000688708E+01
       0       8       3  -0.134384715260E+01
       1       8       3   0.131072508618E+00
       2       8       3  -0.616654909960E+00
       3       8       3  -0.113644010703E+01
       4       8       3  -0.159267800315E+01
       5       8       3   0.572189015360E-01
       6       8       3  -0.596044559465E+00
       7       8       3  -0.743181976463E-01
       8       8       3  -0.689952254420E+00
       9       8       3  -0.126829485540E+01
       0       9       3  -0.255411483145E+00
       1       9       3  -0.385518961209E+00
       2       9       3  -0.928046962755E-01
       3       9       3   0.516307741324E+00
       4       9       3   0.943130601630E+00
       5       9       3   0.738168446480E-01
       6       9       3  -0.153888244448E+01
       7       9       3  -0.722333672358E+00
       8       9       3   0.470298528014E+00
       9       9       3  -0.147298438415E+01
       0       0       4  -0.147852259139E+01
       1       0       4  -0.117305790846E+01
       2       0       4   0.118927936124E+01
       3       0       4   0.186024122699E+01
       4       0       4   0.165590722036E+01
       5       0       4   0.163355815091E+01
       6       0       4   0.167622586211E+01
       7       0       4   0.133242551532E+01
       8       0       4  -0.277385023156E+00
       9       0       4  -0.512206377659E+00
       0       1       4  -0.198717314494E+01
       1       1       4  -0.162119749170E+01
       2       1       4  -0.170037526460E+01
       3       1       4  -0.896501437754E+00
       4       1       4  -0.132881940112E-01
       5       1       4   0.163141822614E+01
       6       1       4   0.968370917693E+00
       7       1       4   0.165708064366E+01
       8       1       4   0.134589525352E+01
       9       1       4  -0.141334267547E+01
       0       2       4  -0.190989051260E+01
       1       2       4  -0.161253818444E+01
       2       2       4  -0.153056668958E+01
       3       2       4  -0.242526092434E+00
       4       2       4   0.870892825549E+00
       5       2       4   0.110168081863E+01
       6       2       4   0.698959691247E+00
       7       2       4   0.977132877990E+00
       8       2       4   0.606411422317E+00
       9       2       4  -0.183228138868E+01
       0       3       4  -0.185313554851E+01
       1       3       4  -0.188913963625E+01
       2       3       4  -0.123482120070E+01
       3       3       4  -0.985273219651E+00
       4       3       4  -0.225042285933E-02
       5       3       4   0.949161741404E+00
       6       3       4   0.116462792462E+01
       7       3       4  -0.137693903137E+01
       8       3       4  -0.919189348050E+00
       9       3       4  -0.192422581587E+01
       0       4       4  -0.184106560796E+01
       1       4       4  -0.192823397363E+01
       2       4       4  -0.134662215123E+01
       3       4       4  -0.540065263252E+00
       4       4       4   0.661836205216E+00
       5       4       4   0.113093660586E+00
       6       4       4   0.152522729599E+01
       7       4       4   0.461296696976E-01
       8       4       4  -0.142571580544E+01
       9       4       4  -0.187075655142E+01
       0       5       4  -0.170326990660E+01
       1       5       4  -0.121290568454E+01
       2       5       4  -0.165701755435E+01
       3       5       4  -0.226807795825E+00
       4       5       4   0.629558523171E+00
       5       5       4   0.352161347878E+00
       6       5       4   0.222246374906E+00
       7       5       4  -0.421183270410E+00
       8       5       4  -0.144410092852E+01
       9       5       4  -0.152273876768E+01
       0       6       4  -0.690158853778E+00
       1       6       4   0.435456649785E+00
       2       6       4  -0.509161691906E+00
       3       6       4  -0.116404336039E+01
       4       6       4  -0.148526352346E+01
       5       6       4  -0.165514796808E+00
       6       6       4   0.222328840072E+00
       7       6       4  -0.892742400876E+00
       8       6       4  -0.150509581188E+01
       9       6       4  -0.881974150125E+00
       0       7       4   0.235934653059E+00
       1       7       4   0.667298664366E+00
       2       7       4   0.122323112315E+00
       3       7       4  -0.427966565513E+00
       4       7       4   0.114888945783E+01
       5       7       4   0.173530703733E+00
       6       7       4  -0.131239541758E+00
       7       7       4  -0.131920035973E+01
       8       7       4  -0.953462217203E+00
       9       7       4  -0.130370877961E+01
       0       8       4   0.958524360855E+00
       1       8       4   0.790537962681E-01
       2       8       4  -0.547391894639E+00
       3       8       4  -0.659803363567E+00
       4       8       4   0.727049996116E+00
       5       8       4   0.671154759865E+00
       6       8       4   0.173301635655E+01
       7       8       4  -0.848437146385E+00
       8       8       4  -0.156961854424E+01
       9       8       4  -0.152739367621E+01
       0       9       4   0.389521817055E+00
       1       9       4  -0.114891265154E+01
       2       9       4   0.536422633891E+00
       3       9       4   0.186064787519E+01
       4       9       4   0.140648344225E+01
       5       9       4   0.192800640353E+01
       6       9       4   0.191032516049E+00
       7       9       4   0.626670472557E+00
       8       9       4  -0.103877522398E+00
       9       9       4   0.531582348053E+00
       0       0       5   0.218462460534E+00
       1       0       5  -0.911316939273E-01
       2       0       5   0.113887249652E+01
       3       0       5   0.745351420299E+00
       4       0       5   0.160428760613E+01
       5       0       5   0.177783023442E+01
       6       0       5   0.179500407823E+01
       7       0       5   0.170257114532E+01
       8       0       5   0.520544277093E+00
       9       0       5  -0.130060099992E+01
       0       1       5  -0.113359489628E+01
       1       1       5  -0.136363890902E+01
       2       1       5   0.735616931780E+00
       3       1       5   0.127650205024E+01
       4       1       5   0.746768561631E+00
       5       1       5   0.938591597504E+00
       6       1       5   0.967829598582E+00
       7       1       5   0.147875584863E+01
       8       1       5   0.333915655084E+00
       9       1       5  -0.502112734235E+00
       0       2       5  -0.115447332479E+01
       1       2       5  -0.923012966149E+00
       2       2       5  -0.160420882608E+01
       3       2       5  -0.158019834655E+01
       4       2       5   0.489049783884E+00
       5       2       5   0.303878594456E+00
       6       2       5   0.933133846257E+00
       7       2       5   0.169924259086E+01
       8       2       5  -0.119091077236E-01
       9       2       5  -0.303419111087E+00
       0       3       5  -0.183672083815E+01
       1       3       5  -0.198972985673E+01
       2       3       5  -0.175017057681E+01
       3       3       5  -0.168376327305E+01
       4       3       5   0.842910533610E+00
       5       3       5  -0.260265520470E+00
       6       3       5   0.116593938550E+01
       7       3       5   0.140111516670E+01
       8       3       5  -0.126779048479E+00
       9       3       5  -0.126086080768E+01
       0       4       5  -0.154927830997E+01
       1       4       5  -0.196568016239E+01
       2       4       5  -0.163388701284E+01
       3       4       5  -0.658657847217E+00
       4       4       5   0.163431738622E+01
       5       4       5   0.321572883490E+00
       6       4       5   0.125019887137E+01
       7       4       5  -0.158259766828E+00
       8       4       5  -0.120019416165E+01
       9       4       5  -0.194967840107E+01
       0       5       5  -0.168372049214E+01
       1       5       5  -0.147016928999E+01
       2       5       5  -0.161514725008E+01
       3       5       5   0.120309071115E+01
       4       5       5   0.142847044847E+01
       5       5       5   0.128153305529E+01
       6       5       5   0.270868713932E+00
       7       5       5  -0.842704454996E+00
       8       5       5  -0.938256488372E+00
       9       5       5  -0.180750495334E+01
       0       6       5  -0.848750501133E+00
       1       6       5   0.537843813924E+00
       2       6       5   0.118386769903E+00
       3       6       5   0.116780999577E+01
       4       6       5   0.183932933703E+01
       5       6       5   0.134547308922E+01
       6       6       5   0.208135346190E+00
       7       6       5  -0.125085789053E+01
       8       6       5  -0.169313799922E+01
       9       6       5  -0.167771825068E+01
       0       7       5   0.173864028868E-01
       1       7       5   0.154855630386E+00
       2       7       5  -0.110315351651E+01
       3       7       5   0.952539758581E-02
       4       7       5   0.325356576020E+00
       5       7       5   0.154974269978E+01
       6       7       5   0.119145011831E+01
       7       7       5  -0.135866375485E+01
       8       7       5  -0.163226445657E+01
       9       7       5  -0.321571314854E+00
       0       8       5   0.103407171222E+01
       1       8       5   0.507356499812E-02
       2       8       5  -0.299643178685E+00
       3       8       5   0.130580052544E+01
       4       8       5   0.144428112719E+01
       5       8       5   0.181894819255E+01
       6       8       5   0.143514835161E+01
       7       8       5  -0.346832118990E+00
       8       8       5  -0.140256677489E+01
       9       8       5  -0.193267059597E+01
       0       9       5   0.413857416181E+00
       1       9       5   0.106228757939E+01
       2       9       5   0.939213098594E+00
       3       9       5   0.188749794835E+01
       4       9       5   0.163167391647E+01
       5       9       5   0.186088025504E+01
       6       9       5   0.107743101726E+01
       7       9       5   0.680949443260E+00
       8       9       5   0.124971564134E+01
       9       9       5   0.246386264397E+00
       0       0       6  -0.812707260803E+00
       1       0       6   0.565207632073E+00
       2       0       6   0.137665136212E+01
       3       0       6   0.191905897724E+01
       4       0       6   0.185318307613E+01
       5       0       6   0.600489700868E+00
       6       0       6  -0.385465829749E+00
       7       0       6  -0.819837880098E+00
       8       0       6   0.421149417857E+00
       9       0       6   0.454744744714E+00
       0       1       6  -0.640464212724E+00
       1       1       6  -0.333450092029E+00
       2       1       6   0.638695697539E+00
       3       1       6   0.120196678029E+01
       4       1       6   0.475811868075E+00
       5       1       6   0.309052004052E+00
       6       1       6   0.565051449134E+00
       7       1       6   0.150390419399E+01
       8       1       6   0.558511727044E+00
       9       1       6  -0.122708945828E+00
       0       2       6   0.440073022755E+00
       1       2       6  -0.726036080637E+00
       2       2       6  -0.107471833345E+01
       3       2       6  -0.786569598806E+00
       4       2       6  -0.867595382199E+00
       5       2       6   0.611651671312E+00
       6       2       6   0.870021374303E+00
       7       2       6   0.119537617771E+01
       8       2       6   0.115558960143E+01
       9       2       6   0.807239564494E+00
       0       3       6  -0.894127418620E+00
       1       3       6  -0.137155919854E+01
       2       3       6  -0.157993883095E+01
       3       3       6  -0.975054622287E+00
       4       3       6   0.131313550617E+01
       5       3       6   0.667714283265E+00
       6       3       6   0.311923297434E+00
       7       3       6   0.467269318667E+00
       8       3       6  -0.959802284772E+00
       9       3       6  -0.382181786286E+00
       0       4       6  -0.160185631844E+01
       1       4       6  -0.373995264439E+00
       2       4       6  -0.703585956402E+00
       3       4       6   0.615028900647E+00
       4       4       6   0.157309486706E+01
       5       4       6  -0.600918985779E+00
       6       4       6  -0.307386021300E+00
       7       4       6   0.345804058842E+00
       8       4       6  -0.191536489570E+01
       9       4       6  -0.194492724386E+01
       0       5       6  -0.329379359382E+00
       1       5       6  -0.553466323219E+00
       2       5       6   0.339689238076E+00
       3       5       6   0.175287216974E+01
       4       5       6   0.156498139171E+01
       5       5       6   0.125929116379E+01
       6       5       6  -0.142038198613E+01
       7       5       6  -0.155944593991E+01
       8       5       6  -0.158714153877E+01
       9       5       6  -0.180957711945E+01
       0       6       6  -0.849832862353E+00
       1       6       6  -0.120623689365E+01
       2       6       6  -0.106130384531E+01
       3       6       6   0.122953755308E+01
       4       6       6   0.134504593271E+01
       5       6       6   0.695868041975E+00
       6       6       6   0.640066204119E+00
       7       6       6  -0.149001271730E+01
       8       6       6  -0.159020003597E+01
       9       6       6  -0.187310985160E+01
       0       7       6  -0.373119891404E+00
       1       7       6   0.685160439232E-01
       2       7       6   0.909272749330E+00
       3       7       6   0.109353809609E+01
       4       7       6   0.195749087661E+01
       5       7       6   0.120452132201E+01
       6       7       6   0.100350413118E+01
       7       7       6  -0.134212527359E+00
       8       7       6  -0.161547409925E+01
       9       7       6  -0.192050019286E+01
       0       8       6   0.912175334949E+00
       1       8       6   0.303906667230E+00
       2       8       6   0.135754165072E+01
       3       8       6   0.181054492560E+01
       4       8       6   0.195400126960E+01
       5       8       6   0.156935469916E+01
       6       8       6   0.922874727406E+00
       7       8       6   0.494460382898E-01
       8       8       6  -0.935719128310E+00
       9       8       6  -0.543320359959E+00
       0       9       6   0.770054913509E+00
       1       9       6  -0.376078706647E+00
       2       9       6   0.650078798585E-01
       3       9       6   0.183885826945E+01
       4       9       6   0.197328229672E+01
       5       9       6   0.175224465089E+01
       6       9       6   0.736396805217E+00
       7       9       6   0.988610909896E+00
       8       9       6   0.955562375085E-01
       9       9       6  -0.909612836605E-01
       0       0       7   0.488934095027E+00
       1       0       7   0.136599961483E+01
       2       0       7   0.144996251227E+01
       3       0       7   0.165949814673E+01
       4       0       7   0.199711965123E+01
       5       0       7   0.136854253185E+01
       6       0       7   0.148982667011E+01
       7       0       7   0.699996481528E+00
       8       0       7   0.347627057369E+00
       9       0       7   0.132145741817E+01
       0       1       7   0.160190998150E+01
       1       1       7   0.898371523639E+00
       2       1       7   0.532611416713E+00
       3       1       7   0.197925132653E+01
       4       1       7   0.173948734881E+01
       5       1       7   0.171695962161E+01
       6       1       7   0.165932179958E+01
       7       1       7   0.132754191502E+01
       8       1       7   0.126595865243E+00
       9       1       7   0.900688569527E+00
       0       2       7   0.942937560784E-01
       1       2       7  -0.612069607160E+00
       2       2       7   0.596956035898E+00
       3       2       7   0.125811932343E+01
       4       2       7   0.114588260957E+01
       5       2       7   0.178917980473E+00
       6       2       7   0.770049624451E+00
       7       2       7   0.712940983467E+00
       8       2       7   0.115177248998E+01
       9       2       7   0.203529229368E+00
       0       3       7  -0.365028375624E+00
       1       3       7   0.682091545254E+00
       2       3       7   0.389135914570E+00
       3       3       7   0.135801092735E+01
       4       3       7   0.120843728793E+01
       5       3       7  -0.481687165665E+00
       6       3       7   0.145151220349E+00
       7       3       7  -0.673148122544E-01
       8       3       7  -0.668723844866E+00
       9       3       7  -0.890309683184E+00
       0       4       7  -0.134694690421E+01
       1       4       7  -0.122621417910E+01
       2       4       7   0.629330379867E+00
       3       4       7   0.141702357462E+01
       4       4       7   0.692867318988E+00
       5       4       7   0.287124550883E+00
       6       4       7  -0.429001117446E+00
       7       4       7  -0.779531954426E-01
       8       4       7  -0.157784498706E+01
       9       4       7  -0.796659901158E+00
       0       5       7  -0.310763061045E+00
       1       5       7  -0.102832090248E+00
       2       5       7   0.816343168879E+00
       3       5       7   0.195502962303E+01
       4       5       7   0.182978330266E+01
       5       5       7   0.954846634648E-01
       6       5       7  -0.117351570869E+01
       7       5       7   0.179391215983E+00
       8       5       7  -0.105205425051E+01
       9       5       7  -0.176764046709E+01
       0       6       7   0.807232021577E-01
       1       6       7   0.992513192244E+00
       2       6       7   0.109477585888E+01
       3       6       7   0.192192781636E+01
       4       6       7   0.190916670614E+01
       5       6       7   0.103088613471E+01
       6       6       7  -0.373074399763E+00
       7       6       7  -0.881521217983E+00
       8       6       7  -0.191584080984E+01
       9       6       7  -0.170351351321E+01
       0       7       7   0.277175923964E+00
       1       7       7   0.346234256998E+00
       2       7       7   0.120878932866E+01
       3       7       7   0.184757725312E+01
       4       7       7   0.193831321482E+01
       5       7       7   0.162885123956E+01
       6       7       7   0.434571373490E+00
       7       7       7  -0.883795288113E-01
       8       7       7  -0.150986517795E+01
       9       7       7   0.441546524292E+00
       0       8       7   0.121737138518E+01
       1       8       7   0.816941324949E+00
       2       8       7   0.779921877568E+00
       3       8       7   0.953354939260E+00
       4       8       7   0.194367278956E+01
       5       8       7   0.110701882687E+01
       6       8       7   0.148740678933E+01
       7       8       7   0.102272941787E+01
       8       8       7   0.764171225525E+00
       9       8       7   0.940098614972E+00
       0       9       7   0.172136459529E+01
       1       9       7   0.174057375953E+01
       2       9       7   0.102835359906E+01
       3       9       7   0.185730110145E+01
       4       9       7   0.193423768193E+01
       5       9       7   0.182012842217E+01
       6       9       7   0.138621362608E+01
       7       9       7   0.185700551315E+01
       8       9       7  -0.173631195839E+00
       9       9       7   0.807093801237E+00
       0       0       8   0.941266613176E+00
       1       0       8   0.167647916910E+01
       2       0       8   0.107086123337E+01
       3       0       8   0.175793501630E+01
       4       0       8   0.198405613781E+01
       5       0       8   0.194475958776E+01
       6       0       8   0.162987000245E+01
       7       0       8   0.127654707314E+01
       8       0       8   0.159605845370E+01
       9       0       8   0.131786579196E+01
       0       1       8   0.349699749180E+00
       1       1       8   0.141104740527E+01
       2       1       8   0.956473125633E+00
       3       1       8   0.164325386324E+01
       4       1       8   0.126125542170E+01
       5       1       8   0.154403310106E+01
       6       1       8   0.159415825532E+01
       7       1       8   0.133148246536E+01
       8       1       8   0.531749179886E+00
       9       1       8  -0.136800890826E+00
       0       2       8   0.116998839805E+00
       1       2       8   0.587152460240E+00
       2       2       8   0.123957873147E+01
       3       2       8   0.779705465648E+00
       4       2       8  -0.928341505791E+00
       5       2       8  -0.125220578608E+01
       6       2       8  -0.202437375583E+00
       7       2       8   0.927762285509E+00
       8       2       8  -0.289981628998E+00
       9       2       8  -0.426703230953E+00
       0       3       8  -0.924020887322E+00
       1       3       8  -0.284484992754E+00
       2       3       8   0.584520389337E+00
       3       3       8   0.745504410511E+00
       4       3       8   0.598489261597E+00
       5       3       8  -0.999382194228E+00
       6       3       8  -0.133018962534E+01
       7       3       8   0.415897717958E-01
       8       3       8  -0.273635937322E+00
       9       3       8  -0.174542816331E+01
       0       4       8  -0.659799812997E+00
       1       4       8   0.331828204723E+00
       2       4       8   0.100946290661E+01
       3       4       8   0.123067307527E+01
       4       4       8   0.109488086165E+01
       5       4       8  -0.226016434663E+00
       6       4       8  -0.973050332189E+00
       7       4       8  -0.160415219012E+01
       8       4       8  -0.114811115976E+01
       9       4       8  -0.151677451563E+01
       0       5       8   0.107218444788E+00
       1       5       8  -0.435018069447E+00
       2       5       8   0.825119281613E+00
       3       5       8   0.181684319660E+01
       4       5       8   0.186033846931E+01
       5       5       8  -0.198213608671E+00
       6       5       8  -0.195950566340E+01
       7       5       8  -0.114409736870E+01
       8       5       8  -0.106947520280E+01
       9       5       8  -0.734623330957E+00
       0       6       8   0.127813720021E+01
       1       6       8   0.130024050014E+01
       2       6       8   0.175891901068E+01
       3       6       8   0.127527681953E+01
       4       6       8   0.192790585345E+01
       5       6       8   0.997694967008E+00
       6       6       8  -0.906627264044E+00
       7       6       8  -0.158129796322E+01
       8       6       8  -0.191773048050E+01
       9       6       8  -0.118192865315E+01
       0       7       8   0.686480698737E+00
       1       7       8  -0.620924744813E-01
       2       7       8   0.377345128973E+00
       3       7       8   0.127970671350E+01
       4       7       8   0.186818271518E+01
       5       7       8   0.238602157718E+00
       6       7       8  -0.306238605638E+00
       7       7       8  -0.149036093049E+01
       8       7       8  -0.145884097265E+01
       9       7       8  -0.118269914385E+01
       0       8       8   0.153164492765E+01
       1       8       8   0.171408290455E+01
       2       8       8   0.159213893399E+01
       3       8       8   0.740280584005E+00
       4       8       8   0.224906111121E+00
       5       8       8  -0.833800943886E+00
       6       8       8  -0.432113664539E-01
       7       8       8  -0.589985502425E-01
       8       8       8   0.487642465108E+00
       9       8       8   0.156476354074E-01
       0       9       8   0.169773970198E+01
       1       9       8   0.179548987920E+01
       2       9       8   0.907927237330E+00
       3       9       8   0.128612706315E+01
       4       9       8  -0.262426688659E-01
       5       9       8   0.875486802673E+00
       6       9       8   0.697890571390E+00
       7       9       8   0.159495973253E+01
       8       9       8   0.148043369637E+01
       9       9       8   0.122451798964E+01
       0       0       9   0.672396964671E+00
       1       0       9   0.146038817048E+01
       2       0       9   0.190933507224E+01
       3       0       9   0.184710061155E+01
       4       0       9   0.192219887869E+01
       5       0       9   0.176795918172E+01
       6       0       9   0.135774255000E+01
       7       0       9   0.182474084521E+01
       8       0       9   0.188014023179E+01
       9       0       9   0.179093029617E+01
       0       1       9   0.234456547707E+00
       1       1       9   0.121518657541E+01
       2       1       9   0.184052979483E+01
       3       1       9   0.189825759297E+01
       4       1       9   0.108993449349E+01
       5       1       9   0.840432262371E+00
       6       1       9   0.156958373149E+01
       7       1       9   0.764130893886E+00
       8       1       9   0.161754373624E+01
       9       1       9   0.915916684666E+00
       0       2       9  -0.333477302585E+00
       1       2       9   0.131872571971E+01
       2       2       9  -0.219962793246E-01
       3       2       9   0.151174116859E+01
       4       2       9  -0.175881511622E+00
       5       2       9  -0.531005801321E+00
       6       2       9  -0.131280738614E+01
       7       2       9   0.169395526627E+00
       8       2       9   0.356206626131E+00
       9       2       9   0.421383808574E+00
       0       3       9   0.665695531432E+00
       1       3       9   0.770923312283E+00
       2       3       9   0.999543340869E+00
       3       3       9   0.977756028739E+00
       4       3       9  -0.250663593503E+00
       5       3       9  -0.709418947277E+00
       6       3       9  -0.824498002727E+00
       7       3       9   0.777594367802E+00
       8       3       9  -0.120694397755E+00
       9       3       9  -0.555304527213E+00
       0       4       9   0.881580479324E+00
       1       4       9  -0.894385263155E+00
       2       4       9   0.308402953369E+00
       3       4       9   0.677076153330E+00
       4       4       9   0.860459081119E+00
       5       4       9   0.148017046220E+00
       6       4       9  -0.472359387993E+00
       7       4       9  -0.250697856514E+00
       8       4       9   0.128998133464E+01
       9       4       9  -0.993283135695E+00
       0       5       9   0.377298466756E+00
       1       5       9   0.138167674462E+01
       2       5       9   0.120539354743E+01
       3       5       9   0.186743699594E+01
       4       5       9   0.168196546583E+01
       5       5       9  -0.863349121672E+00
       6       5       9  -0.968943889648E+00
       7       5       9  -0.111421019907E+01
       8       5       9   0.754319287633E+00
       9       5       9   0.107080875022E+01
       0       6       9   0.556103718740E+00
       1       6       9   0.443803540918E+00
       2       6       9   0.150615580407E+01
       3       6       9  -0.111257302381E-01
       4       6       9   0.120624738483E+01
       5       6       9   0.197132076275E+00
       6       6       9  -0.240827101366E+00
       7       6       9   0.269553534096E+00
       8       6       9  -0.150276125668E+01
       9       6       9   0.366182121360E+00
       0       7       9   0.102507954106E+01
       1       7       9   0.111933870851E+01
       2       7       9   0.117500928890E+01
       3       7       9   0.157835781373E+00
       4       7       9  -0.126762945978E+00
       5       7       9   0.361456997778E+00
       6       7       9  -0.554704866682E+00
       7       7       9  -0.719973948697E+00
       8       7       9  -0.663644346531E+00
       9       7       9   0.876783121155E+00
       0       8       9   0.164786504675E+00
       1       8       9   0.540302925427E+00
       2       8       9   0.561924996912E+00
       3       8       9   0.263834330490E+00
       4       8       9   0.176753771791E+00
       5       8       9  -0.219927944915E+00
       6       8       9   0.130693436934E+00
       7       8       9  -0.109394515084E+01
       8       8       9   0.133333228819E+01
       9       8       9   0.623109749188E+00
       0       9       9  -0.332720673782E+00
       1       9       9   0.853028752563E+00
       2       9       9   0.212810289750E+00
       3       9       9   0.262210834053E+00
       4       9       9  -0.890298854369E+00
       5       9       9  -0.456055105143E+00
       6       9       9  -0.712978573809E-01
       7       9       9   0.306343076062E+00
       8       9       9   0.133188160085E+01
       9       9       9   0.701658462652E+00
