 program J1J2_6          
 spatial system size               56
 J1                         1.0000000000000000     
 deltaJ1                    0.0000000000000000     
 J2                        -1.0000000000000000     
 J3                         1.0000000000000000     
 phi, xi                        2.0000000000000000        3.0000000000000000     
 impurity conc.             0.0000000000000000     
 impurity mode           RAN
 start                   STR
 stripe axis             X
 sampler mode            PT   
 update order            SEQ
 temperature protocol    INDEP
 PT start mode           COMMON
 PT ladder mode          LINEAR
 PT replicas                       64
 PT swap every                      5
 PT measure index                   1
 disorder configurations            2
 equilibration steps          1000000
 measurement steps             500000
 RNG seed                        9079
 ------------------------
 disorder configurations processed            2
    T      [<n>]      std.n/sqrt(iconf)      [<n^2>]      [<n^4>]      Global.Nematic.Binder      Nematic.Binder      Nematic.Binder.Error
 0.800000E+01 0.270521E+00 0.720095E-01 0.836663E-01 0.100742E-01 0.520278E+00 0.663472E+00 0.147917E-02
 0.805556E+01 0.268240E+00 0.713842E-01 0.822591E-01 0.973768E-02 0.520303E+00 0.663399E+00 0.151420E-02
 0.811111E+01 0.265928E+00 0.707599E-01 0.808471E-01 0.940640E-02 0.520296E+00 0.663328E+00 0.154546E-02
 0.816667E+01 0.263638E+00 0.701338E-01 0.794582E-01 0.908551E-02 0.520321E+00 0.663263E+00 0.157655E-02
 0.822222E+01 0.261310E+00 0.695216E-01 0.780652E-01 0.877075E-02 0.520265E+00 0.663188E+00 0.161125E-02
 0.827778E+01 0.258974E+00 0.689015E-01 0.766787E-01 0.846276E-02 0.520221E+00 0.663118E+00 0.163984E-02
 0.833333E+01 0.256638E+00 0.682441E-01 0.752946E-01 0.815863E-02 0.520302E+00 0.663030E+00 0.168319E-02
 0.838889E+01 0.254267E+00 0.675862E-01 0.739047E-01 0.785935E-02 0.520354E+00 0.662968E+00 0.170751E-02
 0.844444E+01 0.251942E+00 0.669411E-01 0.725544E-01 0.757379E-02 0.520416E+00 0.662891E+00 0.174708E-02
 0.850000E+01 0.249595E+00 0.662837E-01 0.712024E-01 0.729315E-02 0.520483E+00 0.662809E+00 0.178180E-02
 0.855556E+01 0.247243E+00 0.656218E-01 0.698595E-01 0.701929E-02 0.520575E+00 0.662725E+00 0.182296E-02
 0.861111E+01 0.244845E+00 0.649398E-01 0.685013E-01 0.674739E-02 0.520689E+00 0.662647E+00 0.185813E-02
 0.866667E+01 0.242460E+00 0.642633E-01 0.671653E-01 0.648544E-02 0.520788E+00 0.662546E+00 0.190244E-02
 0.872222E+01 0.240041E+00 0.635551E-01 0.658171E-01 0.622513E-02 0.520984E+00 0.662458E+00 0.194616E-02
 0.877778E+01 0.237646E+00 0.628457E-01 0.644935E-01 0.597460E-02 0.521199E+00 0.662384E+00 0.197543E-02
 0.883333E+01 0.235203E+00 0.621540E-01 0.631658E-01 0.572973E-02 0.521316E+00 0.662283E+00 0.202342E-02
 0.888889E+01 0.232727E+00 0.614418E-01 0.618314E-01 0.548835E-02 0.521478E+00 0.662181E+00 0.207188E-02
 0.894444E+01 0.230225E+00 0.607210E-01 0.604969E-01 0.525216E-02 0.521645E+00 0.662095E+00 0.210777E-02
 0.900000E+01 0.227744E+00 0.599958E-01 0.591858E-01 0.502478E-02 0.521855E+00 0.661990E+00 0.215702E-02
 0.905556E+01 0.225183E+00 0.592695E-01 0.578527E-01 0.479960E-02 0.521991E+00 0.661889E+00 0.220035E-02
 0.911111E+01 0.222637E+00 0.585621E-01 0.565458E-01 0.458432E-02 0.522083E+00 0.661777E+00 0.225460E-02
 0.916667E+01 0.220082E+00 0.578121E-01 0.552401E-01 0.437296E-02 0.522311E+00 0.661671E+00 0.229690E-02
 0.922222E+01 0.217510E+00 0.570684E-01 0.539437E-01 0.416840E-02 0.522508E+00 0.661562E+00 0.234193E-02
 0.927778E+01 0.214938E+00 0.563138E-01 0.526601E-01 0.397026E-02 0.522764E+00 0.661439E+00 0.240232E-02
 0.933333E+01 0.212362E+00 0.555416E-01 0.513868E-01 0.377813E-02 0.523072E+00 0.661321E+00 0.244924E-02
 0.938889E+01 0.209803E+00 0.547646E-01 0.501352E-01 0.359364E-02 0.523430E+00 0.661205E+00 0.249737E-02
 0.944444E+01 0.207214E+00 0.539605E-01 0.488810E-01 0.341294E-02 0.523868E+00 0.661075E+00 0.255121E-02
 0.950000E+01 0.204639E+00 0.531705E-01 0.476507E-01 0.324049E-02 0.524282E+00 0.660958E+00 0.259989E-02
 0.955556E+01 0.202069E+00 0.523040E-01 0.464226E-01 0.307083E-02 0.525019E+00 0.660831E+00 0.265256E-02
 0.961111E+01 0.199528E+00 0.514903E-01 0.452335E-01 0.291204E-02 0.525587E+00 0.660695E+00 0.270873E-02
 0.966667E+01 0.196972E+00 0.506304E-01 0.440441E-01 0.275652E-02 0.526343E+00 0.660562E+00 0.276144E-02
 0.972222E+01 0.194446E+00 0.497460E-01 0.428777E-01 0.260743E-02 0.527254E+00 0.660447E+00 0.279951E-02
 0.977778E+01 0.191856E+00 0.488537E-01 0.417005E-01 0.246149E-02 0.528161E+00 0.660325E+00 0.284693E-02
 0.983333E+01 0.189291E+00 0.479811E-01 0.405538E-01 0.232372E-02 0.529024E+00 0.660195E+00 0.289180E-02
 0.988889E+01 0.186633E+00 0.470848E-01 0.393837E-01 0.218747E-02 0.529904E+00 0.660066E+00 0.293184E-02
 0.994444E+01 0.183953E+00 0.461726E-01 0.382210E-01 0.205614E-02 0.530834E+00 0.659889E+00 0.299168E-02
 0.100000E+02 0.181242E+00 0.452691E-01 0.370648E-01 0.192987E-02 0.531743E+00 0.659776E+00 0.301894E-02
 0.100556E+02 0.178512E+00 0.443599E-01 0.359197E-01 0.180889E-02 0.532668E+00 0.659583E+00 0.309275E-02
 0.101111E+02 0.175743E+00 0.434617E-01 0.347808E-01 0.169288E-02 0.533528E+00 0.659406E+00 0.315420E-02
 0.101667E+02 0.172963E+00 0.425939E-01 0.336618E-01 0.158321E-02 0.534261E+00 0.659215E+00 0.322409E-02
 0.102222E+02 0.170207E+00 0.417196E-01 0.325677E-01 0.147922E-02 0.535122E+00 0.659032E+00 0.330995E-02
 0.102778E+02 0.167455E+00 0.409047E-01 0.315032E-01 0.138239E-02 0.535698E+00 0.658840E+00 0.338642E-02
 0.103333E+02 0.164806E+00 0.401249E-01 0.304963E-01 0.129390E-02 0.536247E+00 0.658637E+00 0.346926E-02
 0.103889E+02 0.162194E+00 0.394178E-01 0.295288E-01 0.121246E-02 0.536498E+00 0.658432E+00 0.355656E-02
 0.104444E+02 0.159660E+00 0.387500E-01 0.286085E-01 0.113765E-02 0.536665E+00 0.658194E+00 0.366986E-02
 0.105000E+02 0.157153E+00 0.380907E-01 0.277116E-01 0.106702E-02 0.536845E+00 0.658035E+00 0.373617E-02
 0.105556E+02 0.154708E+00 0.374782E-01 0.268557E-01 0.100213E-02 0.536841E+00 0.657837E+00 0.381710E-02
 0.106111E+02 0.152332E+00 0.368996E-01 0.260397E-01 0.942331E-03 0.536754E+00 0.657578E+00 0.394370E-02
 0.106667E+02 0.149981E+00 0.363408E-01 0.252466E-01 0.886155E-03 0.536571E+00 0.657330E+00 0.405081E-02
 0.107222E+02 0.147709E+00 0.357824E-01 0.244887E-01 0.833870E-03 0.536504E+00 0.657117E+00 0.414206E-02
 0.107778E+02 0.145505E+00 0.352453E-01 0.237652E-01 0.785455E-03 0.536427E+00 0.656928E+00 0.422331E-02
 0.108333E+02 0.143301E+00 0.347138E-01 0.230536E-01 0.739345E-03 0.536289E+00 0.656678E+00 0.433303E-02
 0.108889E+02 0.141175E+00 0.342065E-01 0.223785E-01 0.696929E-03 0.536122E+00 0.656405E+00 0.445904E-02
 0.109444E+02 0.139055E+00 0.337190E-01 0.217174E-01 0.656750E-03 0.535847E+00 0.656193E+00 0.454319E-02
 0.110000E+02 0.137048E+00 0.332282E-01 0.210970E-01 0.619884E-03 0.535755E+00 0.655934E+00 0.466233E-02
 0.110556E+02 0.135044E+00 0.327573E-01 0.204886E-01 0.584922E-03 0.535534E+00 0.655722E+00 0.474278E-02
 0.111111E+02 0.133098E+00 0.323094E-01 0.199080E-01 0.552545E-03 0.535282E+00 0.655437E+00 0.488522E-02
 0.111667E+02 0.131193E+00 0.318724E-01 0.193477E-01 0.522194E-03 0.535000E+00 0.655176E+00 0.500287E-02
 0.112222E+02 0.129347E+00 0.314709E-01 0.188156E-01 0.494333E-03 0.534561E+00 0.654872E+00 0.514076E-02
 0.112778E+02 0.127523E+00 0.310600E-01 0.182947E-01 0.467643E-03 0.534260E+00 0.654636E+00 0.525667E-02
 0.113333E+02 0.125769E+00 0.306745E-01 0.178021E-01 0.443144E-03 0.533899E+00 0.654352E+00 0.540620E-02
 0.113889E+02 0.124039E+00 0.303029E-01 0.173239E-01 0.420090E-03 0.533413E+00 0.654114E+00 0.549272E-02
 0.114444E+02 0.122363E+00 0.299931E-01 0.168728E-01 0.399157E-03 0.532645E+00 0.653828E+00 0.563774E-02
 0.115000E+02 0.120757E+00 0.296508E-01 0.164405E-01 0.379300E-03 0.532228E+00 0.653597E+00 0.576104E-02
