 program J1J2_6          
 linear system size                56
 J1                         1.0000000000000000     
 deltaJ1                    0.0000000000000000     
 J2                        -1.0000000000000000     
 J3                         1.0000000000000000     
 phi, xi                        2.0000000000000000        3.0000000000000000     
 impurity conc.             0.0000000000000000     
 impurity mode           RAN
 start                   STR
 stripe axis             X
 sampler mode            PT   
 update order            SEQ
 temperature protocol    INDEP
 PT start mode           COMMON
 PT ladder mode          LINEAR
 PT replicas                       64
 PT swap every                      5
 PT measure index                   1
 disorder configurations            2
 equilibration steps          1000000
 measurement steps             500000
 RNG seed                        9063
 energy definition       exchange + phi
 -------------------------
 disorder configurations processed            2
    T      [<energy>]      std.en/sqrt(iconf)      [<spec.heat>]      std.spec.heat/sqrt(iconf)   
   8.0000000000000000E+00  -3.9580871699800610E+00   1.4925667162217832E-04   6.0474811780958504E-01   6.1699893018487360E-03
   8.0555555555555554E+00  -3.9244577387036568E+00   1.7413165944413407E-04   6.0817793785772611E-01   5.7968879600582245E-03
   8.1111111111111107E+00  -3.8907131844060907E+00   5.2256579632817192E-04   6.0961695965319285E-01   6.0047492357249059E-03
   8.1666666666666661E+00  -3.8567611670947777E+00   8.8473901041318556E-04   6.1194982237585860E-01   6.4216711570094674E-03
   8.2222222222222214E+00  -3.8227416145726809E+00   1.2634085693010463E-03   6.1556275994327692E-01   7.3309389302605808E-03
   8.2777777777777786E+00  -3.7885958417059387E+00   1.5899768475647938E-03   6.1781316841760803E-01   7.0847918456986942E-03
   8.3333333333333339E+00  -3.7542626881893710E+00   1.9600186958113018E-03   6.1786568296284972E-01   6.8353058528099224E-03
   8.3888888888888893E+00  -3.7199116428392980E+00   2.3245411125886761E-03   6.1954843926621372E-01   6.3239670808661469E-03
   8.4444444444444446E+00  -3.6854450521611564E+00   2.7009442756373240E-03   6.2195050039772082E-01   6.0371878280551646E-03
   8.5000000000000000E+00  -3.6508279666282979E+00   3.0317865800579798E-03   6.2420748781603952E-01   6.3817705614426833E-03
   8.5555555555555554E+00  -3.6162226741910866E+00   3.4023810135456467E-03   6.2317458616816346E-01   6.6514434329064485E-03
   8.6111111111111107E+00  -3.5815716905992634E+00   3.7559728875016687E-03   6.2546019091544691E-01   5.6844284332311463E-03
   8.6666666666666661E+00  -3.5468076672443489E+00   4.0854509297165555E-03   6.2490345245941892E-01   6.1634094506905438E-03
   8.7222222222222214E+00  -3.5120280891772548E+00   4.3711676713907065E-03   6.2563745573568630E-01   5.1031981680135664E-03
   8.7777777777777786E+00  -3.4772632913211505E+00   4.6709321305471218E-03   6.2603777090263590E-01   5.2417071037195763E-03
   8.8333333333333339E+00  -3.4424950164658572E+00   4.9362117491138762E-03   6.2516756451187272E-01   3.9409844966180781E-03
   8.8888888888888893E+00  -3.4077272332123956E+00   5.2331762739657164E-03   6.2499216740569086E-01   4.1451654393856174E-03
   8.9444444444444446E+00  -3.3729047351255828E+00   5.4980625744113576E-03   6.2521434863537650E-01   4.8048156579275332E-03
   9.0000000000000000E+00  -3.3381170136588989E+00   5.7193919892906961E-03   6.2528439688162218E-01   4.9620642343185086E-03
   9.0555555555555554E+00  -3.3033149227526479E+00   5.9906520998339588E-03   6.2583814006503602E-01   4.1622256543850898E-03
   9.1111111111111107E+00  -3.2685404673389939E+00   6.2220756574975699E-03   6.2493197731926275E-01   3.7671852962873702E-03
   9.1666666666666661E+00  -3.2337690858938708E+00   6.3962901124407986E-03   6.2529702513827412E-01   2.7585110114649119E-03
   9.2222222222222214E+00  -3.1990796909837775E+00   6.6228177975521845E-03   6.2425172121560224E-01   2.6294884898842618E-03
   9.2777777777777786E+00  -3.1644558962563289E+00   6.8037413551697628E-03   6.2194902210728331E-01   3.1937065517355333E-03
   9.3333333333333339E+00  -3.1299728613471545E+00   7.0460593763870165E-03   6.2192553971490827E-01   2.9797860580053426E-03
   9.3888888888888893E+00  -3.0955002732893795E+00   7.3079105308898268E-03   6.1870295867134883E-01   4.0653871070756784E-03
   9.4444444444444446E+00  -3.0612047404863034E+00   7.4960605397972916E-03   6.1577696367873824E-01   3.5164296428782313E-03
   9.5000000000000000E+00  -3.0271271662456831E+00   7.7657599021958307E-03   6.1280413599666850E-01   2.6449054903897747E-03
   9.5555555555555554E+00  -2.9931255346266443E+00   7.9623006729466310E-03   6.0868871838535532E-01   3.2060284694349368E-03
   9.6111111111111107E+00  -2.9594301378484413E+00   8.2039704669650392E-03   6.0626710541513773E-01   3.7860053540686054E-03
   9.6666666666666661E+00  -2.9258911265254675E+00   8.4007406171238662E-03   6.0187758256393864E-01   2.9515633314506303E-03
   9.7222222222222214E+00  -2.8926384124672100E+00   8.6454555534950673E-03   5.9835028419519387E-01   4.7212216525433608E-03
   9.7777777777777786E+00  -2.8595736382185626E+00   8.8561498716600885E-03   5.9228326958095900E-01   3.3315467143282323E-03
   9.8333333333333339E+00  -2.8267756755572364E+00   9.0813957193795498E-03   5.8887487024590113E-01   5.3124458990914157E-03
   9.8888888888888893E+00  -2.7941733628736989E+00   9.3445183428456143E-03   5.8475828359947313E-01   3.9922747947931051E-03
   9.9444444444444446E+00  -2.7618696472821260E+00   9.5553316652137368E-03   5.7944606319239322E-01   3.9124688445515378E-03
   1.0000000000000000E+01  -2.7297762621593575E+00   9.8466977589318199E-03   5.7440617984318365E-01   4.7709075728978806E-03
   1.0055555555555555E+01  -2.6979797776490018E+00   1.0109772473398200E-02   5.6980454375998879E-01   5.2784622891176866E-03
   1.0111111111111111E+01  -2.6663916162550048E+00   1.0447733874835113E-02   5.6395026184876107E-01   5.1410618721954926E-03
   1.0166666666666666E+01  -2.6351332897171700E+00   1.0793791395960813E-02   5.5874037642229224E-01   5.1547837899425320E-03
   1.0222222222222221E+01  -2.6042178818790207E+00   1.1079695926326179E-02   5.5552397842933798E-01   5.8772266186970842E-03
   1.0277777777777779E+01  -2.5735241276068863E+00   1.1399047688832759E-02   5.4854790132406417E-01   7.1855674626833937E-03
   1.0333333333333334E+01  -2.5432302214646798E+00   1.1734128675832364E-02   5.4291053462138117E-01   7.1028400125025606E-03
   1.0388888888888889E+01  -2.5132414982991249E+00   1.2059021285052837E-02   5.3634139772085154E-01   5.4610302312278090E-03
   1.0444444444444445E+01  -2.4836191272797636E+00   1.2429657297394262E-02   5.3109424291635698E-01   7.0835674401589204E-03
   1.0500000000000000E+01  -2.4542863486596205E+00   1.2757515043496754E-02   5.2622165370818630E-01   6.1898250894011153E-03
   1.0555555555555555E+01  -2.4253413344079116E+00   1.3115936464122470E-02   5.1911554954074002E-01   5.2593517632769891E-03
   1.0611111111111111E+01  -2.3967571180930416E+00   1.3422724088561589E-02   5.1169070879064182E-01   6.0934511863086366E-03
   1.0666666666666666E+01  -2.3684617651430786E+00   1.3739572895701862E-02   5.0487796198674206E-01   5.8346183631126413E-03
   1.0722222222222221E+01  -2.3406002078464776E+00   1.4042058642232888E-02   4.9800003197839887E-01   4.9058200809263047E-03
   1.0777777777777779E+01  -2.3131120328504329E+00   1.4344388611301204E-02   4.9286383021324731E-01   4.7212901366636018E-03
   1.0833333333333334E+01  -2.2860623953449890E+00   1.4612808592246130E-02   4.8396112368349953E-01   3.4691540165141138E-03
   1.0888888888888889E+01  -2.2593665812605082E+00   1.4806339210500069E-02   4.7627743268605260E-01   4.6298948319679336E-03
   1.0944444444444445E+01  -2.2330848181581713E+00   1.5009494800860597E-02   4.6894877756353226E-01   4.0084973991791704E-03
   1.1000000000000000E+01  -2.2071224241938951E+00   1.5237371021696967E-02   4.6292258917575912E-01   3.6708796882947998E-03
   1.1055555555555555E+01  -2.1817317891507333E+00   1.5440299669989860E-02   4.5406899604514500E-01   2.7880834427769815E-03
   1.1111111111111111E+01  -2.1566585915890579E+00   1.5551698073013622E-02   4.4674216554086554E-01   2.4491843715651451E-03
   1.1166666666666666E+01  -2.1320424393333948E+00   1.5641178462998308E-02   4.4017832812137270E-01   1.3047961892257054E-03
   1.1222222222222221E+01  -2.1078524836161949E+00   1.5752543527217631E-02   4.3163932937909555E-01   8.7391945604448811E-04
   1.1277777777777779E+01  -2.0841516009519765E+00   1.5821114964324343E-02   4.2261428823490743E-01   1.3527076120969264E-03
   1.1333333333333334E+01  -2.0608600819148277E+00   1.5830682456472747E-02   4.1621972906164761E-01   9.6036506410886221E-05
   1.1388888888888889E+01  -2.0379391735522301E+00   1.5828866311030546E-02   4.0794538532633073E-01   3.7088989586613887E-04
   1.1444444444444445E+01  -2.0155162023739015E+00   1.5834196964781059E-02   4.0091298873429476E-01   3.3646218062455133E-04
   1.1500000000000000E+01  -1.9934812047738464E+00   1.5780395153313372E-02   3.9215896660305805E-01   8.1888438853341548E-04
