 program J1J2_6          
 linear system size                56
 J1                         1.0000000000000000     
 deltaJ1                    0.0000000000000000     
 J2                        -1.0000000000000000     
 J3                         1.0000000000000000     
 phi, xi                        2.0000000000000000        3.0000000000000000     
 impurity conc.             0.0000000000000000     
 impurity mode           RAN
 start                   STR
 stripe axis             X
 sampler mode            PT   
 update order            SEQ
 temperature protocol    INDEP
 PT start mode           COMMON
 PT ladder mode          LINEAR
 PT replicas                       64
 PT swap every                      5
 PT measure index                   1
 disorder configurations            2
 equilibration steps          1000000
 measurement steps             500000
 RNG seed                        9107
 energy definition       exchange + phi
 -------------------------
 disorder configurations processed            2
    T      [<energy>]      std.en/sqrt(iconf)      [<spec.heat>]      std.spec.heat/sqrt(iconf)   
   8.0000000000000000E+00  -3.8525684252711159E+00   3.1895064637751297E-02   6.1768361858251808E-01   6.3438826960258553E-03
   8.0555555555555554E+00  -3.8181089452063204E+00   3.2231560553147375E-02   6.2020278738295342E-01   4.5757528938888611E-03
   8.1111111111111107E+00  -3.7836203002921249E+00   3.2481063582196934E-02   6.2115075719845725E-01   3.5493187080656565E-03
   8.1666666666666661E+00  -3.7491021039894985E+00   3.2711918722692031E-02   6.2250289328195718E-01   3.3360436484431663E-03
   8.2222222222222214E+00  -3.7145160011149425E+00   3.2900066739473932E-02   6.2215747243487640E-01   3.7616297897225073E-03
   8.2777777777777786E+00  -3.6798750048626863E+00   3.3095223388166131E-02   6.2427818817615188E-01   2.5420337822229856E-03
   8.3333333333333339E+00  -3.6451411415676755E+00   3.3289151081212248E-02   6.2473847387753767E-01   3.5916476421844908E-03
   8.3888888888888893E+00  -3.6103349836951626E+00   3.3445724424749350E-02   6.2709631388170950E-01   4.1551365756105586E-03
   8.4444444444444446E+00  -3.5754486667302219E+00   3.3637370986103587E-02   6.2884703875532788E-01   2.9268144732845320E-03
   8.5000000000000000E+00  -3.5405092000723091E+00   3.3822981704453171E-02   6.2973560635773507E-01   3.8187545393413105E-03
   8.5555555555555554E+00  -3.5055491275682940E+00   3.3964426765174444E-02   6.3046327013689207E-01   2.8522838289679123E-03
   8.6111111111111107E+00  -3.4705278251487126E+00   3.4170444263093451E-02   6.2886700903583637E-01   3.1171813491952800E-03
   8.6666666666666661E+00  -3.4355095339380748E+00   3.4327185551647793E-02   6.3063576519039644E-01   1.6817479993281809E-03
   8.7222222222222214E+00  -3.4004296729225780E+00   3.4513535109607835E-02   6.3221764562400473E-01   4.0892863114810746E-03
   8.7777777777777786E+00  -3.3653666512557843E+00   3.4654486093075608E-02   6.3082260076064356E-01   2.5185178511164348E-03
   8.8333333333333339E+00  -3.3303306538105124E+00   3.4842694048710876E-02   6.3105300356180416E-01   2.1199764023988325E-03
   8.8888888888888893E+00  -3.2953524270649326E+00   3.4991642140812879E-02   6.2932558466985666E-01   1.9795638964944982E-03
   8.9444444444444446E+00  -3.2603311028356821E+00   3.5139658094275834E-02   6.2908277044999350E-01   2.9694469013489409E-03
   9.0000000000000000E+00  -3.2252953850813859E+00   3.5272400549885771E-02   6.2958306122349605E-01   3.3454759481730983E-03
   9.0555555555555554E+00  -3.1904035430628035E+00   3.5468775879976086E-02   6.2891023091035003E-01   2.1915950256414965E-03
   9.1111111111111107E+00  -3.1555270243327378E+00   3.5653756082375899E-02   6.2672418410230912E-01   3.5421535641028423E-03
   9.1666666666666661E+00  -3.1206684117927743E+00   3.5856424140730113E-02   6.2457838891159145E-01   3.1780667766907467E-03
   9.2222222222222214E+00  -3.0859861800642689E+00   3.6100423390689022E-02   6.2182660540479995E-01   3.5872276386437587E-03
   9.2777777777777786E+00  -3.0514794669619860E+00   3.6337145813427979E-02   6.1983670712632988E-01   5.0084388942068948E-03
   9.3333333333333339E+00  -3.0171165720909014E+00   3.6544424091432076E-02   6.1620207838788577E-01   4.0836354567955601E-03
   9.3888888888888893E+00  -2.9828701099841908E+00   3.6815686958944736E-02   6.1366390730515485E-01   5.1646020787319471E-03
   9.4444444444444446E+00  -2.9488851326852092E+00   3.7081043379153134E-02   6.1076040065992920E-01   3.9205524463607373E-03
   9.5000000000000000E+00  -2.9150246618592819E+00   3.7295703548159621E-02   6.0560156942994869E-01   3.0160410176187260E-03
   9.5555555555555554E+00  -2.8814742210298698E+00   3.7502926817411339E-02   6.0136131300311324E-01   2.2308733353645547E-03
   9.6111111111111107E+00  -2.8482325537299711E+00   3.7672959493885799E-02   5.9754746452418273E-01   2.4995919772694488E-03
   9.6666666666666661E+00  -2.8152687151225062E+00   3.7796228678114510E-02   5.9170364468558689E-01   1.5785990342989747E-03
   9.7222222222222214E+00  -2.7825294856321290E+00   3.7863296402342865E-02   5.8429206251576993E-01   5.2745265558444988E-04
   9.7777777777777786E+00  -2.7501600168289664E+00   3.7902254008255233E-02   5.8018250651272507E-01   2.2690593370157161E-04
   9.8333333333333339E+00  -2.7180761560815645E+00   3.7873420468524752E-02   5.7561727383003114E-01   1.2558736104270503E-03
   9.8888888888888893E+00  -2.6862201782182975E+00   3.7826401830973501E-02   5.6976082966538488E-01   2.1649851562851371E-03
   9.9444444444444446E+00  -2.6547344048318999E+00   3.7702896012134522E-02   5.6430005988178866E-01   2.7042111139820402E-03
   1.0000000000000000E+01  -2.6235679841234552E+00   3.7547180773241588E-02   5.5796079903807605E-01   2.0425747053937258E-03
   1.0055555555555555E+01  -2.5927024105685970E+00   3.7341243714445069E-02   5.5249933702179754E-01   3.8243997810535071E-03
   1.0111111111111111E+01  -2.5621198129075378E+00   3.7106249176508607E-02   5.4659850527378462E-01   3.4187098571397999E-03
   1.0166666666666666E+01  -2.5319577787926324E+00   3.6901710313475465E-02   5.3921985893238555E-01   4.7553986516237177E-03
   1.0222222222222221E+01  -2.5020958860292586E+00   3.6624238617200849E-02   5.3482303189623470E-01   5.2791985720305953E-03
   1.0277777777777779E+01  -2.4726069792240906E+00   3.6320809805972833E-02   5.2806680428011887E-01   5.8013448777506030E-03
   1.0333333333333334E+01  -2.4434608967659806E+00   3.5970081820989735E-02   5.2215463406326046E-01   6.2127393622932467E-03
   1.0388888888888889E+01  -2.4146580669210351E+00   3.5629693631564166E-02   5.1437958045739895E-01   6.9272330600781747E-03
   1.0444444444444445E+01  -2.3862156059709654E+00   3.5251077604828762E-02   5.0894629113005752E-01   6.4002489542583259E-03
   1.0500000000000000E+01  -2.3581663476914492E+00   3.4874101481548930E-02   5.0187433655961888E-01   7.5706013104843862E-03
   1.0555555555555555E+01  -2.3304156720596358E+00   3.4435709433479823E-02   4.9535053090204806E-01   7.2085169123169935E-03
   1.0611111111111111E+01  -2.3030582473418235E+00   3.3965129425318347E-02   4.8822964413683045E-01   8.0399997062024602E-03
   1.0666666666666666E+01  -2.2760837209392903E+00   3.3512205011299784E-02   4.8281921194835564E-01   9.1087939586574160E-03
   1.0722222222222221E+01  -2.2493497727447362E+00   3.2975866892959414E-02   4.7501905453658710E-01   9.7263362935250328E-03
   1.0777777777777779E+01  -2.2231447791744650E+00   3.2448462097183890E-02   4.6920528067707334E-01   9.0109470334217047E-03
   1.0833333333333334E+01  -2.1971769694799796E+00   3.1931498375769744E-02   4.6211620665789666E-01   9.3552958012019342E-03
   1.0888888888888889E+01  -2.1716972872223472E+00   3.1349909910767131E-02   4.5432313793043011E-01   9.4981280058833439E-03
   1.0944444444444445E+01  -2.1465925564356994E+00   3.0778123605154379E-02   4.4787212842841745E-01   1.1025468974636424E-02
   1.1000000000000000E+01  -2.1219339985645762E+00   3.0254572748596241E-02   4.4014721418469827E-01   9.4805142173543574E-03
   1.1055555555555555E+01  -2.0976541004703853E+00   2.9696488570142853E-02   4.3296680240997809E-01   9.2522916400827274E-03
   1.1111111111111111E+01  -2.0738581258018223E+00   2.9170387303006303E-02   4.2497315171781513E-01   8.4456296123330381E-03
   1.1166666666666666E+01  -2.0504925973288413E+00   2.8617695023707944E-02   4.1789870235391013E-01   1.0046833701517377E-02
   1.1222222222222221E+01  -2.0275139655397432E+00   2.8078523031843907E-02   4.0967892599501787E-01   9.4524634485058621E-03
   1.1277777777777779E+01  -2.0050068542085047E+00   2.7533545362517554E-02   4.0099970419062236E-01   9.5861919511038233E-03
   1.1333333333333334E+01  -1.9828823887406970E+00   2.6982612728386628E-02   3.9284083242739121E-01   9.4925643333472060E-03
   1.1388888888888889E+01  -1.9612083746799014E+00   2.6486279015479564E-02   3.8570108838468786E-01   9.0541297429874192E-03
   1.1444444444444445E+01  -1.9399887130735844E+00   2.5957172427480624E-02   3.7782655999644443E-01   9.9724458874929141E-03
   1.1500000000000000E+01  -1.9191795936426086E+00   2.5417783708206753E-02   3.7122378315262639E-01   8.9592014474762557E-03
