 program J1J2_6          
 spatial system size               56
 J1                         1.0000000000000000     
 deltaJ1                    0.0000000000000000     
 J2                        -1.0000000000000000     
 J3                         1.0000000000000000     
 phi, xi                        2.0000000000000000        3.0000000000000000     
 impurity conc.             0.0000000000000000     
 impurity mode           RAN
 start                   STR
 stripe axis             X
 sampler mode            PT   
 update order            SEQ
 temperature protocol    INDEP
 PT start mode           COMMON
 PT ladder mode          LINEAR
 PT replicas                       64
 PT swap every                      5
 PT measure index                   1
 disorder configurations            2
 equilibration steps          1000000
 measurement steps             500000
 RNG seed                        9209
 ------------------------
 disorder configurations processed            2
    T      [<n>]      std.n/sqrt(iconf)      [<n^2>]      [<n^4>]      Global.Nematic.Binder      Nematic.Binder      Nematic.Binder.Error
 0.800000E+01 -.558636E-01 0.155696E+00 0.517204E-01 0.330433E-02 0.588245E+00 0.662756E+00 0.132645E-02
 0.805556E+01 -.556080E-01 0.154763E+00 0.511131E-01 0.322901E-02 0.588013E+00 0.662692E+00 0.134845E-02
 0.811111E+01 -.553813E-01 0.153796E+00 0.504915E-01 0.315342E-02 0.587690E+00 0.662626E+00 0.137921E-02
 0.816667E+01 -.550863E-01 0.152753E+00 0.498196E-01 0.307181E-02 0.587453E+00 0.662558E+00 0.140627E-02
 0.822222E+01 -.547908E-01 0.151742E+00 0.491716E-01 0.299396E-02 0.587242E+00 0.662488E+00 0.143283E-02
 0.827778E+01 -.544552E-01 0.150647E+00 0.484729E-01 0.291081E-02 0.587053E+00 0.662425E+00 0.145521E-02
 0.833333E+01 -.541587E-01 0.149568E+00 0.477933E-01 0.283163E-02 0.586781E+00 0.662346E+00 0.149121E-02
 0.838889E+01 -.538234E-01 0.148451E+00 0.470917E-01 0.275054E-02 0.586564E+00 0.662258E+00 0.153129E-02
 0.844444E+01 -.534938E-01 0.147318E+00 0.463860E-01 0.267036E-02 0.586310E+00 0.662183E+00 0.155832E-02
 0.850000E+01 -.531182E-01 0.146188E+00 0.456831E-01 0.259092E-02 0.586171E+00 0.662106E+00 0.158542E-02
 0.855556E+01 -.527506E-01 0.145038E+00 0.449745E-01 0.251239E-02 0.585969E+00 0.662016E+00 0.160982E-02
 0.861111E+01 -.523898E-01 0.143882E+00 0.442688E-01 0.243526E-02 0.585781E+00 0.661947E+00 0.164097E-02
 0.866667E+01 -.520364E-01 0.142732E+00 0.435725E-01 0.236058E-02 0.585550E+00 0.661867E+00 0.166484E-02
 0.872222E+01 -.516238E-01 0.141582E+00 0.428761E-01 0.228612E-02 0.585478E+00 0.661790E+00 0.168850E-02
 0.877778E+01 -.512327E-01 0.140408E+00 0.421733E-01 0.221261E-02 0.585325E+00 0.661717E+00 0.171140E-02
 0.883333E+01 -.507976E-01 0.139259E+00 0.414863E-01 0.214122E-02 0.585302E+00 0.661636E+00 0.173234E-02
 0.888889E+01 -.503598E-01 0.138103E+00 0.408008E-01 0.207105E-02 0.585302E+00 0.661563E+00 0.176010E-02
 0.894444E+01 -.498901E-01 0.136959E+00 0.401247E-01 0.200265E-02 0.585372E+00 0.661466E+00 0.178844E-02
 0.900000E+01 -.493931E-01 0.135743E+00 0.394122E-01 0.193172E-02 0.585464E+00 0.661378E+00 0.182055E-02
 0.905556E+01 -.488805E-01 0.134591E+00 0.387382E-01 0.186529E-02 0.585671E+00 0.661299E+00 0.184934E-02
 0.911111E+01 -.483289E-01 0.133357E+00 0.380232E-01 0.179609E-02 0.585896E+00 0.661218E+00 0.187058E-02
 0.916667E+01 -.477361E-01 0.132135E+00 0.373177E-01 0.172859E-02 0.586246E+00 0.661127E+00 0.189485E-02
 0.922222E+01 -.471663E-01 0.130893E+00 0.366100E-01 0.166258E-02 0.586513E+00 0.661024E+00 0.192576E-02
 0.927778E+01 -.465264E-01 0.129625E+00 0.358892E-01 0.159605E-02 0.586956E+00 0.660938E+00 0.194092E-02
 0.933333E+01 -.458723E-01 0.128350E+00 0.351711E-01 0.153097E-02 0.587451E+00 0.660838E+00 0.197194E-02
 0.938889E+01 -.452289E-01 0.127054E+00 0.344506E-01 0.146738E-02 0.587876E+00 0.660725E+00 0.199671E-02
 0.944444E+01 -.445532E-01 0.125741E+00 0.337257E-01 0.140447E-02 0.588407E+00 0.660614E+00 0.203192E-02
 0.950000E+01 -.438886E-01 0.124395E+00 0.329932E-01 0.134258E-02 0.588878E+00 0.660543E+00 0.203303E-02
 0.955556E+01 -.431570E-01 0.123037E+00 0.322573E-01 0.128131E-02 0.589534E+00 0.660430E+00 0.205935E-02
 0.961111E+01 -.424867E-01 0.121668E+00 0.315295E-01 0.122273E-02 0.590009E+00 0.660322E+00 0.208105E-02
 0.966667E+01 -.417488E-01 0.120276E+00 0.307930E-01 0.116435E-02 0.590687E+00 0.660221E+00 0.210476E-02
 0.972222E+01 -.410602E-01 0.118877E+00 0.300669E-01 0.110869E-02 0.591197E+00 0.660099E+00 0.212773E-02
 0.977778E+01 -.403484E-01 0.117475E+00 0.293453E-01 0.105455E-02 0.591802E+00 0.659993E+00 0.214796E-02
 0.983333E+01 -.396531E-01 0.116119E+00 0.286562E-01 0.100412E-02 0.592408E+00 0.659864E+00 0.217789E-02
 0.988889E+01 -.389641E-01 0.114727E+00 0.279584E-01 0.954469E-03 0.592980E+00 0.659774E+00 0.218322E-02
 0.994444E+01 -.382855E-01 0.113393E+00 0.272966E-01 0.908444E-03 0.593593E+00 0.659658E+00 0.220853E-02
 0.100000E+02 -.376020E-01 0.112045E+00 0.266363E-01 0.863679E-03 0.594226E+00 0.659534E+00 0.224265E-02
 0.100556E+02 -.368941E-01 0.110713E+00 0.259899E-01 0.820804E-03 0.594950E+00 0.659419E+00 0.225530E-02
 0.101111E+02 -.362786E-01 0.109392E+00 0.253626E-01 0.780747E-03 0.595422E+00 0.659310E+00 0.227774E-02
 0.101667E+02 -.356277E-01 0.108085E+00 0.247468E-01 0.742179E-03 0.596030E+00 0.659166E+00 0.232108E-02
 0.102222E+02 -.349691E-01 0.106776E+00 0.241374E-01 0.705012E-03 0.596639E+00 0.659056E+00 0.231392E-02
 0.102778E+02 -.343418E-01 0.105470E+00 0.235386E-01 0.669538E-03 0.597198E+00 0.658920E+00 0.235156E-02
 0.103333E+02 -.337310E-01 0.104181E+00 0.229563E-01 0.635975E-03 0.597731E+00 0.658779E+00 0.238997E-02
 0.103889E+02 -.331238E-01 0.102865E+00 0.223695E-01 0.603126E-03 0.598233E+00 0.658663E+00 0.240535E-02
 0.104444E+02 -.324812E-01 0.101569E+00 0.217973E-01 0.571770E-03 0.598861E+00 0.658501E+00 0.243865E-02
 0.105000E+02 -.318622E-01 0.100255E+00 0.212263E-01 0.541474E-03 0.599401E+00 0.658354E+00 0.245668E-02
 0.105556E+02 -.312255E-01 0.989335E-01 0.206593E-01 0.512132E-03 0.600028E+00 0.658185E+00 0.250291E-02
 0.106111E+02 -.306098E-01 0.976240E-01 0.201060E-01 0.484411E-03 0.600569E+00 0.658019E+00 0.252002E-02
 0.106667E+02 -.299518E-01 0.962969E-01 0.195505E-01 0.457186E-03 0.601291E+00 0.657883E+00 0.253480E-02
 0.107222E+02 -.293468E-01 0.949839E-01 0.190118E-01 0.431756E-03 0.601830E+00 0.657699E+00 0.256884E-02
 0.107778E+02 -.287823E-01 0.936428E-01 0.184723E-01 0.407198E-03 0.602221E+00 0.657530E+00 0.260014E-02
 0.108333E+02 -.282253E-01 0.923698E-01 0.179661E-01 0.384718E-03 0.602703E+00 0.657358E+00 0.265373E-02
 0.108889E+02 -.277019E-01 0.910845E-01 0.174641E-01 0.363202E-03 0.603049E+00 0.657212E+00 0.267753E-02
 0.109444E+02 -.271778E-01 0.898498E-01 0.169879E-01 0.343303E-03 0.603469E+00 0.657009E+00 0.274926E-02
 0.110000E+02 -.267258E-01 0.886108E-01 0.165209E-01 0.324599E-03 0.603575E+00 0.656802E+00 0.278854E-02
 0.110556E+02 -.262641E-01 0.874256E-01 0.160783E-01 0.307256E-03 0.603813E+00 0.656636E+00 0.281213E-02
 0.111111E+02 -.258748E-01 0.862443E-01 0.156469E-01 0.291010E-03 0.603788E+00 0.656430E+00 0.287066E-02
 0.111667E+02 -.255008E-01 0.850875E-01 0.152301E-01 0.275712E-03 0.603787E+00 0.656282E+00 0.291805E-02
 0.112222E+02 -.251617E-01 0.839414E-01 0.148248E-01 0.261343E-03 0.603621E+00 0.656056E+00 0.300072E-02
 0.112778E+02 -.248291E-01 0.828141E-01 0.144315E-01 0.247789E-03 0.603415E+00 0.655854E+00 0.303646E-02
 0.113333E+02 -.245352E-01 0.817005E-01 0.140499E-01 0.235042E-03 0.603101E+00 0.655639E+00 0.310730E-02
 0.113889E+02 -.242232E-01 0.806329E-01 0.136872E-01 0.223179E-03 0.602899E+00 0.655446E+00 0.314970E-02
 0.114444E+02 -.239687E-01 0.795367E-01 0.133232E-01 0.211727E-03 0.602406E+00 0.655207E+00 0.322164E-02
 0.115000E+02 -.237032E-01 0.784805E-01 0.129757E-01 0.201007E-03 0.602049E+00 0.655015E+00 0.328715E-02
