 program J1J2_6          
 spatial system size               56
 J1                         1.0000000000000000     
 deltaJ1                    0.0000000000000000     
 J2                        -1.0000000000000000     
 J3                         1.0000000000000000     
 phi, xi                        2.0000000000000000        3.0000000000000000     
 impurity conc.             0.0000000000000000     
 impurity mode           RAN
 start                   STR
 stripe axis             X
 sampler mode            PT   
 update order            SEQ
 temperature protocol    INDEP
 PT start mode           COMMON
 PT ladder mode          LINEAR
 PT replicas                       64
 PT swap every                      5
 PT measure index                   1
 disorder configurations            2
 equilibration steps          1000000
 measurement steps             500000
 RNG seed                        9069
 ------------------------
 disorder configurations processed            2
    T      [<n>]      std.n/sqrt(iconf)      [<n^2>]      [<n^4>]      Global.Nematic.Binder      Nematic.Binder      Nematic.Binder.Error
 0.800000E+01 0.162996E+00 0.135442E+00 0.633726E-01 0.794391E-02 0.340660E+00 0.587560E+00 0.550785E-01
 0.805556E+01 0.161867E+00 0.134457E+00 0.624752E-01 0.772109E-02 0.340610E+00 0.585742E+00 0.563481E-01
 0.811111E+01 0.160751E+00 0.133428E+00 0.615640E-01 0.749857E-02 0.340517E+00 0.583867E+00 0.576616E-01
 0.816667E+01 0.159657E+00 0.132396E+00 0.606656E-01 0.728262E-02 0.340399E+00 0.581591E+00 0.592526E-01
 0.822222E+01 0.158532E+00 0.131350E+00 0.597560E-01 0.706703E-02 0.340290E+00 0.579373E+00 0.608039E-01
 0.827778E+01 0.157385E+00 0.130289E+00 0.588399E-01 0.685330E-02 0.340165E+00 0.577597E+00 0.620370E-01
 0.833333E+01 0.156250E+00 0.129218E+00 0.579280E-01 0.664365E-02 0.340055E+00 0.574878E+00 0.639462E-01
 0.838889E+01 0.155105E+00 0.128141E+00 0.570175E-01 0.643766E-02 0.339930E+00 0.572636E+00 0.655145E-01
 0.844444E+01 0.153924E+00 0.127043E+00 0.560925E-01 0.623153E-02 0.339818E+00 0.570263E+00 0.671761E-01
 0.850000E+01 0.152711E+00 0.125977E+00 0.551814E-01 0.603142E-02 0.339744E+00 0.567817E+00 0.688867E-01
 0.855556E+01 0.151494E+00 0.124911E+00 0.542762E-01 0.583575E-02 0.339676E+00 0.566374E+00 0.698920E-01
 0.861111E+01 0.150237E+00 0.123821E+00 0.533552E-01 0.563998E-02 0.339606E+00 0.564516E+00 0.711849E-01
 0.866667E+01 0.148983E+00 0.122719E+00 0.524366E-01 0.544825E-02 0.339510E+00 0.562540E+00 0.725590E-01
 0.872222E+01 0.147692E+00 0.121581E+00 0.514977E-01 0.525542E-02 0.339442E+00 0.560545E+00 0.739560E-01
 0.877778E+01 0.146421E+00 0.120431E+00 0.505665E-01 0.506799E-02 0.339323E+00 0.558689E+00 0.752485E-01
 0.883333E+01 0.145093E+00 0.119252E+00 0.496146E-01 0.487976E-02 0.339217E+00 0.556207E+00 0.769808E-01
 0.888889E+01 0.143767E+00 0.118042E+00 0.486571E-01 0.469425E-02 0.339075E+00 0.553819E+00 0.786456E-01
 0.894444E+01 0.142429E+00 0.116816E+00 0.476984E-01 0.451212E-02 0.338924E+00 0.551240E+00 0.804425E-01
 0.900000E+01 0.141104E+00 0.115560E+00 0.467391E-01 0.433361E-02 0.338747E+00 0.547672E+00 0.829390E-01
 0.905556E+01 0.139756E+00 0.114248E+00 0.457571E-01 0.415472E-02 0.338540E+00 0.544466E+00 0.851834E-01
 0.911111E+01 0.138362E+00 0.112957E+00 0.447824E-01 0.398047E-02 0.338397E+00 0.540442E+00 0.880072E-01
 0.916667E+01 0.137000E+00 0.111599E+00 0.437971E-01 0.380877E-02 0.338131E+00 0.536267E+00 0.909271E-01
 0.922222E+01 0.135608E+00 0.110252E+00 0.428198E-01 0.364194E-02 0.337903E+00 0.532395E+00 0.936357E-01
 0.927778E+01 0.134218E+00 0.108866E+00 0.418374E-01 0.347807E-02 0.337649E+00 0.527103E+00 0.973477E-01
 0.933333E+01 0.132859E+00 0.107481E+00 0.408751E-01 0.332122E-02 0.337389E+00 0.520975E+00 0.101654E+00
 0.938889E+01 0.131459E+00 0.106074E+00 0.399035E-01 0.316660E-02 0.337098E+00 0.516395E+00 0.104857E+00
 0.944444E+01 0.130079E+00 0.104663E+00 0.389482E-01 0.301809E-02 0.336813E+00 0.509678E+00 0.109573E+00
 0.950000E+01 0.128740E+00 0.103247E+00 0.380117E-01 0.287602E-02 0.336510E+00 0.502817E+00 0.114399E+00
 0.955556E+01 0.127414E+00 0.101851E+00 0.370998E-01 0.274101E-02 0.336188E+00 0.495549E+00 0.119502E+00
 0.961111E+01 0.126070E+00 0.100470E+00 0.362000E-01 0.261079E-02 0.335898E+00 0.488311E+00 0.124585E+00
 0.966667E+01 0.124775E+00 0.990821E-01 0.353206E-01 0.248675E-02 0.335564E+00 0.480239E+00 0.130259E+00
 0.972222E+01 0.123472E+00 0.977071E-01 0.344556E-01 0.236752E-02 0.335258E+00 0.472404E+00 0.135765E+00
 0.977778E+01 0.122182E+00 0.963582E-01 0.336152E-01 0.225448E-02 0.334949E+00 0.463312E+00 0.142152E+00
 0.983333E+01 0.120853E+00 0.950126E-01 0.327766E-01 0.214425E-02 0.334689E+00 0.456222E+00 0.147133E+00
 0.988889E+01 0.119502E+00 0.936876E-01 0.319510E-01 0.203833E-02 0.334443E+00 0.448434E+00 0.152607E+00
 0.994444E+01 0.118148E+00 0.924217E-01 0.311580E-01 0.193898E-02 0.334245E+00 0.442816E+00 0.156538E+00
 0.100000E+02 0.116799E+00 0.911336E-01 0.303676E-01 0.184247E-02 0.334025E+00 0.435651E+00 0.161567E+00
 0.100556E+02 0.115444E+00 0.898670E-01 0.295941E-01 0.175041E-02 0.333795E+00 0.430005E+00 0.165514E+00
 0.101111E+02 0.114053E+00 0.886146E-01 0.288274E-01 0.166131E-02 0.333622E+00 0.423992E+00 0.169725E+00
 0.101667E+02 0.112674E+00 0.873719E-01 0.280770E-01 0.157634E-02 0.333458E+00 0.418322E+00 0.173694E+00
 0.102222E+02 0.111255E+00 0.861463E-01 0.273333E-01 0.149432E-02 0.333286E+00 0.414628E+00 0.176258E+00
 0.102778E+02 0.109859E+00 0.849293E-01 0.266080E-01 0.141641E-02 0.333129E+00 0.408840E+00 0.180305E+00
 0.103333E+02 0.108490E+00 0.837055E-01 0.258956E-01 0.134201E-02 0.332912E+00 0.404028E+00 0.183654E+00
 0.103889E+02 0.107104E+00 0.824863E-01 0.251909E-01 0.127028E-02 0.332747E+00 0.399479E+00 0.186825E+00
 0.104444E+02 0.105753E+00 0.812943E-01 0.245122E-01 0.120307E-02 0.332566E+00 0.394694E+00 0.190161E+00
 0.105000E+02 0.104404E+00 0.801315E-01 0.238529E-01 0.113950E-02 0.332408E+00 0.390558E+00 0.193034E+00
 0.105556E+02 0.103088E+00 0.789581E-01 0.232056E-01 0.107876E-02 0.332242E+00 0.385673E+00 0.196445E+00
 0.106111E+02 0.101786E+00 0.778020E-01 0.225756E-01 0.102125E-02 0.332069E+00 0.381805E+00 0.199135E+00
 0.106667E+02 0.100508E+00 0.766660E-01 0.219658E-01 0.967092E-03 0.331882E+00 0.376449E+00 0.202866E+00
 0.107222E+02 0.992087E-01 0.755584E-01 0.213684E-01 0.915418E-03 0.331726E+00 0.372181E+00 0.205831E+00
 0.107778E+02 0.979700E-01 0.744507E-01 0.207913E-01 0.866884E-03 0.331539E+00 0.369183E+00 0.207896E+00
 0.108333E+02 0.967227E-01 0.733707E-01 0.202282E-01 0.820759E-03 0.331381E+00 0.365971E+00 0.210120E+00
 0.108889E+02 0.954717E-01 0.723106E-01 0.196782E-01 0.776916E-03 0.331220E+00 0.362240E+00 0.212702E+00
 0.109444E+02 0.942463E-01 0.712518E-01 0.191409E-01 0.735233E-03 0.331070E+00 0.359793E+00 0.214382E+00
 0.110000E+02 0.930488E-01 0.702506E-01 0.186326E-01 0.696866E-03 0.330916E+00 0.357302E+00 0.216084E+00
 0.110556E+02 0.917880E-01 0.692440E-01 0.181180E-01 0.658988E-03 0.330834E+00 0.356062E+00 0.216911E+00
 0.111111E+02 0.906296E-01 0.682813E-01 0.176413E-01 0.624929E-03 0.330656E+00 0.353716E+00 0.218504E+00
 0.111667E+02 0.894431E-01 0.673560E-01 0.171756E-01 0.592404E-03 0.330622E+00 0.352230E+00 0.219520E+00
 0.112222E+02 0.882665E-01 0.664146E-01 0.167142E-01 0.561160E-03 0.330436E+00 0.350001E+00 0.221017E+00
 0.112778E+02 0.870814E-01 0.655245E-01 0.162705E-01 0.531815E-03 0.330364E+00 0.350182E+00 0.220840E+00
 0.113333E+02 0.859177E-01 0.646547E-01 0.158421E-01 0.504215E-03 0.330314E+00 0.348275E+00 0.222136E+00
 0.113889E+02 0.847571E-01 0.638159E-01 0.154275E-01 0.478217E-03 0.330249E+00 0.347570E+00 0.222580E+00
 0.114444E+02 0.836124E-01 0.629784E-01 0.150217E-01 0.453441E-03 0.330173E+00 0.348977E+00 0.221523E+00
 0.115000E+02 0.824702E-01 0.621859E-01 0.146327E-01 0.430293E-03 0.330123E+00 0.347825E+00 0.222280E+00
