 program J1J2_6          
 spatial system size               56
 J1                         1.0000000000000000     
 deltaJ1                    0.0000000000000000     
 J2                        -1.0000000000000000     
 J3                         1.0000000000000000     
 phi, xi                        2.0000000000000000        3.0000000000000000     
 impurity conc.             0.0000000000000000     
 impurity mode           RAN
 start                   STR
 stripe axis             Y
 sampler mode            PT   
 update order            SEQ
 temperature protocol    INDEP
 PT start mode           COMMON
 PT ladder mode          LINEAR
 PT replicas                       64
 PT swap every                      5
 PT measure index                   1
 disorder configurations            2
 equilibration steps          1000000
 measurement steps             500000
 RNG seed                        9041
 ------------------------
 disorder configurations processed            2
    T      [<n>]      std.n/sqrt(iconf)      [<n^2>]      [<n^4>]      Global.Nematic.Binder      Nematic.Binder      Nematic.Binder.Error
 0.800000E+01 -.361277E-01 0.761601E-01 0.130213E-01 0.236125E-03 0.535791E+00 0.648505E+00 0.760599E-02
 0.805556E+01 -.355161E-01 0.756028E-01 0.128084E-01 0.227660E-03 0.537433E+00 0.648372E+00 0.757905E-02
 0.811111E+01 -.349624E-01 0.749735E-01 0.125807E-01 0.219087E-03 0.538594E+00 0.647974E+00 0.773185E-02
 0.816667E+01 -.343956E-01 0.744133E-01 0.123745E-01 0.211318E-03 0.539995E+00 0.647806E+00 0.770580E-02
 0.822222E+01 -.338299E-01 0.738091E-01 0.121571E-01 0.203379E-03 0.541303E+00 0.647577E+00 0.772633E-02
 0.827778E+01 -.332562E-01 0.732062E-01 0.119414E-01 0.195631E-03 0.542695E+00 0.647367E+00 0.773992E-02
 0.833333E+01 -.326674E-01 0.725794E-01 0.117205E-01 0.187874E-03 0.544114E+00 0.647039E+00 0.782294E-02
 0.838889E+01 -.320496E-01 0.719468E-01 0.114981E-01 0.180195E-03 0.545674E+00 0.646750E+00 0.786244E-02
 0.844444E+01 -.313767E-01 0.712726E-01 0.112629E-01 0.172228E-03 0.547433E+00 0.646441E+00 0.789389E-02
 0.850000E+01 -.307093E-01 0.705905E-01 0.110283E-01 0.164492E-03 0.549172E+00 0.646162E+00 0.790450E-02
 0.855556E+01 -.300661E-01 0.698923E-01 0.107930E-01 0.156987E-03 0.550785E+00 0.645882E+00 0.792527E-02
 0.861111E+01 -.293784E-01 0.691819E-01 0.105552E-01 0.149544E-03 0.552579E+00 0.645517E+00 0.796094E-02
 0.866667E+01 -.286843E-01 0.684372E-01 0.103103E-01 0.142129E-03 0.554329E+00 0.645186E+00 0.795308E-02
 0.872222E+01 -.280373E-01 0.676848E-01 0.100690E-01 0.135095E-03 0.555831E+00 0.644879E+00 0.792867E-02
 0.877778E+01 -.273914E-01 0.669405E-01 0.983333E-02 0.128389E-03 0.557406E+00 0.644411E+00 0.803571E-02
 0.883333E+01 -.267712E-01 0.662040E-01 0.960356E-02 0.122048E-03 0.558893E+00 0.644076E+00 0.805249E-02
 0.888889E+01 -.262189E-01 0.654496E-01 0.937610E-02 0.116055E-03 0.559953E+00 0.643566E+00 0.818464E-02
 0.894444E+01 -.256320E-01 0.647039E-01 0.915125E-02 0.110207E-03 0.561341E+00 0.643226E+00 0.823303E-02
 0.900000E+01 -.251247E-01 0.639795E-01 0.893913E-02 0.104940E-03 0.562245E+00 0.642792E+00 0.830295E-02
 0.905556E+01 -.246495E-01 0.632397E-01 0.872739E-02 0.998741E-04 0.562918E+00 0.642306E+00 0.839486E-02
 0.911111E+01 -.241771E-01 0.624950E-01 0.851690E-02 0.949591E-04 0.563633E+00 0.641865E+00 0.847820E-02
 0.916667E+01 -.237006E-01 0.617452E-01 0.830786E-02 0.902046E-04 0.564358E+00 0.641348E+00 0.860388E-02
 0.922222E+01 -.232797E-01 0.609629E-01 0.809612E-02 0.855989E-04 0.564695E+00 0.640711E+00 0.882601E-02
 0.927778E+01 -.228485E-01 0.602047E-01 0.789242E-02 0.812751E-04 0.565073E+00 0.640160E+00 0.893021E-02
 0.933333E+01 -.224325E-01 0.594384E-01 0.769033E-02 0.771152E-04 0.565361E+00 0.639570E+00 0.905829E-02
 0.938889E+01 -.220568E-01 0.586765E-01 0.749377E-02 0.732096E-04 0.565443E+00 0.638884E+00 0.927556E-02
 0.944444E+01 -.216961E-01 0.578998E-01 0.729671E-02 0.694176E-04 0.565396E+00 0.638216E+00 0.947359E-02
 0.950000E+01 -.213605E-01 0.571159E-01 0.710175E-02 0.657917E-04 0.565170E+00 0.637539E+00 0.967426E-02
 0.955556E+01 -.210051E-01 0.563348E-01 0.690898E-02 0.622778E-04 0.565105E+00 0.636920E+00 0.984126E-02
 0.961111E+01 -.207004E-01 0.555257E-01 0.671487E-02 0.588906E-04 0.564638E+00 0.636114E+00 0.101513E-01
 0.966667E+01 -.202868E-01 0.547002E-01 0.651570E-02 0.554323E-04 0.564770E+00 0.635336E+00 0.103680E-01
 0.972222E+01 -.199739E-01 0.538749E-01 0.632348E-02 0.522686E-04 0.564280E+00 0.634518E+00 0.106518E-01
 0.977778E+01 -.195805E-01 0.530528E-01 0.613191E-02 0.491561E-04 0.564222E+00 0.633682E+00 0.108617E-01
 0.983333E+01 -.191891E-01 0.522071E-01 0.593780E-02 0.460986E-04 0.564172E+00 0.632964E+00 0.110203E-01
 0.988889E+01 -.188187E-01 0.513912E-01 0.575429E-02 0.433127E-04 0.563975E+00 0.632102E+00 0.112345E-01
 0.994444E+01 -.183889E-01 0.505833E-01 0.557246E-02 0.405810E-04 0.564380E+00 0.631459E+00 0.113593E-01
 0.100000E+02 -.179448E-01 0.497651E-01 0.539185E-02 0.379640E-04 0.564714E+00 0.630504E+00 0.116114E-01
 0.100556E+02 -.174942E-01 0.489854E-01 0.522135E-02 0.355582E-04 0.565237E+00 0.629704E+00 0.117423E-01
 0.101111E+02 -.170358E-01 0.482283E-01 0.505766E-02 0.333087E-04 0.565953E+00 0.628921E+00 0.118914E-01
 0.101667E+02 -.165932E-01 0.474861E-01 0.490009E-02 0.312227E-04 0.566548E+00 0.628179E+00 0.119555E-01
 0.102222E+02 -.161396E-01 0.467284E-01 0.474186E-02 0.291953E-04 0.567192E+00 0.627294E+00 0.121097E-01
 0.102778E+02 -.157171E-01 0.459999E-01 0.459299E-02 0.273639E-04 0.567621E+00 0.626384E+00 0.122237E-01
 0.103333E+02 -.152838E-01 0.453096E-01 0.445228E-02 0.256513E-04 0.568656E+00 0.625697E+00 0.124188E-01
 0.103889E+02 -.148627E-01 0.446330E-01 0.431758E-02 0.240886E-04 0.569267E+00 0.624834E+00 0.124861E-01
 0.104444E+02 -.144498E-01 0.439764E-01 0.418868E-02 0.226387E-04 0.569894E+00 0.623896E+00 0.126144E-01
 0.105000E+02 -.140764E-01 0.433386E-01 0.406592E-02 0.213019E-04 0.570482E+00 0.623187E+00 0.126772E-01
 0.105556E+02 -.137084E-01 0.427307E-01 0.395048E-02 0.200793E-04 0.571128E+00 0.622253E+00 0.129315E-01
 0.106111E+02 -.133419E-01 0.421619E-01 0.384327E-02 0.189739E-04 0.571813E+00 0.621610E+00 0.128805E-01
 0.106667E+02 -.129852E-01 0.415893E-01 0.373728E-02 0.179134E-04 0.572490E+00 0.620835E+00 0.129827E-01
 0.107222E+02 -.126776E-01 0.410497E-01 0.363938E-02 0.169679E-04 0.572978E+00 0.620085E+00 0.131432E-01
 0.107778E+02 -.123827E-01 0.405169E-01 0.354493E-02 0.160926E-04 0.573136E+00 0.619192E+00 0.132189E-01
 0.108333E+02 -.120527E-01 0.400047E-01 0.345342E-02 0.152463E-04 0.573869E+00 0.618530E+00 0.132676E-01
 0.108889E+02 -.117668E-01 0.395136E-01 0.336747E-02 0.144778E-04 0.574427E+00 0.617989E+00 0.132871E-01
 0.109444E+02 -.115194E-01 0.390358E-01 0.328612E-02 0.137828E-04 0.574549E+00 0.617239E+00 0.133646E-01
 0.110000E+02 -.112630E-01 0.386026E-01 0.321243E-02 0.131579E-04 0.574993E+00 0.616462E+00 0.135603E-01
 0.110556E+02 -.109923E-01 0.381514E-01 0.313614E-02 0.125251E-04 0.575508E+00 0.616079E+00 0.133885E-01
 0.111111E+02 -.107705E-01 0.377333E-01 0.306714E-02 0.119739E-04 0.575726E+00 0.615334E+00 0.135587E-01
 0.111667E+02 -.105436E-01 0.373232E-01 0.299969E-02 0.114431E-04 0.576095E+00 0.614941E+00 0.134636E-01
 0.112222E+02 -.103184E-01 0.369260E-01 0.293561E-02 0.109524E-04 0.576364E+00 0.614186E+00 0.135976E-01
 0.112778E+02 -.101502E-01 0.365177E-01 0.287097E-02 0.104728E-04 0.576469E+00 0.613704E+00 0.137425E-01
 0.113333E+02 -.995908E-02 0.361543E-01 0.281368E-02 0.100585E-04 0.576492E+00 0.613193E+00 0.136041E-01
 0.113889E+02 -.981931E-02 0.357664E-01 0.275425E-02 0.963995E-05 0.576408E+00 0.612505E+00 0.139266E-01
 0.114444E+02 -.966700E-02 0.353895E-01 0.269689E-02 0.924809E-05 0.576157E+00 0.611952E+00 0.138827E-01
 0.115000E+02 -.954207E-02 0.350231E-01 0.264213E-02 0.888336E-05 0.575822E+00 0.611204E+00 0.141178E-01
