 iconf, T, nbar, nbar2, nbar4, nbinder
   1 0.800000E+01 -.201134E-01 0.521768E-03 0.489246E-06 0.400966E+00
   1 0.805556E+01 -.204346E-01 0.534639E-03 0.507980E-06 0.407616E+00
   1 0.811111E+01 -.206954E-01 0.545625E-03 0.526420E-06 0.410583E+00
   1 0.816667E+01 -.209621E-01 0.557380E-03 0.546408E-06 0.413736E+00
   1 0.822222E+01 -.212825E-01 0.571191E-03 0.568578E-06 0.419094E+00
   1 0.827778E+01 -.215890E-01 0.584798E-03 0.592479E-06 0.422515E+00
   1 0.833333E+01 -.218137E-01 0.594560E-03 0.607296E-06 0.427352E+00
   1 0.838889E+01 -.221011E-01 0.607334E-03 0.629036E-06 0.431541E+00
   1 0.844444E+01 -.224047E-01 0.621186E-03 0.653452E-06 0.435519E+00
   1 0.850000E+01 -.225956E-01 0.629852E-03 0.668591E-06 0.438226E+00
   1 0.855556E+01 -.228445E-01 0.640858E-03 0.687691E-06 0.441854E+00
   1 0.861111E+01 -.229915E-01 0.648071E-03 0.700675E-06 0.443903E+00
   1 0.866667E+01 -.232064E-01 0.658015E-03 0.718999E-06 0.446478E+00
   1 0.872222E+01 -.234214E-01 0.668172E-03 0.737980E-06 0.449006E+00
   1 0.877778E+01 -.236113E-01 0.677196E-03 0.753892E-06 0.452027E+00
   1 0.883333E+01 -.237976E-01 0.686707E-03 0.773081E-06 0.453536E+00
   1 0.888889E+01 -.240343E-01 0.698012E-03 0.794322E-06 0.456563E+00
   1 0.894444E+01 -.241777E-01 0.704810E-03 0.806595E-06 0.458759E+00
   1 0.900000E+01 -.243885E-01 0.716086E-03 0.830968E-06 0.459827E+00
   1 0.905556E+01 -.244836E-01 0.720325E-03 0.837787E-06 0.461786E+00
   1 0.911111E+01 -.245838E-01 0.725103E-03 0.846701E-06 0.463204E+00
   1 0.916667E+01 -.246866E-01 0.730275E-03 0.856332E-06 0.464760E+00
   1 0.922222E+01 -.247619E-01 0.734121E-03 0.864824E-06 0.465102E+00
   1 0.927778E+01 -.249442E-01 0.742843E-03 0.880454E-06 0.468147E+00
   1 0.933333E+01 -.250441E-01 0.747673E-03 0.890184E-06 0.469195E+00
   1 0.938889E+01 -.252310E-01 0.756600E-03 0.906174E-06 0.472335E+00
   1 0.944444E+01 -.254063E-01 0.765433E-03 0.924627E-06 0.473945E+00
   1 0.950000E+01 -.256466E-01 0.777105E-03 0.946425E-06 0.477597E+00
   1 0.955556E+01 -.259478E-01 0.792534E-03 0.977244E-06 0.481384E+00
   1 0.961111E+01 -.262362E-01 0.806674E-03 0.100455E-05 0.485418E+00
   1 0.966667E+01 -.266180E-01 0.827204E-03 0.104905E-05 0.488964E+00
   1 0.972222E+01 -.269843E-01 0.846108E-03 0.108668E-05 0.494028E+00
   1 0.977778E+01 -.273747E-01 0.866254E-03 0.112781E-05 0.499014E+00
   1 0.983333E+01 -.277836E-01 0.888243E-03 0.117551E-05 0.503362E+00
   1 0.988889E+01 -.281216E-01 0.906623E-03 0.121492E-05 0.507311E+00
   1 0.994444E+01 -.284407E-01 0.924351E-03 0.125410E-05 0.510742E+00
   1 0.100000E+02 -.287262E-01 0.939567E-03 0.128650E-05 0.514227E+00
   1 0.100556E+02 -.290103E-01 0.955327E-03 0.132059E-05 0.517671E+00
   1 0.101111E+02 -.292191E-01 0.966937E-03 0.134662E-05 0.519905E+00
   1 0.101667E+02 -.294179E-01 0.977868E-03 0.137108E-05 0.522051E+00
   1 0.102222E+02 -.295861E-01 0.986751E-03 0.138926E-05 0.524393E+00
   1 0.102778E+02 -.297212E-01 0.994017E-03 0.140306E-05 0.526665E+00
   1 0.103333E+02 -.297781E-01 0.997295E-03 0.141083E-05 0.527170E+00
   1 0.103889E+02 -.298117E-01 0.998470E-03 0.141027E-05 0.528468E+00
   1 0.104444E+02 -.297713E-01 0.995718E-03 0.140272E-05 0.528396E+00
   1 0.105000E+02 -.297442E-01 0.993286E-03 0.139493E-05 0.528716E+00
   1 0.105556E+02 -.297023E-01 0.989947E-03 0.138358E-05 0.529391E+00
   1 0.106111E+02 -.295540E-01 0.980095E-03 0.135607E-05 0.529429E+00
   1 0.106667E+02 -.294211E-01 0.971957E-03 0.133512E-05 0.528909E+00
   1 0.107222E+02 -.292832E-01 0.963201E-03 0.131255E-05 0.528415E+00
   1 0.107778E+02 -.290708E-01 0.950433E-03 0.128117E-05 0.527238E+00
   1 0.108333E+02 -.288136E-01 0.935071E-03 0.124376E-05 0.525837E+00
   1 0.108889E+02 -.285489E-01 0.919096E-03 0.120541E-05 0.524345E+00
   1 0.109444E+02 -.282377E-01 0.900727E-03 0.116230E-05 0.522459E+00
   1 0.110000E+02 -.279567E-01 0.884290E-03 0.112437E-05 0.520707E+00
   1 0.110556E+02 -.275651E-01 0.861965E-03 0.107411E-05 0.518108E+00
   1 0.111111E+02 -.272285E-01 0.842628E-03 0.103067E-05 0.516132E+00
   1 0.111667E+02 -.268315E-01 0.820563E-03 0.982245E-06 0.513734E+00
   1 0.112222E+02 -.264194E-01 0.798100E-03 0.935926E-06 0.510215E+00
   1 0.112778E+02 -.260273E-01 0.776962E-03 0.893659E-06 0.506541E+00
   1 0.113333E+02 -.256018E-01 0.753854E-03 0.845168E-06 0.504267E+00
   1 0.113889E+02 -.251537E-01 0.730966E-03 0.802781E-06 0.499180E+00
   1 0.114444E+02 -.247487E-01 0.709682E-03 0.760692E-06 0.496546E+00
   1 0.115000E+02 -.242871E-01 0.686665E-03 0.718686E-06 0.491925E+00
   2 0.800000E+01 0.319408E+00 0.102134E+00 0.104770E-01 0.665205E+00
   2 0.805556E+01 0.317268E+00 0.100772E+00 0.102004E-01 0.665174E+00
   2 0.811111E+01 0.315053E+00 0.993714E-01 0.991969E-02 0.665147E+00
   2 0.816667E+01 0.312839E+00 0.979819E-01 0.964505E-02 0.665118E+00
   2 0.822222E+01 0.310601E+00 0.965874E-01 0.937330E-02 0.665088E+00
   2 0.827778E+01 0.308281E+00 0.951520E-01 0.909748E-02 0.665062E+00
   2 0.833333E+01 0.305977E+00 0.937367E-01 0.882958E-02 0.665035E+00
   2 0.838889E+01 0.303641E+00 0.923136E-01 0.856444E-02 0.664999E+00
   2 0.844444E+01 0.301257E+00 0.908720E-01 0.829984E-02 0.664966E+00
   2 0.850000E+01 0.298825E+00 0.894125E-01 0.803606E-02 0.664938E+00
   2 0.855556E+01 0.296409E+00 0.879741E-01 0.778025E-02 0.664910E+00
   2 0.861111E+01 0.293952E+00 0.865249E-01 0.752702E-02 0.664865E+00
   2 0.866667E+01 0.291470E+00 0.850719E-01 0.727712E-02 0.664830E+00
   2 0.872222E+01 0.288946E+00 0.836072E-01 0.702943E-02 0.664795E+00
   2 0.877778E+01 0.286387E+00 0.821352E-01 0.678491E-02 0.664753E+00
   2 0.883333E+01 0.283796E+00 0.806587E-01 0.654406E-02 0.664708E+00
   2 0.888889E+01 0.281189E+00 0.791857E-01 0.630779E-02 0.664678E+00
   2 0.894444E+01 0.278614E+00 0.777446E-01 0.608121E-02 0.664627E+00
   2 0.900000E+01 0.275937E+00 0.762604E-01 0.585192E-02 0.664588E+00
   2 0.905556E+01 0.273249E+00 0.747843E-01 0.562841E-02 0.664538E+00
   2 0.911111E+01 0.270584E+00 0.733349E-01 0.541293E-02 0.664502E+00
   2 0.916667E+01 0.267917E+00 0.718992E-01 0.520390E-02 0.664448E+00
   2 0.922222E+01 0.265241E+00 0.704731E-01 0.500032E-02 0.664394E+00
   2 0.927778E+01 0.262601E+00 0.690791E-01 0.480496E-02 0.664359E+00
   2 0.933333E+01 0.259949E+00 0.676934E-01 0.461487E-02 0.664304E+00
   2 0.938889E+01 0.257347E+00 0.663476E-01 0.443386E-02 0.664255E+00
   2 0.944444E+01 0.254720E+00 0.650023E-01 0.425649E-02 0.664207E+00
   2 0.950000E+01 0.252128E+00 0.636880E-01 0.408663E-02 0.664163E+00
   2 0.955556E+01 0.249465E+00 0.623526E-01 0.391771E-02 0.664106E+00
   2 0.961111E+01 0.246826E+00 0.610423E-01 0.375531E-02 0.664059E+00
   2 0.966667E+01 0.244214E+00 0.597598E-01 0.359974E-02 0.664006E+00
   2 0.972222E+01 0.241536E+00 0.584583E-01 0.344513E-02 0.663959E+00
   2 0.977778E+01 0.238859E+00 0.571721E-01 0.329571E-02 0.663907E+00
   2 0.983333E+01 0.236107E+00 0.558649E-01 0.314736E-02 0.663839E+00
   2 0.988889E+01 0.233411E+00 0.545989E-01 0.300678E-02 0.663788E+00
   2 0.994444E+01 0.230606E+00 0.532971E-01 0.286573E-02 0.663716E+00
   2 0.100000E+02 0.227774E+00 0.519985E-01 0.272821E-02 0.663662E+00
   2 0.100556E+02 0.224979E+00 0.507325E-01 0.259751E-02 0.663595E+00
   2 0.101111E+02 0.222125E+00 0.494561E-01 0.246897E-02 0.663523E+00
   2 0.101667E+02 0.219302E+00 0.482098E-01 0.234660E-02 0.663452E+00
   2 0.102222E+02 0.216377E+00 0.469348E-01 0.222455E-02 0.663387E+00
   2 0.102778E+02 0.213545E+00 0.457170E-01 0.211113E-02 0.663305E+00
   2 0.103333E+02 0.210656E+00 0.444908E-01 0.199983E-02 0.663232E+00
   2 0.103889E+02 0.207797E+00 0.432936E-01 0.189407E-02 0.663158E+00
   2 0.104444E+02 0.204942E+00 0.421151E-01 0.179281E-02 0.663072E+00
   2 0.105000E+02 0.202137E+00 0.409722E-01 0.169719E-02 0.662999E+00
   2 0.105556E+02 0.199245E+00 0.398106E-01 0.160267E-02 0.662926E+00
   2 0.106111E+02 0.196425E+00 0.386942E-01 0.151447E-02 0.662831E+00
   2 0.106667E+02 0.193576E+00 0.375832E-01 0.142923E-02 0.662719E+00
   2 0.107222E+02 0.190775E+00 0.365057E-01 0.134879E-02 0.662634E+00
   2 0.107778E+02 0.187971E+00 0.354426E-01 0.127170E-02 0.662548E+00
   2 0.108333E+02 0.185191E+00 0.344046E-01 0.119863E-02 0.662454E+00
   2 0.108889E+02 0.182430E+00 0.333892E-01 0.112931E-02 0.662340E+00
   2 0.109444E+02 0.179676E+00 0.323910E-01 0.106311E-02 0.662240E+00
   2 0.110000E+02 0.176974E+00 0.314270E-01 0.100109E-02 0.662134E+00
   2 0.110556E+02 0.174310E+00 0.304904E-01 0.942630E-03 0.662018E+00
   2 0.111111E+02 0.171623E+00 0.295600E-01 0.886243E-03 0.661918E+00
   2 0.111667E+02 0.168967E+00 0.286549E-01 0.833108E-03 0.661792E+00
   2 0.112222E+02 0.166400E+00 0.277931E-01 0.784037E-03 0.661670E+00
   2 0.112778E+02 0.163838E+00 0.269464E-01 0.737246E-03 0.661554E+00
   2 0.113333E+02 0.161338E+00 0.261331E-01 0.693703E-03 0.661412E+00
   2 0.113889E+02 0.158879E+00 0.253446E-01 0.652670E-03 0.661310E+00
   2 0.114444E+02 0.156515E+00 0.245982E-01 0.615001E-03 0.661196E+00
   2 0.115000E+02 0.154159E+00 0.238655E-01 0.579130E-03 0.661066E+00
