 iconf, T, strx, stry, absstr, D, best_en, final_en, absstrx_absstry, coex_angle
   1 0.800000E+01 0.296617E+00 0.286520E+00 0.412558E+00 0.588781E-02 -.398345E+01 -.389888E+01 0.849867E-01 0.998802E+00
   1 0.805556E+01 0.292429E+00 0.280693E+00 0.405516E+00 0.672605E-02 -.396375E+01 -.388925E+01 0.820828E-01 0.998324E+00
   1 0.811111E+01 0.288280E+00 0.274888E+00 0.398521E+00 0.754235E-02 -.391737E+01 -.384393E+01 0.792447E-01 0.997740E+00
   1 0.816667E+01 0.283983E+00 0.268967E+00 0.391347E+00 0.830344E-02 -.388301E+01 -.380690E+01 0.763820E-01 0.997054E+00
   1 0.822222E+01 0.279613E+00 0.262810E+00 0.383959E+00 0.911461E-02 -.384820E+01 -.378827E+01 0.734850E-01 0.996169E+00
   1 0.827778E+01 0.275205E+00 0.256493E+00 0.376442E+00 0.994912E-02 -.381306E+01 -.374955E+01 0.705880E-01 0.995058E+00
   1 0.833333E+01 0.270739E+00 0.250391E+00 0.369029E+00 0.106042E-01 -.377805E+01 -.372869E+01 0.677908E-01 0.993920E+00
   1 0.838889E+01 0.266222E+00 0.244347E+00 0.361619E+00 0.111683E-01 -.375075E+01 -.370243E+01 0.650505E-01 0.992685E+00
   1 0.844444E+01 0.261766E+00 0.238136E+00 0.354148E+00 0.118126E-01 -.371576E+01 -.363546E+01 0.623360E-01 0.991102E+00
   1 0.850000E+01 0.257015E+00 0.232210E+00 0.346651E+00 0.121353E-01 -.367786E+01 -.359478E+01 0.596813E-01 0.989769E+00
   1 0.855556E+01 0.252166E+00 0.226143E+00 0.339007E+00 0.124470E-01 -.364613E+01 -.356527E+01 0.570256E-01 0.988230E+00
   1 0.861111E+01 0.247190E+00 0.220130E+00 0.331296E+00 0.126457E-01 -.360576E+01 -.352894E+01 0.544138E-01 0.986678E+00
   1 0.866667E+01 0.242063E+00 0.214049E+00 0.323444E+00 0.127776E-01 -.357425E+01 -.349422E+01 0.518135E-01 0.985024E+00
   1 0.872222E+01 0.236816E+00 0.208026E+00 0.315569E+00 0.128072E-01 -.354521E+01 -.346258E+01 0.492640E-01 0.983385E+00
   1 0.877778E+01 0.231475E+00 0.201708E+00 0.307453E+00 0.128946E-01 -.350914E+01 -.340445E+01 0.466903E-01 0.981289E+00
   1 0.883333E+01 0.225825E+00 0.195455E+00 0.299184E+00 0.127945E-01 -.347552E+01 -.341415E+01 0.441386E-01 0.979426E+00
   1 0.888889E+01 0.219970E+00 0.189181E+00 0.290793E+00 0.125975E-01 -.344040E+01 -.336211E+01 0.416143E-01 0.977603E+00
   1 0.894444E+01 0.213719E+00 0.182634E+00 0.281997E+00 0.123208E-01 -.339766E+01 -.331723E+01 0.390324E-01 0.975696E+00
   1 0.900000E+01 0.207100E+00 0.176086E+00 0.273013E+00 0.118842E-01 -.335926E+01 -.327153E+01 0.364674E-01 0.974136E+00
   1 0.905556E+01 0.199326E+00 0.170194E+00 0.263768E+00 0.107648E-01 -.332889E+01 -.325299E+01 0.339240E-01 0.975445E+00
   1 0.911111E+01 0.190800E+00 0.163853E+00 0.253865E+00 0.955689E-02 -.330096E+01 -.320684E+01 0.312631E-01 0.977171E+00
   1 0.916667E+01 0.181992E+00 0.157644E+00 0.243832E+00 0.826945E-02 -.326211E+01 -.317641E+01 0.286898E-01 0.979653E+00
   1 0.922222E+01 0.172636E+00 0.151558E+00 0.233563E+00 0.683345E-02 -.322600E+01 -.315228E+01 0.261644E-01 0.983233E+00
   1 0.927778E+01 0.163581E+00 0.145760E+00 0.223663E+00 0.551274E-02 -.320086E+01 -.311444E+01 0.238437E-01 0.986812E+00
   1 0.933333E+01 0.154711E+00 0.139722E+00 0.213678E+00 0.441334E-02 -.316214E+01 -.306390E+01 0.216165E-01 0.989687E+00
   1 0.938889E+01 0.146276E+00 0.133529E+00 0.203759E+00 0.356674E-02 -.312798E+01 -.303513E+01 0.195321E-01 0.991732E+00
   1 0.944444E+01 0.138983E+00 0.126898E+00 0.194033E+00 0.321326E-02 -.309474E+01 -.298106E+01 0.176366E-01 0.991770E+00
   1 0.950000E+01 0.132566E+00 0.119805E+00 0.184664E+00 0.322033E-02 -.305562E+01 -.294855E+01 0.158821E-01 0.989826E+00
   1 0.955556E+01 0.126670E+00 0.111966E+00 0.175014E+00 0.350892E-02 -.301930E+01 -.292833E+01 0.141828E-01 0.984928E+00
   1 0.961111E+01 0.120161E+00 0.103418E+00 0.164582E+00 0.374342E-02 -.298783E+01 -.289009E+01 0.124269E-01 0.977818E+00
   1 0.966667E+01 0.114142E+00 0.941199E-01 0.154005E+00 0.416989E-02 -.296204E+01 -.287102E+01 0.107431E-01 0.963702E+00
   1 0.972222E+01 0.108280E+00 0.854818E-01 0.143920E+00 0.441750E-02 -.292259E+01 -.285309E+01 0.925601E-02 0.946124E+00
   1 0.977778E+01 0.102371E+00 0.767269E-01 0.133711E+00 0.459273E-02 -.289111E+01 -.279004E+01 0.785459E-02 0.921256E+00
   1 0.983333E+01 0.966411E-01 0.684414E-01 0.123877E+00 0.465528E-02 -.285671E+01 -.277589E+01 0.661425E-02 0.889804E+00
   1 0.988889E+01 0.907319E-01 0.611811E-01 0.114628E+00 0.448916E-02 -.283948E+01 -.273929E+01 0.555108E-02 0.859476E+00
   1 0.994444E+01 0.858315E-01 0.548300E-01 0.106729E+00 0.436071E-02 -.279422E+01 -.269903E+01 0.470614E-02 0.823285E+00
   1 0.100000E+02 0.813347E-01 0.491097E-01 0.995503E-01 0.420356E-02 -.276906E+01 -.267706E+01 0.399432E-02 0.783160E+00
   1 0.100556E+02 0.770189E-01 0.447185E-01 0.932901E-01 0.393217E-02 -.272974E+01 -.267759E+01 0.344417E-02 0.754225E+00
   1 0.101111E+02 0.731107E-01 0.407796E-01 0.876492E-01 0.368219E-02 -.270016E+01 -.260711E+01 0.298142E-02 0.723938E+00
   1 0.101667E+02 0.694645E-01 0.373019E-01 0.825032E-01 0.343388E-02 -.267326E+01 -.257796E+01 0.259115E-02 0.694898E+00
   1 0.102222E+02 0.662834E-01 0.343913E-01 0.780997E-01 0.321073E-02 -.263997E+01 -.257264E+01 0.227957E-02 0.668470E+00
   1 0.102778E+02 0.633930E-01 0.318951E-01 0.742060E-01 0.300137E-02 -.260627E+01 -.254107E+01 0.202192E-02 0.644799E+00
   1 0.103333E+02 0.606284E-01 0.295596E-01 0.705458E-01 0.280203E-02 -.257574E+01 -.247413E+01 0.179215E-02 0.620681E+00
   1 0.103889E+02 0.579706E-01 0.276219E-01 0.671359E-01 0.259762E-02 -.255490E+01 -.247553E+01 0.160126E-02 0.603169E+00
   1 0.104444E+02 0.554533E-01 0.260056E-01 0.640531E-01 0.239878E-02 -.251829E+01 -.245677E+01 0.144209E-02 0.591113E+00
   1 0.105000E+02 0.531687E-01 0.243819E-01 0.611487E-01 0.223243E-02 -.249352E+01 -.241982E+01 0.129635E-02 0.574254E+00
   1 0.105556E+02 0.508724E-01 0.230725E-01 0.584229E-01 0.205566E-02 -.245974E+01 -.237609E+01 0.117375E-02 0.565991E+00
   1 0.106111E+02 0.485749E-01 0.219713E-01 0.557859E-01 0.187678E-02 -.243639E+01 -.235498E+01 0.106725E-02 0.563986E+00
   1 0.106667E+02 0.462145E-01 0.208086E-01 0.530843E-01 0.170279E-02 -.241483E+01 -.230458E+01 0.961658E-03 0.560593E+00
   1 0.107222E+02 0.442303E-01 0.198553E-01 0.508185E-01 0.156208E-02 -.238632E+01 -.230152E+01 0.878205E-03 0.558359E+00
   1 0.107778E+02 0.420431E-01 0.189555E-01 0.484098E-01 0.140831E-02 -.235832E+01 -.224163E+01 0.796949E-03 0.561583E+00
   1 0.108333E+02 0.398751E-01 0.180749E-01 0.460000E-01 0.126332E-02 -.233624E+01 -.224112E+01 0.720736E-03 0.565581E+00
   1 0.108889E+02 0.378267E-01 0.173134E-01 0.437717E-01 0.113110E-02 -.231817E+01 -.222882E+01 0.654909E-03 0.572826E+00
   1 0.109444E+02 0.357077E-01 0.165365E-01 0.415021E-01 0.100158E-02 -.227914E+01 -.214134E+01 0.590478E-03 0.581634E+00
   1 0.110000E+02 0.337145E-01 0.158121E-01 0.393517E-01 0.886645E-03 -.225214E+01 -.217745E+01 0.533099E-03 0.591173E+00
   1 0.110556E+02 0.317111E-01 0.151821E-01 0.372646E-01 0.775098E-03 -.223452E+01 -.214556E+01 0.481441E-03 0.606800E+00
   1 0.111111E+02 0.297931E-01 0.145651E-01 0.352432E-01 0.675485E-03 -.220531E+01 -.212242E+01 0.433941E-03 0.622752E+00
   1 0.111667E+02 0.279319E-01 0.139640E-01 0.332804E-01 0.585196E-03 -.218368E+01 -.210059E+01 0.390041E-03 0.639894E+00
   1 0.112222E+02 0.261691E-01 0.134483E-01 0.314535E-01 0.503964E-03 -.215984E+01 -.205604E+01 0.351930E-03 0.661088E+00
   1 0.112778E+02 0.244331E-01 0.128973E-01 0.296335E-01 0.430636E-03 -.214485E+01 -.206304E+01 0.315122E-03 0.681719E+00
   1 0.113333E+02 0.228278E-01 0.123979E-01 0.279497E-01 0.367403E-03 -.211213E+01 -.203953E+01 0.283016E-03 0.703576E+00
   1 0.113889E+02 0.213919E-01 0.118914E-01 0.263999E-01 0.316209E-03 -.209685E+01 -.203354E+01 0.254379E-03 0.721344E+00
   1 0.114444E+02 0.199342E-01 0.114505E-01 0.248707E-01 0.266259E-03 -.206748E+01 -.197218E+01 0.228257E-03 0.746172E+00
   1 0.115000E+02 0.185955E-01 0.110550E-01 0.234843E-01 0.223580E-03 -.204537E+01 -.195165E+01 0.205573E-03 0.771774E+00
   2 0.800000E+01 0.253379E+00 0.361110E+00 0.441188E+00 -.661997E-01 -.414824E+01 -.409757E+01 0.914976E-01 0.884277E+00
   2 0.805556E+01 0.249458E+00 0.357253E+00 0.435783E+00 -.654006E-01 -.411582E+01 -.404792E+01 0.891195E-01 0.881340E+00
   2 0.811111E+01 0.245489E+00 0.353338E+00 0.430306E+00 -.645829E-01 -.407480E+01 -.398581E+01 0.867406E-01 0.878280E+00
   2 0.816667E+01 0.241647E+00 0.349356E+00 0.424848E+00 -.636565E-01 -.404125E+01 -.398617E+01 0.844207E-01 0.875546E+00
   2 0.822222E+01 0.237604E+00 0.345315E+00 0.419232E+00 -.627872E-01 -.401401E+01 -.394394E+01 0.820481E-01 0.872295E+00
   2 0.827778E+01 0.233546E+00 0.341200E+00 0.413547E+00 -.618735E-01 -.397745E+01 -.389569E+01 0.796860E-01 0.869017E+00
   2 0.833333E+01 0.229411E+00 0.337045E+00 0.407789E+00 -.609700E-01 -.394411E+01 -.391471E+01 0.773218E-01 0.865470E+00
   2 0.838889E+01 0.225369E+00 0.332803E+00 0.402013E+00 -.599669E-01 -.391521E+01 -.383792E+01 0.750035E-01 0.862211E+00
   2 0.844444E+01 0.221195E+00 0.328513E+00 0.396128E+00 -.589936E-01 -.387306E+01 -.378753E+01 0.726655E-01 0.858534E+00
   2 0.850000E+01 0.216943E+00 0.324160E+00 0.390149E+00 -.580152E-01 -.384653E+01 -.380304E+01 0.703242E-01 0.854597E+00
   2 0.855556E+01 0.212673E+00 0.319711E+00 0.384085E+00 -.569855E-01 -.381041E+01 -.370746E+01 0.679939E-01 0.850628E+00
   2 0.861111E+01 0.208342E+00 0.315238E+00 0.377971E+00 -.559685E-01 -.378446E+01 -.368463E+01 0.656774E-01 0.846346E+00
   2 0.866667E+01 0.203893E+00 0.310696E+00 0.371737E+00 -.549599E-01 -.374683E+01 -.366032E+01 0.633488E-01 0.841629E+00
   2 0.872222E+01 0.199386E+00 0.306042E+00 0.365384E+00 -.539069E-01 -.370729E+01 -.362149E+01 0.610204E-01 0.836744E+00
   2 0.877778E+01 0.194905E+00 0.301331E+00 0.359003E+00 -.528127E-01 -.367142E+01 -.359299E+01 0.587308E-01 0.831840E+00
   2 0.883333E+01 0.190362E+00 0.296499E+00 0.352491E+00 -.516739E-01 -.363978E+01 -.357347E+01 0.564423E-01 0.826758E+00
   2 0.888889E+01 0.185785E+00 0.291531E+00 0.345854E+00 -.504739E-01 -.360542E+01 -.353761E+01 0.541621E-01 0.821618E+00
   2 0.894444E+01 0.181072E+00 0.286599E+00 0.339184E+00 -.493523E-01 -.357151E+01 -.349658E+01 0.518950E-01 0.815593E+00
   2 0.900000E+01 0.176388E+00 0.281480E+00 0.332382E+00 -.481186E-01 -.354389E+01 -.345729E+01 0.496497E-01 0.809835E+00
   2 0.905556E+01 0.171292E+00 0.276278E+00 0.325316E+00 -.469886E-01 -.349967E+01 -.342909E+01 0.473241E-01 0.802267E+00
   2 0.911111E+01 0.165867E+00 0.270943E+00 0.317992E+00 -.458984E-01 -.347587E+01 -.335909E+01 0.449407E-01 0.793167E+00
   2 0.916667E+01 0.159994E+00 0.265496E+00 0.310393E+00 -.448899E-01 -.343631E+01 -.335399E+01 0.424776E-01 0.781738E+00
   2 0.922222E+01 0.153909E+00 0.260122E+00 0.302783E+00 -.439754E-01 -.340664E+01 -.333139E+01 0.400351E-01 0.768266E+00
   2 0.927778E+01 0.147429E+00 0.254574E+00 0.294886E+00 -.430724E-01 -.336397E+01 -.328415E+01 0.375316E-01 0.752297E+00
   2 0.933333E+01 0.139846E+00 0.248974E+00 0.286493E+00 -.424312E-01 -.332927E+01 -.329990E+01 0.348179E-01 0.729244E+00
   2 0.938889E+01 0.132025E+00 0.243446E+00 0.278134E+00 -.418353E-01 -.329191E+01 -.319634E+01 0.321410E-01 0.702468E+00
   2 0.944444E+01 0.122889E+00 0.237787E+00 0.269214E+00 -.414408E-01 -.325603E+01 -.316344E+01 0.292214E-01 0.665425E+00
   2 0.950000E+01 0.113677E+00 0.232143E+00 0.260380E+00 -.409678E-01 -.323174E+01 -.311368E+01 0.263894E-01 0.624020E+00
   2 0.955556E+01 0.104387E+00 0.226420E+00 0.251515E+00 -.403696E-01 -.318797E+01 -.310350E+01 0.236353E-01 0.578258E+00
   2 0.961111E+01 0.950570E-01 0.220602E+00 0.242633E+00 -.396295E-01 -.315718E+01 -.307671E+01 0.209698E-01 0.528297E+00
   2 0.966667E+01 0.856812E-01 0.214783E+00 0.233834E+00 -.387906E-01 -.312645E+01 -.303577E+01 0.184029E-01 0.473763E+00
   2 0.972222E+01 0.769893E-01 0.209100E+00 0.225483E+00 -.377955E-01 -.308794E+01 -.302552E+01 0.160985E-01 0.420520E+00
   2 0.977778E+01 0.695462E-01 0.203280E+00 0.217449E+00 -.364860E-01 -.305596E+01 -.297898E+01 0.141373E-01 0.375211E+00
   2 0.983333E+01 0.633071E-01 0.197438E+00 0.209838E+00 -.349740E-01 -.302196E+01 -.292620E+01 0.124992E-01 0.338143E+00
   2 0.988889E+01 0.570019E-01 0.191481E+00 0.202176E+00 -.334157E-01 -.299209E+01 -.287912E+01 0.109148E-01 0.299113E+00
   2 0.994444E+01 0.523104E-01 0.185166E+00 0.194723E+00 -.315500E-01 -.295987E+01 -.283236E+01 0.968611E-02 0.273792E+00
   2 0.100000E+02 0.482694E-01 0.178247E+00 0.186903E+00 -.294420E-01 -.291233E+01 -.283645E+01 0.860386E-02 0.254619E+00
   2 0.100556E+02 0.449839E-01 0.170843E+00 0.178913E+00 -.271638E-01 -.288663E+01 -.280673E+01 0.768520E-02 0.242525E+00
   2 0.101111E+02 0.420010E-01 0.162667E+00 0.170293E+00 -.246965E-01 -.285457E+01 -.277932E+01 0.683217E-02 0.234380E+00
   2 0.101667E+02 0.395736E-01 0.153641E+00 0.161066E+00 -.220395E-01 -.283045E+01 -.273421E+01 0.608014E-02 0.233379E+00
   2 0.102222E+02 0.373551E-01 0.143714E+00 0.151069E+00 -.192584E-01 -.278978E+01 -.274677E+01 0.536845E-02 0.237123E+00
   2 0.102778E+02 0.354290E-01 0.133661E+00 0.141050E+00 -.166100E-01 -.276929E+01 -.264041E+01 0.473547E-02 0.245353E+00
   2 0.103333E+02 0.337250E-01 0.123010E+00 0.130562E+00 -.139940E-01 -.272323E+01 -.262410E+01 0.414850E-02 0.260096E+00
   2 0.103889E+02 0.323883E-01 0.112559E+00 0.120367E+00 -.116205E-01 -.269798E+01 -.260711E+01 0.364560E-02 0.282477E+00
   2 0.104444E+02 0.309553E-01 0.102609E+00 0.110622E+00 -.957028E-02 -.266545E+01 -.258712E+01 0.317628E-02 0.305847E+00
   2 0.105000E+02 0.297388E-01 0.925795E-01 0.100878E+00 -.768657E-02 -.263157E+01 -.254216E+01 0.275320E-02 0.339140E+00
   2 0.105556E+02 0.283473E-01 0.837573E-01 0.921369E-01 -.621172E-02 -.260364E+01 -.250334E+01 0.237430E-02 0.368844E+00
   2 0.106111E+02 0.271704E-01 0.753254E-01 0.838613E-01 -.493568E-02 -.257615E+01 -.246554E+01 0.204662E-02 0.407502E+00
   2 0.106667E+02 0.259142E-01 0.678385E-01 0.763774E-01 -.393051E-02 -.254861E+01 -.248232E+01 0.175798E-02 0.444501E+00
   2 0.107222E+02 0.248691E-01 0.613228E-01 0.699080E-01 -.314201E-02 -.251816E+01 -.240066E+01 0.152504E-02 0.485156E+00
   2 0.107778E+02 0.238213E-01 0.553985E-01 0.640100E-01 -.250154E-02 -.249374E+01 -.238671E+01 0.131966E-02 0.526784E+00
   2 0.108333E+02 0.229762E-01 0.502535E-01 0.589212E-01 -.199751E-02 -.245706E+01 -.237792E+01 0.115463E-02 0.572010E+00
   2 0.108889E+02 0.222077E-01 0.459374E-01 0.546133E-01 -.161706E-02 -.243755E+01 -.233878E+01 0.102017E-02 0.614201E+00
   2 0.109444E+02 0.214327E-01 0.420097E-01 0.506404E-01 -.130545E-02 -.239612E+01 -.232149E+01 0.900381E-03 0.655504E+00
   2 0.110000E+02 0.206583E-01 0.387000E-01 0.472292E-01 -.107092E-02 -.237227E+01 -.226639E+01 0.799476E-03 0.690328E+00
   2 0.110556E+02 0.199449E-01 0.357040E-01 0.441447E-01 -.876979E-03 -.234672E+01 -.224628E+01 0.712111E-03 0.725079E+00
   2 0.111111E+02 0.192751E-01 0.330021E-01 0.413611E-01 -.717608E-03 -.232075E+01 -.222923E+01 0.636120E-03 0.758637E+00
   2 0.111667E+02 0.186113E-01 0.305811E-01 0.388199E-01 -.588820E-03 -.229322E+01 -.221269E+01 0.569154E-03 0.788908E+00
   2 0.112222E+02 0.179327E-01 0.283003E-01 0.364226E-01 -.479325E-03 -.226484E+01 -.218302E+01 0.507502E-03 0.817655E+00
   2 0.112778E+02 0.172151E-01 0.264009E-01 0.343065E-01 -.400648E-03 -.224306E+01 -.212352E+01 0.454494E-03 0.837330E+00
   2 0.113333E+02 0.165409E-01 0.248459E-01 0.325254E-01 -.343720E-03 -.223171E+01 -.208706E+01 0.410973E-03 0.851156E+00
   2 0.113889E+02 0.159384E-01 0.232860E-01 0.307912E-01 -.288206E-03 -.218878E+01 -.215266E+01 0.371140E-03 0.868995E+00
   2 0.114444E+02 0.152972E-01 0.218924E-01 0.291817E-01 -.245271E-03 -.217235E+01 -.207732E+01 0.334892E-03 0.881757E+00
   2 0.115000E+02 0.147401E-01 0.205293E-01 0.276444E-01 -.204181E-03 -.214390E+01 -.206179E+01 0.302604E-03 0.897811E+00
