 program J1J2_6          
 linear system size                56
 J1                         1.0000000000000000     
 deltaJ1                    0.0000000000000000     
 J2                        -1.0000000000000000     
 J3                         1.0000000000000000     
 phi, xi                        2.0000000000000000        3.0000000000000000     
 impurity conc.             0.0000000000000000     
 impurity mode           RAN
 start                   HOT
 stripe axis             X
 sampler mode            PT   
 update order            SEQ
 temperature protocol    INDEP
 PT start mode           COMMON
 PT ladder mode          LINEAR
 PT replicas                       64
 PT swap every                      5
 PT measure index                   1
 disorder configurations            2
 equilibration steps          1000000
 measurement steps             500000
 RNG seed                        9047
 energy definition       exchange + phi
 -------------------------
 disorder configurations processed            2
    T      [<energy>]      std.en/sqrt(iconf)      [<spec.heat>]      std.spec.heat/sqrt(iconf)   
   8.0000000000000000E+00  -3.8972090271328206E+00   2.0884501923211949E-03   6.0617621545802081E-01   3.0141663763464496E-03
   8.0555555555555554E+00  -3.8634851409611812E+00   1.9473603310326524E-03   6.0759619875019699E-01   2.8918066848476198E-03
   8.1111111111111107E+00  -3.8296239857539640E+00   1.7974036638124407E-03   6.1186635707147730E-01   2.2402174946566026E-03
   8.1666666666666661E+00  -3.7956388280866191E+00   1.6543677631018475E-03   6.1170435202698825E-01   1.7693490218057880E-03
   8.2222222222222214E+00  -3.7615457397408054E+00   1.5588482669360634E-03   6.1447429281086663E-01   1.0672834625656911E-03
   8.2777777777777786E+00  -3.7273898540263630E+00   1.4839599517569321E-03   6.1623663619846547E-01   1.3584967876818094E-03
   8.3333333333333339E+00  -3.6931033032144711E+00   1.3921022659392258E-03   6.1766462870441829E-01   4.8467294395939886E-05
   8.3888888888888893E+00  -3.6587120350863405E+00   1.3784320343926664E-03   6.2222710705291662E-01   3.9908796941770142E-05
   8.4444444444444446E+00  -3.6242620294305574E+00   1.3470315068627528E-03   6.2035700243350300E-01   6.1148852923482674E-05
   8.5000000000000000E+00  -3.5897578520903277E+00   1.3342914885444588E-03   6.2279304001455360E-01   2.1535170736515079E-04
   8.5555555555555554E+00  -3.5551675992461815E+00   1.3616330876379029E-03   6.2154383288459059E-01   1.0985091701085758E-03
   8.6111111111111107E+00  -3.5206120114456958E+00   1.3903352395753356E-03   6.2245614306582064E-01   1.7070752828029659E-03
   8.6666666666666661E+00  -3.4859386203467917E+00   1.3595934148356676E-03   6.2335940924786037E-01   1.3413737547493271E-04
   8.7222222222222214E+00  -3.4513607508729520E+00   1.3380648046459730E-03   6.2316640837574533E-01   8.8460412251392640E-04
   8.7777777777777786E+00  -3.4167372755804957E+00   1.2854176152598048E-03   6.2280653224218008E-01   1.0890922246927601E-03
   8.8333333333333339E+00  -3.3820719428255117E+00   1.3253013856770639E-03   6.2316563668732483E-01   6.9843828637040472E-04
   8.8888888888888893E+00  -3.3474254631934368E+00   1.2600463486314572E-03   6.2312421052207068E-01   2.0540687672801062E-03
   8.9444444444444446E+00  -3.3127487009314525E+00   1.1985853011979265E-03   6.2366946544549040E-01   1.8924977996433688E-03
   9.0000000000000000E+00  -3.2780741818891155E+00   1.1160425854419712E-03   6.2400382665359366E-01   1.8829622006510910E-03
   9.0555555555555554E+00  -3.2434146028975053E+00   1.0519671839540345E-03   6.2328944217826232E-01   9.5136693736648200E-04
   9.1111111111111107E+00  -3.2088082160031535E+00   9.5272792250611674E-04   6.2280484172346151E-01   1.4901768494594903E-03
   9.1666666666666661E+00  -3.1742098919949187E+00   8.8461795538634738E-04   6.2300599924827060E-01   1.9868807409825786E-03
   9.2222222222222214E+00  -3.1396633252995478E+00   7.7150698864508923E-04   6.2268247035816326E-01   3.0739000263323006E-03
   9.2777777777777786E+00  -3.1051378818429258E+00   6.5190989543037253E-04   6.2040512669719017E-01   1.8426467389172372E-03
   9.3333333333333339E+00  -3.0706743146799695E+00   5.4334424515041437E-04   6.1905447415949755E-01   3.1177877484669355E-03
   9.3888888888888893E+00  -3.0362903567878172E+00   4.5542501816752046E-04   6.1763933135488536E-01   2.4115538416989366E-03
   9.4444444444444446E+00  -3.0020366180955644E+00   3.4736389338820418E-04   6.1541290161081674E-01   2.2320607355345674E-03
   9.5000000000000000E+00  -2.9679739601073973E+00   2.8897207001918188E-04   6.1508637973614655E-01   2.0905509723736630E-03
   9.5555555555555554E+00  -2.9339740429414523E+00   1.7780614518173022E-04   6.0955447967901766E-01   1.0859410163818692E-03
   9.6111111111111107E+00  -2.9002136157272700E+00   1.1482908296684120E-04   6.0608061777427591E-01   1.1123375756313864E-03
   9.6666666666666661E+00  -2.8666400879385878E+00   1.3780956084117650E-05   6.0140983340689513E-01   1.8954749033274962E-03
   9.7222222222222214E+00  -2.8333957448237403E+00   1.0660107420139178E-04   5.9652780756321166E-01   5.4123134783690726E-04
   9.7777777777777786E+00  -2.8003186123486445E+00   1.4789785255864534E-04   5.9231435317470271E-01   2.1047108038837412E-04
   9.8333333333333339E+00  -2.7674994750420887E+00   1.8513083927724973E-04   5.8898722601940801E-01   3.6035320452681378E-04
   9.8888888888888893E+00  -2.7349194592590900E+00   2.2857119106220084E-04   5.8393573350954731E-01   8.8825287688538979E-04
   9.9444444444444446E+00  -2.7025214543523557E+00   2.1809412318563262E-04   5.8054962115868580E-01   8.7941553947850748E-04
   1.0000000000000000E+01  -2.6704058270843452E+00   1.9872468800934443E-04   5.7506828034553803E-01   1.2805133228426648E-03
   1.0055555555555555E+01  -2.6385943877323315E+00   1.2627414740647565E-04   5.7113221577990725E-01   2.1014826059542403E-03
   1.0111111111111111E+01  -2.6069812030385418E+00   3.3250164068738462E-05   5.6667377933254870E-01   1.5970914957774789E-03
   1.0166666666666666E+01  -2.5757276035927967E+00   1.8649017731004136E-04   5.6003783459447121E-01   2.0689446034444061E-03
   1.0222222222222221E+01  -2.5447818646305147E+00   3.4713757462326577E-04   5.5323113539000579E-01   3.1495192511834728E-03
   1.0277777777777779E+01  -2.5142829553044841E+00   6.0632627326137655E-04   5.4707720137376437E-01   3.1704939909072980E-03
   1.0333333333333334E+01  -2.4840873789991322E+00   8.2340273165407412E-04   5.4032657376953142E-01   5.1759029102201393E-03
   1.0388888888888889E+01  -2.4542502927793959E+00   1.0367025944808058E-03   5.3250048759161406E-01   3.5835981257119442E-03
   1.0444444444444445E+01  -2.4248587952440119E+00   1.2790327297166181E-03   5.2592796514090134E-01   3.9962690255768108E-03
   1.0500000000000000E+01  -2.3958560623137157E+00   1.5251072754103401E-03   5.1879806669937045E-01   4.1241987860991570E-03
   1.0555555555555555E+01  -2.3672612770408121E+00   1.7340194059243866E-03   5.1139349575432635E-01   4.6357589344900611E-03
   1.0611111111111111E+01  -2.3390804888775847E+00   1.9963759692604617E-03   5.0364758213402328E-01   4.6036937010076641E-03
   1.0666666666666666E+01  -2.3112192101431592E+00   2.2805097235966795E-03   4.9684155080129488E-01   4.5970940871230765E-03
   1.0722222222222221E+01  -2.2838267451958369E+00   2.5094470032359911E-03   4.8892260228208578E-01   5.0098412777412702E-03
   1.0777777777777779E+01  -2.2568847427886674E+00   2.7934014650950988E-03   4.8061481022831265E-01   6.2371823573147559E-03
   1.0833333333333334E+01  -2.2303372121147369E+00   3.0600397607159183E-03   4.7422359574479733E-01   5.1037449782296036E-03
   1.0888888888888889E+01  -2.2042380084732787E+00   3.3680272705171065E-03   4.6720853204306767E-01   4.2802266511030810E-03
   1.0944444444444445E+01  -2.1785728178332850E+00   3.6266753883280995E-03   4.5943416249463509E-01   4.0005877196254416E-03
   1.1000000000000000E+01  -2.1533502380594971E+00   3.9002696274624570E-03   4.5043397006445562E-01   5.0415656563248942E-03
   1.1055555555555555E+01  -2.1285076685399891E+00   4.1335487743621733E-03   4.4237273232903784E-01   4.3580358010859958E-03
   1.1111111111111111E+01  -2.1041601084503192E+00   4.4285218572068423E-03   4.3399605506226335E-01   3.9831426576643087E-03
   1.1166666666666666E+01  -2.0802472076351144E+00   4.7000797098267159E-03   4.2608913938319293E-01   4.3847388507304453E-03
   1.1222222222222221E+01  -2.0567581346035029E+00   4.9491319348454492E-03   4.1868629188725121E-01   3.9694682442965061E-03
   1.1277777777777779E+01  -2.0337576043855634E+00   5.1726225994960899E-03   4.1078603054541640E-01   4.6587641768137955E-03
   1.1333333333333334E+01  -2.0111821116876976E+00   5.4603521871047613E-03   4.0203178222367314E-01   4.2937468295565669E-03
   1.1388888888888889E+01  -1.9890099304803677E+00   5.6561833298674306E-03   3.9278105745152214E-01   3.9008104123319418E-03
   1.1444444444444445E+01  -1.9673180232274481E+00   5.8987838479488625E-03   3.8649467525990655E-01   3.1478112293628802E-03
   1.1500000000000000E+01  -1.9460968926465809E+00   6.0679055837816543E-03   3.7922521124412462E-01   3.7321285124877813E-03
